! Solving for graph /home/truongxuanhieu/CPLEX-MIP-for-MinSpanLabeling/benchmarks/abp/J-nos4.mtx.rnd
! Target value is set to 26
! Lower bound is set to 27
! Upper bound is set to 75
! Time limit is set to 1800
! Vertices mode is set to No hole
! Target value mode is set to Antibandwidth
Version identifier: 22.2.0.0 | 2026-05-04 | 5dff98e58
CPXPARAM_TimeLimit                               1800
Tried aggregator 2 times.
MIP Presolve eliminated 249 rows and 237 columns.
MIP Presolve modified 14953 coefficients.
Aggregator did 794 substitutions.
Reduced MIP has 1564 rows, 8752 columns, and 25954 nonzeros.
Reduced MIP has 7810 binaries, 348 generals, 0 SOSs, and 594 indicators.
Presolve time = 0.03 sec. (31.95 ticks)
Probing time = 0.05 sec. (21.49 ticks)
Tried aggregator 2 times.
Detecting symmetries...
Aggregator did 7 substitutions.
Reduced MIP has 1557 rows, 8745 columns, and 25947 nonzeros.
Reduced MIP has 7810 binaries, 441 generals, 0 SOSs, and 594 indicators.
Presolve time = 0.02 sec. (22.57 ticks)
Probing time = 0.02 sec. (4.68 ticks)
Clique table members: 2391.
MIP emphasis: balance optimality and feasibility.
MIP search method: dynamic search.
Parallel mode: deterministic, using up to 8 threads.
Root relaxation solution time = 0.03 sec. (24.66 ticks)

        Nodes                                         Cuts/
   Node  Left     Objective  IInf  Best Integer    Best Bound    ItCnt     Gap

      0     0       27.0000   221                     27.0000      524         
      0     0       27.0000   507                   Cuts: 489      931         
      0     0       27.0000   421                   Cuts: 489     1253         
      0     0       27.0000   463                   Cuts: 489     1826         
Detecting symmetries...
      0     2       27.0000   295                     27.0000     1826         
Elapsed time = 2.06 sec. (1214.57 ticks, tree = 0.02 MB, solutions = 0)
    180   155       27.0000   247                     27.0000    19036         
    416   293       53.0000   273                     27.0000    36600         
    549   375       53.0000   273                     27.0000    54574         
    864   573    infeasible                           27.0000    76047         
    971   645    infeasible                           27.0000    86922         
   1130   710       53.0000   367                     27.0000    97473         
   1278   866    infeasible                           27.0000   118422         
   1488   894       53.0000   260                     27.0000   132240         
   1730  1043       53.0000   379                     27.0000   151060         
   2527  1677       53.0000   269                     27.0000   227152         
Elapsed time = 6.55 sec. (4333.86 ticks, tree = 7.06 MB, solutions = 0)
   3344  2268       61.0000   264                     27.0000   294313         

Performing restart 1

Repeating presolve.
Tried aggregator 1 time.
MIP Presolve eliminated 0 rows and 84 columns.
Reduced MIP has 1557 rows, 8661 columns, and 25695 nonzeros.
Reduced MIP has 7726 binaries, 441 generals, 0 SOSs, and 594 indicators.
Presolve time = 0.01 sec. (12.38 ticks)
Tried aggregator 1 time.
Reduced MIP has 1557 rows, 8661 columns, and 25695 nonzeros.
Reduced MIP has 7726 binaries, 441 generals, 0 SOSs, and 594 indicators.
Presolve time = 0.02 sec. (17.68 ticks)
Represolve time = 0.09 sec. (68.30 ticks)
   3346     0       27.0000   672                   Cuts: 489   307857         
   3346     0       27.0000   751                   Cuts: 489   309025         
   3346     0       27.0000   561                   Cuts: 489   310070         
   3346     0       27.0000   744                   Cuts: 489   310976         
   3346     0       27.0000   654                   Cuts: 489   312544         
   3346     0       27.4276   792                   Cuts: 489   313528         
   3346     0       28.8119   737                   Cuts: 489   314095         
   3346     0       29.5097   824                   Cuts: 489   314897         
   3346     0       31.4762   817                   Cuts: 489   315641         
   3346     0       32.0000   841                   Cuts: 489   316399         
   3346     0       32.0000   800                   Cuts: 489   317609         
   3346     0       32.0000   745                   Cuts: 489   318773         
   3346     0       32.0000   773                   Cuts: 489   319759         
   3346     2       32.0000   553                     32.0000   319759         
   3402    36       32.0000   424                     32.0000   321876         
   3430    69       55.0000   467                     32.0000   338080         
   3496   113       55.0000   364                     32.0000   350521         
   3627   174       53.0000   467                     32.0000   364037         
   3666   236       53.0000   495                     32.0000   385447         
   3733   276       70.0000   378                     32.0000   404400         
   3981   370       59.0000   401                     32.0000   418547         
   4094   555    infeasible                           32.0000   435835         
Elapsed time = 29.75 sec. (22035.11 ticks, tree = 8.52 MB, solutions = 0)
   4119   592       53.0000   534                     32.0000   445138         
   4144   601    infeasible                           32.0000   466762         
   4159   593       54.0000   552                     32.0000   463629         
   4175   603       43.0000   816                     32.0000   512236         
   4193   609    infeasible                           33.1291   530614         
   4213   620    infeasible                           33.1291   549691         
   4234   622       53.0000   709                     33.1291   564894         
   4257   640    infeasible                           33.1291   624360         
   4291   648       67.0000   527                     33.1291   629853         
   4326   686       54.9643   528                     33.1291   667698         
Elapsed time = 44.16 sec. (32018.09 ticks, tree = 10.69 MB, solutions = 0)
   4399   698       67.0000   394                     33.1291   679589         
   4468   700       41.0000   811                     33.1291   684510         
   4534   762    infeasible                           33.1291   710408         
   4613   705       53.0000   731                     33.1291   687141         
   4642   767       47.5217   884                     33.1291   725743         
   4652   872       64.0000   689                     33.1291   768407         
   4673   896       64.0000   573                     33.1291   816860         
   4701   915       61.0000   566                     33.1291   870025         
   4736   915       66.0000   393                     33.1291   865888         
   4773   934       70.0000   423                     33.1291   886457         
Elapsed time = 57.36 sec. (41823.70 ticks, tree = 17.40 MB, solutions = 0)
   4800   956       57.0000   372                     33.1291   904790         
   4834  1004       70.0000   515                     41.2432   976862         
   4868   992       54.0000   653                     41.2432   957043         
   4906  1037       61.0000   258                     41.3582  1003863         
   4974  1061       70.0000   340                     41.3582  1026589         
   5077  1090       56.0000   567                     41.3582  1055608         
   5143  1120       44.9394   881                     41.3582  1063979         
   5172  1202       64.0000   650                     41.3582  1092989         
   5202  1243       63.0000   455                     44.9500  1117071         
   5222  1265       63.0000   390                     44.9500  1158399         
Elapsed time = 70.50 sec. (51685.36 ticks, tree = 25.17 MB, solutions = 0)
   5253  1257       54.0000   570                     44.9500  1135725         
   5280  1283       56.0000   605                     48.6250  1163599         
   5304  1302       53.0000   451                     49.7800  1234263         
   5325  1301       57.0000   325                     53.0000  1214570         
   5339  1319       69.0000   415                     53.0000  1282329         
   5363  1327       69.0000   299                     53.0000  1284530         
   5386  1321       53.0370   568                     53.0000  1300986         
   5409  1323       53.0000   449                     53.0000  1338264         
   5440  1363       69.0000   252                     53.0000  1344062         
   5479  1388       69.0000   209                     53.0000  1405905         
Elapsed time = 84.40 sec. (61586.09 ticks, tree = 28.01 MB, solutions = 0)
   5515  1402       69.0000   233                     53.0000  1408221         
   5550  1435       72.0000   239                     53.0000  1460157         
   5602  1456       71.0000   210                     53.0000  1461650         
   5648  1446       66.0000   552                     53.0000  1493393         
   5689  1456       66.0000   609                     53.0000  1496496         
   5747  1511       69.0000   557                     53.0000  1531703         
   5798  1574       69.0000   523                     53.0000  1571108         
   5851  1587       69.0000   396                     53.0000  1573306         
   5896  1617       54.0000   377                     53.0000  1601672         
   5919  1652       57.0000   374                     53.0000  1626090         
Elapsed time = 96.30 sec. (71273.18 ticks, tree = 32.30 MB, solutions = 0)
   5940  1700    infeasible                           53.0000  1672873         
   5974  1666       53.0000   401                     53.0000  1641912         
   5999  1683       59.0000   345                     53.0000  1655959         
   6019  1722       53.0000   508                     53.0000  1734815         
   6044  1734       65.0592   416                     53.0000  1728383         
   6082  1752       68.0000   177                     53.0000  1779846         
   6116  1762       70.0000   164                     53.0000  1782652         
   6167  1759       59.0000   285                     53.0000  1822128         
   6194  1766       60.0000   197                     53.0000  1824676         
   6222  1794       63.0092   387                     53.0000  1869896         
Elapsed time = 110.94 sec. (81254.76 ticks, tree = 36.01 MB, solutions = 0)
   6250  1806       64.0000   189                     53.0000  1871115         
   6283  1868       67.0000   153                     53.0000  1955326         
   6349  1833       54.0000   557                     53.0000  1932130         
   6418  1889       61.0000   223                     53.0000  1974377         
   6483  1898       54.0000   530                     53.0000  2036066         
   6566  1903       55.0000   528                     53.0000  2038727         
   6716  1954       71.0000   190                     53.0000  2032318         
   6898  2173       74.0000    29                     53.0000  2102327         
   6972  2163       72.0000   239                     53.0000  2113053         
   7043  2254    infeasible                           53.0000  2155447         
Elapsed time = 125.17 sec. (90928.16 ticks, tree = 42.68 MB, solutions = 0)
   7076  2161    infeasible                           53.0000  2128818         
   7113  2269       53.0000   591                     53.0000  2172850         
   7144  2384       55.0000   568                     53.0000  2195441         
   7162  2422       70.0000   521                     53.0000  2232753         
   7179  2419       73.0000   490                     53.0000  2239388         
   7209  2420       68.0000   310                     53.0000  2267386         
   7243  2439       68.0000   218                     53.0000  2269043         
   7287  2426    infeasible                           53.0000  2298487         
   7322  2489       59.0000   532                     53.0000  2329858         
   7389  2503       54.8112   458                     53.0000  2374720         
Elapsed time = 141.90 sec. (103811.04 ticks, tree = 46.54 MB, solutions = 0)

Performing restart 2

Repeating presolve.
Tried aggregator 1 time.
MIP Presolve modified 43 coefficients.
Reduced MIP has 1557 rows, 8661 columns, and 30893 nonzeros.
Reduced MIP has 7726 binaries, 441 generals, 0 SOSs, and 594 indicators.
Presolve time = 0.02 sec. (20.43 ticks)
Tried aggregator 1 time.
Reduced MIP has 1557 rows, 8661 columns, and 30893 nonzeros.
Reduced MIP has 7726 binaries, 441 generals, 0 SOSs, and 594 indicators.
Presolve time = 0.02 sec. (20.44 ticks)
Represolve time = 0.26 sec. (217.79 ticks)
   7394     0       34.0801  1193                   Cuts: 489  2466044         
   7394     0       35.0000  1046                   Cuts: 344  2470649         
   7394     0       37.0000   934                   Cuts: 489  2479823         
   7394     0       38.0000   786                   Cuts: 489  2482348         
   7394     0       39.0000   763                   Cuts: 489  2483798         
   7394     0       39.0000   816                   Cuts: 489  2484944         
   7394     0       39.0000   780                   Cuts: 489  2486810         
   7394     0       39.0000   824                   Cuts: 489  2488488         
   7394     0       40.0000   650                   Cuts: 489  2490861         
   7394     0       40.0000   732                   Cuts: 489  2491901         
   7394     0       40.0000   748                   Cuts: 489  2492949         
   7394     0       40.0000   698                   Cuts: 489  2493854         
   7394     0       40.0000   674                   Cuts: 489  2494868         
   7394     0       40.0000   787                   Cuts: 489  2495756         
   7394     2       40.0000   485                     53.0000  2495756         
   8026   468       60.0000   295                     53.0000  2563683         
   8329   682       53.0000   747                     53.0000  2629968         
   8362   715       53.0000   639                     53.0000  2713273         
   8404   746       68.0000   400                     53.0000  2847524         
   8530   820       67.0000   383                     53.0000  2972594         
   8673   913       66.0000   604                     53.0000  3038083         
   8695   945       53.0000   807                     53.0000  3086405         
   8710   997       54.0000   671                     53.0000  3176276         
   8734  1000       53.0000   864                     53.0000  3223766         
Elapsed time = 213.73 sec. (164220.48 ticks, tree = 7.00 MB, solutions = 0)
   8791  1023    infeasible                           53.0000  3361318         
   8811  1062       63.0000   471                     53.0000  3445563         
   8834  1075       66.0000   535                     53.0000  3532911         
   8868  1076    infeasible                           53.0000  3582009         
   8899  1096       65.0000   676                     53.0000  3716423         
   8917  1105       53.0000   709                     53.0000  3781951         
   8934  1114    infeasible                           53.0000  3842723         
   8948  1120       67.0000   664                     53.0000  3937808         
   8971  1125    infeasible                           53.0000  4031517         
   9000  1132       65.0000   713                     53.0000  4081931         
Elapsed time = 259.96 sec. (204046.12 ticks, tree = 8.41 MB, solutions = 0)
   9025  1130       43.0000  1038                     53.0000  4105177         
   9038  1150       53.0000   775                     53.0000  4205394         
   9052  1164    infeasible                           53.0000  4354253         
   9070  1169       45.3976  1025                     53.0000  4433183         
   9092  1187       68.0000   517                     53.0000  4591422         
   9115  1195       75.0000   342                     53.0000  4602020         
   9172  1202       53.0000   864                     53.0000  4717880         
   9193  1229       53.0000   833                     53.0000  4777878         
   9212  1231       44.0000   992                     53.0000  4797066         
   9220  1255       55.0000   695                     53.0000  4906652         
Elapsed time = 306.94 sec. (245739.67 ticks, tree = 10.72 MB, solutions = 0)
   9236  1261       66.0000   603                     53.0000  4975756         
   9249  1271       53.0000   766                     53.0000  5064565         
   9266  1274       44.8354  1103                     53.0000  5132567         
   9280  1288       74.0000   653                     53.0000  5298963         
   9293  1287       53.0000   932                     53.0000  5309965         
   9306  1290       53.0000   789                     53.0000  5361464         
   9324  1295       63.0000   543                     53.0000  5420388         
   9336  1311       63.0000   515                     53.0000  5571332         
   9350  1319       63.0000   437                     53.0000  5592134         
   9397  1365       72.5000   458                     53.0000  5770976         
Elapsed time = 353.86 sec. (287270.31 ticks, tree = 12.11 MB, solutions = 0)
   9428  1320       61.0000   739                     53.0000  5698301         
   9451  1355       56.0000   530                     53.0000  5902802         
   9464  1345       53.0000  1002                     53.0000  5852288         
   9481  1394    infeasible                           53.0000  5992192         
   9504  1410       69.0000   766                     53.0000  6048585         
   9527  1436       68.7021   518                     53.0000  6135258         
   9552  1471       56.0000   498                     53.0000  6408357         
   9577  1473       67.0000   320                     53.0000  6430084         
   9685  1566       73.0000   180                     53.0000  6441426         
*  9729  1601      integral     0       75.0000       53.0000  6596121   29.33%
   9741  1474       58.0000   798       75.0000       53.0000  6481217   29.33%
Elapsed time = 404.04 sec. (327048.84 ticks, tree = 14.28 MB, solutions = 1)
   9754  1483       53.0000   815       75.0000       53.0000  6543243   29.33%
   9771  1507       53.0000   704       75.0000       53.0000  6761544   29.33%
   9781  1520       68.0000   418       75.0000       53.0000  6914691   29.33%
   9798  1526       68.0000   428       75.0000       53.0000  6932942   29.33%
   9833  1558       68.0000   393       75.0000       53.0000  7145711   29.33%
   9847  1545        cutoff             75.0000       53.0000  7180851   29.33%
   9861  1530       53.0000   908       75.0000       53.0000  7087377   29.33%
   9875  1526       46.0000  1136       75.0000       53.0000  7107249   29.33%
   9888  1549       53.0221   725       75.0000       53.0000  7217348   29.33%
   9903  1588       73.0000   683       75.0000       53.0000  7419031   29.33%
Elapsed time = 449.21 sec. (366541.26 ticks, tree = 14.91 MB, solutions = 1)
   9928  1602       62.0000   511       75.0000       53.0000  7458443   29.33%
   9960  1617       72.0000   418       75.0000       53.0000  7478107   29.33%
  10004  1674       68.0000   634       75.0000       53.0000  7729600   29.33%
  10026  1684       68.0000   436       75.0000       53.0000  7749535   29.33%
  10069  1716       68.0000   168       75.0000       53.0000  7760707   29.33%
  10138  1689       74.0000   527       75.0000       53.0000  7945496   29.33%
  10163  1682       67.0000   785       75.0000       53.0000  7894836   29.33%
  10182  1690       62.0000   838       75.0000       53.0000  8049456   29.33%
  10194  1780       63.0000   689       75.0000       53.0000  8259682   29.33%
  10211  1777       54.0000   675       75.0000       53.0000  8191982   29.33%
Elapsed time = 501.06 sec. (406089.79 ticks, tree = 16.04 MB, solutions = 1)
  10224  1816    infeasible             75.0000       53.0000  8439563   29.33%
  10247  1839       65.0000   623       75.0000       53.0000  8569912   29.33%
  10274  1855       65.0000   413       75.0000       53.0000  8583871   29.33%
  10315  1835       53.0000   852       75.0000       53.0000  8624497   29.33%
  10324  1855       68.0000   808       75.0000       53.0000  8705633   29.33%
  10339  1858       68.0000   738       75.0000       53.0000  8715912   29.33%
  10352  1850       49.2653  1009       75.0000       53.0000  8749164   29.33%
  10364  1912       68.0000   548       75.0000       53.0000  8961008   29.33%
  10383  1924       68.0000   425       75.0000       53.0000  8970340   29.33%
  10397  1921       53.0000   963       75.0000       53.0000  9174485   29.33%
Elapsed time = 549.06 sec. (446555.35 ticks, tree = 16.63 MB, solutions = 1)
  10410  1899       53.0000   983       75.0000       53.0000  8948974   29.33%
  10425  1917       58.0000   907       75.0000       53.0000  9122259   29.33%
  10434  1918       71.0000   848       75.0000       53.0000  9131347   29.33%
  10446  1943       65.0000   749       75.0000       53.0000  9264888   29.33%
  10461  1965       65.0000   532       75.0000       53.0000  9457713   29.33%
  10477  1954       53.0000   896       75.0000       53.0000  9365099   29.33%
  10492  1987        cutoff             75.0000       53.0000  9643262   29.33%
  10501  2001       74.0000   686       75.0000       53.0000  9691805   29.33%
  10515  1988       53.0000   877       75.0000       53.0000  9629467   29.33%
  10522  2003       53.0000   788       75.0000       53.0000  9711875   29.33%
Elapsed time = 595.10 sec. (487791.96 ticks, tree = 16.92 MB, solutions = 1)
  10530  1971       48.0000  1060       75.0000       53.0000  9504302   29.33%
  10540  2011       53.0000   686       75.0000       53.0000  9798388   29.33%
  10559  2023       53.0000   762       75.0000       53.0000  9918007   29.33%
  10565  2048       53.0000  1024       75.0000       53.0000 10192696   29.33%
  10582  2048       53.0000   594       75.0000       53.0000 10105690   29.33%
  10600  2054        cutoff             75.0000       53.0000 10244865   29.33%
  10611  2053       53.0000  1033       75.0000       53.0000 10215975   29.33%
  10627  2084       55.0000   521       75.0000       53.0000 10494086   29.33%
  10642  2063       71.0000   681       75.0000       53.0000 10346963   29.33%
  10665  2101       71.0000   577       75.0000       53.0000 10624708   29.33%
Elapsed time = 640.38 sec. (528181.18 ticks, tree = 18.64 MB, solutions = 1)
  10697  2130       62.0000   258       75.0000       53.0000 10854630   29.33%
  10759  2113       74.0000   476       75.0000       53.0000 10661093   29.33%
  10779  2169       55.0000   652       75.0000       53.0000 10965995   29.33%
  10790  2170       55.0000   644       75.0000       53.0000 10985261   29.33%
  10801  2124       53.0000   863       75.0000       53.0000 10910606   29.33%
  10811  2171       55.0000   606       75.0000       53.0000 11009398   29.33%
  10824  2189       74.0000   560       75.0000       53.0000 11122220   29.33%
  10863  2225       66.0000   259       75.0000       53.0000 11446173   29.33%
  10983  2221    infeasible             75.0000       53.0000 11367717   29.33%
  10996  2260       73.0000   681       75.0000       53.0000 11709791   29.33%
Elapsed time = 686.82 sec. (568511.27 ticks, tree = 19.21 MB, solutions = 1)
  11063  2266       73.0000   400       75.0000       53.0000 11725328   29.33%
  11093  2266        cutoff             75.0000       53.0000 11754860   29.33%
  11101  2295       53.0000   914       75.0000       53.0000 11841335   29.33%
  11112  2426    infeasible             75.0000       53.0000 12005303   29.33%
  11188  2481       73.0000   252       75.0000       53.0000 12017400   29.33%
  11236  2426       54.0000   772       75.0000       53.0000 12061303   29.33%
  11245  2507       53.0000   956       75.0000       53.0000 12032295   29.33%
  11258  2437       53.0000   998       75.0000       53.0000 12189866   29.33%
  11267  2521        cutoff             75.0000       53.0000 12319103   29.33%
  11282  2520    infeasible             75.0000       53.0000 12329377   29.33%
Elapsed time = 733.69 sec. (608384.70 ticks, tree = 23.66 MB, solutions = 1)
  11294  2520       56.4541   898       75.0000       53.0000 12339793   29.33%
  11318  2550       66.0000   392       75.0000       53.0000 12515955   29.33%
  11373  2446       54.0834   817       75.0000       53.0000 12307663   29.33%
  11389  2588       66.0000   204       75.0000       53.0000 12522833   29.33%
  11430  2517       53.0000   781       75.0000       53.0000 12389180   29.33%
  11440  2560       64.0000   710       75.0000       53.0000 12827159   29.33%
  11458  2611       53.0000   832       75.0000       53.0000 12533256   29.33%
  11482  2524       53.0000   982       75.0000       53.0000 12431900   29.33%
  11509  2562       66.0000   551       75.0000       53.0000 12820926   29.33%
  11567  2700       67.0000   151       75.0000       53.0000 13072400   29.33%
Elapsed time = 785.16 sec. (650547.10 ticks, tree = 29.70 MB, solutions = 1)
  11630  2568       53.0000   970       75.0000       53.0000 12865793   29.33%
  11687  2710       74.0000   280       75.0000       53.0000 13186731   29.33%
  11764  2713       68.0000   288       75.0000       53.0000 13267361   29.33%
  11836  2670       53.0000  1030       75.0000       53.0000 13111000   29.33%
  11842  2716       66.0000   800       75.0000       53.0000 13309923   29.33%
  11852  2768    infeasible             75.0000       53.0000 13298448   29.33%
  11867  2722       67.0000   824       75.0000       53.0000 13337483   29.33%
  11879  2727       70.0000   662       75.0000       53.0000 13388383   29.33%
  11894  2728       67.0000   641       75.0000       53.0000 13358800   29.33%
  11952  2770       70.0000   287       75.0000       53.0000 13410937   29.33%
Elapsed time = 835.39 sec. (691190.16 ticks, tree = 31.41 MB, solutions = 1)
  11994  2898       53.0000   758       75.0000       53.0000 13585603   29.33%
  11999  2961       54.0000   830       75.0000       53.0000 13637110   29.33%
  12008  2982       54.0000   786       75.0000       53.0000 13784223   29.33%
  12020  3060       53.0000   774       75.0000       53.0000 13933836   29.33%
  12033  2974       70.0000   842       75.0000       53.0000 13692768   29.33%
  12061  2975       58.0799   860       75.0000       53.0000 13764764   29.33%
  12087  3072       66.0000   530       75.0000       53.0000 14005669   29.33%
  12125  3093       67.0000   545       75.0000       53.0000 14139777   29.33%
  12250  3159       70.0000   227       75.0000       53.0000 14235668   29.33%
  12325  3121       56.2379   897       75.0000       53.0000 14341252   29.33%
Elapsed time = 884.99 sec. (731509.73 ticks, tree = 35.08 MB, solutions = 1)
  12341  3084       67.0000   853       75.0000       53.0000 14119329   29.33%
  12352  3093       66.0000   596       75.0000       53.0000 14210060   29.33%
  12376  3148       53.0000  1107       75.0000       53.0000 14164014   29.33%
  12406  3160       68.0000   344       75.0000       53.0000 14468645   29.33%
  12478  3295       62.0000   808       75.0000       53.0000 14520588   29.33%
  12489  3302    infeasible             75.0000       53.0000 14672937   29.33%
  12496  3317       53.0000  1021       75.0000       53.0000 14769864   29.33%
  12506  3307       64.0000   773       75.0000       53.0000 14730285   29.33%
  12525  3315       69.0000   554       75.0000       53.0000 14741487   29.33%
  12544  3318       74.0000   533       75.0000       53.0000 14705894   29.33%
Elapsed time = 932.60 sec. (773207.04 ticks, tree = 43.44 MB, solutions = 1)
  12592  3432        cutoff             75.0000       53.0000 15085758   29.33%
  12606  3439       64.0000   831       75.0000       53.0000 15138676   29.33%
  12676  3437    infeasible             75.0000       53.0000 15212583   29.33%
  12681  3441       65.0000   641       75.0000       53.0000 15125126   29.33%
  12699  3446       68.0000   540       75.0000       53.0000 15138307   29.33%
  12712  3446       57.9592   982       75.0000       53.0000 15151671   29.33%
  12717  3558       62.0000   824       75.0000       53.0000 15431747   29.33%
  12723  3544       53.0000   946       75.0000       53.0000 15374430   29.33%
  12735  3448       54.0000   804       75.0000       53.0000 15303575   29.33%
  12742  3558       53.0000  1123       75.0000       53.0000 15494239   29.33%
Elapsed time = 982.27 sec. (816767.56 ticks, tree = 48.78 MB, solutions = 1)
  12751  3558       53.0000  1133       75.0000       53.0000 15456207   29.33%
  12762  3558       57.9592  1008       75.0000       53.0000 15463773   29.33%
  12771  3571       62.0000   800       75.0000       53.0000 15769794   29.33%
  12778  3559       53.0007  1070       75.0000       53.0000 15529444   29.33%
  12788  3572       66.0000   640       75.0000       53.0000 15759928   29.33%
  12799  3585       66.0000   740       75.0000       53.0000 15981468   29.33%
  12807  3574       69.0000   692       75.0000       53.0000 15782441   29.33%
  12826  3602       74.0000   463       75.0000       53.0000 16103534   29.33%
* 12929  3601      integral     0       74.0000       53.0000 16106497   28.38%
  12934  3288       66.0000   818       74.0000       53.0000 16249629   28.38%
  12942  3294        cutoff             74.0000       53.0000 16300162   28.38%
Elapsed time = 1031.96 sec. (859375.64 ticks, tree = 48.39 MB, solutions = 2)
  12955  3585       57.9592   955       74.0000       53.0000 16049939   28.38%
  13011  3592        cutoff             74.0000       53.0000 16200567   28.38%
  13083  3611       69.0000   605       74.0000       53.0000 16277471   28.38%
  13109  3314       55.0000   749       74.0000       53.0000 16421627   28.38%
  13117  3318       55.0000   539       74.0000       53.0000 16435014   28.38%
  13124  3310       53.0000  1101       74.0000       53.0000 16437729   28.38%
  13134  3317       54.0000   846       74.0000       53.0000 16531967   28.38%
  13147  3333       71.0000   546       74.0000       53.0000 16595396   28.38%
  13168  3344       71.0000   434       74.0000       53.0000 16606063   28.38%
  13190  3333       55.8761  1039       74.0000       53.0000 16670025   28.38%
Elapsed time = 1083.83 sec. (900423.59 ticks, tree = 50.56 MB, solutions = 2)
  13218  3324       67.0000   765       74.0000       53.0000 16563527   28.38%
  13225  3346       62.0000   891       74.0000       53.0000 16639956   28.38%
  13232  3470       63.1376   920       74.0000       53.0000 17096791   28.38%
  13243  3452       54.0000   788       74.0000       53.0000 16999978   28.38%
  13252  3452       54.8200   750       74.0000       53.0000 17017050   28.38%
  13258  3474       53.0000   711       74.0000       53.0000 17194955   28.38%
* 13264+ 3450                           73.0000       53.0000            27.40%
  13264  3470       54.0000  1131       73.0000       53.0000 17123470   27.40%
  13269  3473       53.0000   686       73.0000       53.0000 17176815   27.40%
  13271  3477       54.0003   989       73.0000       53.0000 17292413   27.40%
  13282  3228        cutoff             73.0000       53.0000 17484817   27.40%
Elapsed time = 1141.33 sec. (950701.78 ticks, tree = 51.35 MB, solutions = 3)
  13289  3232       54.0000   879       73.0000       53.0000 17574397   27.40%
  13293  3233       69.0000   882       73.0000       53.0000 17343837   27.40%
  13300  3477       53.0105   803       73.0000       53.0000 17284270   27.40%
  13305  3237       69.0000   850       73.0000       53.0000 17360992   27.40%
  13312  3245       69.0000   750       73.0000       53.0000 17790551   27.40%
  13317  3237       53.0000   658       73.0000       53.0000 17697923   27.40%
  13330  3242       58.0000   697       73.0000       53.0000 17799684   27.40%
  13346  3251       69.0000   760       73.0000       53.0000 17832643   27.40%
  13355  3254       71.0000   574       73.0000       53.0000 17851941   27.40%
  13367  3260       71.0000   495       73.0000       53.0000 17870784   27.40%
Elapsed time = 1193.19 sec. (990799.09 ticks, tree = 52.05 MB, solutions = 3)
  13388  3287       71.0000   509       73.0000       53.0000 18273392   27.40%
  13407  3262       57.0000   530       73.0000       53.0000 18059525   27.40%
  13418  3295       68.0000   504       73.0000       53.0000 18382641   27.40%
  13434  3311       68.0000   425       73.0000       53.0000 18397671   27.40%
  13443  3257       53.0000  1015       73.0000       53.0000 18194201   27.40%
  13447  3258       53.0000  1053       73.0000       53.0000 18202416   27.40%
  13455  3290    infeasible             73.0000       53.0000 18550398   27.40%
  13456  3293       53.0000   837       73.0000       53.0000 18600006   27.40%
  13460  3316       53.0000  1046       73.0000       53.0000 18843205   27.40%
  13465  3293       66.0000   704       73.0000       53.0000 18626244   27.40%
Elapsed time = 1242.91 sec. (1034110.41 ticks, tree = 52.61 MB, solutions = 3)
  13470  3339       54.0000  1019       73.0000       53.0000 18894270   27.40%
  13474  3291       65.0000   910       73.0000       53.0000 18649974   27.40%
  13484  3300       69.0000   876       73.0000       53.0000 18733027   27.40%
  13490  3341       69.0000   806       73.0000       53.0000 19072840   27.40%
  13494  3340       67.0000   740       73.0000       53.0000 19136365   27.40%
  13501  3343       67.0000   646       73.0000       53.0000 19147992   27.40%
  13513  3339       53.0000   659       73.0000       53.0000 19067285   27.40%
  13525  3294       53.0000   695       73.0000       53.0000 18485021   27.40%
  13552  3337       53.0000  1031       73.0000       53.0000 18975560   27.40%
  13563  3345       53.0000  1183       73.0000       53.0000 19238919   27.40%
Elapsed time = 1291.67 sec. (1079390.15 ticks, tree = 52.89 MB, solutions = 3)
  13571  3360       54.0000   986       73.0000       53.0000 19548408   27.40%
  13585  3363       54.0000   865       73.0000       53.0000 19560616   27.40%
  13597  3358       57.0000   556       73.0000       53.0000 19525321   27.40%
  13607  3363       67.0000   545       73.0000       53.0000 19535328   27.40%
  13612  3346       57.3077  1043       73.0000       53.0000 19280057   27.40%
  13620  3363       53.0000  1206       73.0000       53.0000 19575408   27.40%
  13627  3372       67.0000   871       73.0000       53.0000 19684983   27.40%
  13634  3392       54.0000   888       73.0000       53.0000 19873319   27.40%
  13643  3388    infeasible             73.0000       53.0000 19836521   27.40%
  13648  3427       53.0000  1063       73.0000       53.0000 19994418   27.40%
Elapsed time = 1342.59 sec. (1125037.21 ticks, tree = 54.21 MB, solutions = 3)
  13655  3348       53.0000  1153       73.0000       53.0000 19315390   27.40%
  13667  3389       68.0000   744       73.0000       53.0000 19783324   27.40%
  13675  3389       53.0000  1001       73.0000       53.0000 19847830   27.40%
  13688  3431       53.0000   997       73.0000       53.0000 20024197   27.40%
  13697  3449    infeasible             73.0000       53.0000 20416769   27.40%
  13702  3442       58.1347   644       73.0000       53.0000 20313250   27.40%
  13722  3456       66.0000   450       73.0000       53.0000 20323694   27.40%
  13727  3429       53.0000   793       73.0000       53.0000 20117102   27.40%
  13729  3438       53.0000  1096       73.0000       53.0000 20224882   27.40%
  13735  3455       53.0000  1123       73.0000       53.0000 20335463   27.40%
Elapsed time = 1387.87 sec. (1165383.76 ticks, tree = 55.69 MB, solutions = 3)
  13738  3431       53.0000   892       73.0000       53.0000 20142798   27.40%
  13749  3455    infeasible             73.0000       53.0000 20502609   27.40%
  13753  3457       57.0000   966       73.0000       53.0000 20571545   27.40%
  13757  3490       56.0000  1029       73.0000       53.0000 20833489   27.40%
  13767  3480       54.0000   973       73.0000       53.0000 20744600   27.40%
  13776  3482       54.0000   962       73.0000       53.0000 20752321   27.40%
  13786  3483       65.0000   952       73.0000       53.0000 20760992   27.40%
  13799  3502       70.0000   455       73.0000       53.0000 20874752   27.40%
  13826  3492       65.0000   564       73.0000       53.0000 20780675   27.40%
  13845  3515       67.0000   451       73.0000       53.0000 21044835   27.40%
Elapsed time = 1436.09 sec. (1206693.79 ticks, tree = 57.83 MB, solutions = 3)
  13912  3574       67.0000   184       73.0000       53.0000 21055830   27.40%
  13981  3489       54.0000  1064       73.0000       53.0000 20939011   27.40%
  13988  3508       58.0000  1074       73.0000       53.0000 20921078   27.40%
  14000  3490       54.0000   937       73.0000       53.0000 20957370   27.40%
  14005  3517       71.0000   691       73.0000       53.0000 21215991   27.40%
  14009  3518       53.0000   742       73.0000       53.0000 21234223   27.40%
  14016  3682       53.0000  1104       73.0000       53.0000 21638553   27.40%
  14021  3547       53.0000   805       73.0000       53.0000 21511215   27.40%
  14029  3684       53.0000  1097       73.0000       53.0000 21660377   27.40%
  14037  3506       53.0000   969       73.0000       53.0000 21146900   27.40%
Elapsed time = 1497.96 sec. (1259777.26 ticks, tree = 57.94 MB, solutions = 3)
  14041  3548       54.0000   688       73.0000       53.0000 21558173   27.40%
  14051  3551       54.0000   621       73.0000       53.0000 21574268   27.40%
  14058  3691        cutoff             73.0000       53.0000 21997472   27.40%
  14074  3711       60.0000   353       73.0000       53.0000 22176586   27.40%
  14150  3688       54.0000   765       73.0000       53.0000 21947004   27.40%
  14155  3712       53.0000   885       73.0000       53.0000 22256907   27.40%
  14167  3681    infeasible             73.0000       53.0000 21836189   27.40%
  14169  3691       54.1885   676       73.0000       53.0000 22001199   27.40%
  14178  3722       57.0000   547       73.0000       53.0000 22355484   27.40%
  14182  3725       57.0000   486       73.0000       53.0000 22373274   27.40%
Elapsed time = 1553.73 sec. (1305792.74 ticks, tree = 60.47 MB, solutions = 3)
  14200  3724       53.0421  1073       73.0000       53.0000 22459496   27.40%
  14203  3725       55.0000  1070       73.0000       53.0000 22546036   27.40%
  14205  3727       54.0000   891       73.0000       53.0000 22588922   27.40%
  14209  3724    infeasible             73.0000       53.0000 22495574   27.40%
  14211  3723        cutoff             73.0000       53.0000 22505739   27.40%
  14214  3729       54.0000   731       73.0000       53.0000 22628363   27.40%
  14217  3788       53.0000  1160       73.0000       53.0000 22699656   27.40%
  14225  3738       53.0000  1061       73.0000       53.0000 22411475   27.40%
  14227  3731       56.0000   559       73.0000       53.0000 22677608   27.40%
  14236  3808       53.5969  1044       73.0000       53.0000 23040801   27.40%
Elapsed time = 1609.59 sec. (1353227.12 ticks, tree = 60.92 MB, solutions = 3)
  14243  3812       55.3973  1116       73.0000       53.0000 23181013   27.40%
  14248  3814       67.0000   838       73.0000       53.0000 23192483   27.40%
  14255  3814       53.0000  1055       73.0000       53.0000 23160139   27.40%
  14261  3790       59.7600   940       73.0000       53.0000 22982372   27.40%
  14266  3791       60.0000   860       73.0000       53.0000 22993963   27.40%
Starting limited solution polishing.
  14275  3822       66.0000   832       73.0000       53.0000 23519822   27.40%
  14282  3817       64.0000   930       73.0000       53.0000 23195797   27.40%
  14285  3828       64.0000   972       73.0000       53.0000 23587703   27.40%
  14292  3817       53.0031   855       73.0000       53.0000 23468373   27.40%
  14304  3831       66.0000   645       73.0000       53.0000 23658656   27.40%
Elapsed time = 1662.56 sec. (1402639.16 ticks, tree = 60.81 MB, solutions = 3)
  14320  3817        cutoff             73.0000       53.0000 23475424   27.40%
  14327  3834       67.0000   621       73.0000       53.0000 23840047   27.40%
  14355  3823       67.0000   700       73.0000       53.0000 23578625   27.40%
  14364  3843       67.0000   572       73.0000       53.0000 23963475   27.40%
  14379  3839       72.0000   795       73.0000       53.0000 23904705   27.40%
  14409  3854       70.0000   328       73.0000       53.0000 23774258   27.40%
  14450  3845       72.0000   592       73.0000       53.0000 23921830   27.40%
  14469  3843       66.0000   635       73.0000       53.0000 24016770   27.40%
  14473  3847       66.0000   659       73.0000       53.0000 24027486   27.40%
  14488  3855        cutoff             73.0000       53.0000 24159325   27.40%
Elapsed time = 1714.62 sec. (1445429.00 ticks, tree = 62.33 MB, solutions = 3)
  14493  3817       53.0000  1132       73.0000       53.0000 23417837   27.40%
  14496  3847       53.0000  1202       73.0000       53.0000 23996411   27.40%
  14499  3929       56.0000  1076       73.0000       53.0000 24405065   27.40%
  14506  3854       53.9522  1088       73.0000       53.0000 24063171   27.40%
  14514  3929    infeasible             73.0000       53.0000 24426395   27.40%
  14523  3911       54.0000  1094       73.0000       53.0000 24280641   27.40%
  14529  3912       54.0000  1112       73.0000       53.0000 24287395   27.40%
  14536  3939       53.0000  1073       73.0000       53.0000 24479998   27.40%
  14543  3915       54.0000   986       73.0000       53.0000 24301248   27.40%
  14548  3970       54.0000  1057       73.0000       53.0000 24658335   27.40%
Elapsed time = 1770.13 sec. (1491812.40 ticks, tree = 68.35 MB, solutions = 3)
  14550  3971       54.0000  1070       73.0000       53.0000 24666219   27.40%
  14553  3940       53.0000  1069       73.0000       53.0000 24513831   27.40%
  14562  3973       53.0000  1133       73.0000       53.0000 24850307   27.40%
  14567  3968       54.0000  1217       73.0000       53.0000 24790448   27.40%
  14577  3971       54.0000  1129       73.0000       53.0000 24797140   27.40%
  14581  3968       54.1474   976       73.0000       53.0000 24745656   27.40%

GUB cover cuts applied:  2116
Clique cuts applied:  76
Cover cuts applied:  691
Implied bound cuts applied:  620
Flow cuts applied:  35
Mixed integer rounding cuts applied:  923
Zero-half cuts applied:  100
Gomory fractional cuts applied:  23

Root node processing (before b&c):
  Real time             =    2.05 sec. (1212.97 ticks)
Parallel b&c, 8 threads:
  Real time             = 1797.97 sec. (1523530.15 ticks)
  Sync time (average)   =  210.36 sec.
  Wait time (average)   =    0.04 sec.
                          ------------
Total (root+branch&cut) = 1800.02 sec. (1524743.13 ticks)
! --------------------------------------------------------
! Status: FEASIBLE (time limit or other stopping criterion reached)
! Best span = 73
! Labeling: 29 47 44 33 71 71 3 30 2 11 66 1 52 26 59 21 48 7 19 73 51 1 58 16 54 46 7 73 1 57 3 46 5 67 34 61 1 27 69 40 38 44 64 63 17 41 18 39 9 70 25 31 53 56 45 60 6 65 33 73 43 7 32 68 28 55 23 24 13 72 37 14 41 71 6 1 3 15 8 42 10 41 32 29 22 70 62 20 71 35 36 4 72 67 70 49 70 12 50 6 
! --------------------------------------------------------
! All verification passed
