! Solving for graph /home/truongxuanhieu/CPLEX-MIP-for-MinSpanLabeling/benchmarks/abp/L-bcspwr03.mtx.rnd
! Target value is set to 29
! Lower bound is set to 30
! Upper bound is set to 88
! Time limit is set to 1800
! Vertices mode is set to No hole
! Target value mode is set to Antibandwidth
Version identifier: 22.2.0.0 | 2026-05-04 | 5dff98e58
CPXPARAM_TimeLimit                               1800
Tried aggregator 2 times.
MIP Presolve eliminated 181 rows and 280 columns.
MIP Presolve modified 20710 coefficients.
Aggregator did 712 substitutions.
Reduced MIP has 1395 rows, 11411 columns, and 33991 nonzeros.
Reduced MIP has 10637 binaries, 298 generals, 0 SOSs, and 476 indicators.
Presolve time = 0.04 sec. (40.44 ticks)
Probing time = 0.06 sec. (34.18 ticks)
Tried aggregator 2 times.
Detecting symmetries...
Aggregator did 7 substitutions.
Reduced MIP has 1388 rows, 11404 columns, and 33984 nonzeros.
Reduced MIP has 10637 binaries, 409 generals, 0 SOSs, and 476 indicators.
Presolve time = 0.03 sec. (29.12 ticks)
Probing time = 0.02 sec. (5.27 ticks)
Clique table members: 2670.
MIP emphasis: balance optimality and feasibility.
MIP search method: dynamic search.
Parallel mode: deterministic, using up to 8 threads.
Root relaxation solution time = 0.04 sec. (32.67 ticks)

        Nodes                                         Cuts/
   Node  Left     Objective  IInf  Best Integer    Best Bound    ItCnt     Gap

      0     0       30.0000   203                     30.0000      539         
      0     0       30.0000   496                   Cuts: 447      953         
      0     0       30.0000   359                   Cuts: 447     1358         
      0     0       30.0000   384                   Cuts: 447     1920         
      0     2       30.0000   274                     30.0000     1920         
Elapsed time = 2.64 sec. (1781.41 ticks, tree = 0.02 MB, solutions = 0)
    142    33       86.0000   410                     30.0000     7181         
    253   211       64.0000   311                     30.0000    30927         
    334   299       59.0000   288                     30.0000    44126         
    369   305       87.0000   411                     30.0000    50265         
    420   378       88.0000   294                     30.0000    73802         
    462   422       88.0000   330                     30.0000    90889         
    490   469       88.0000   345                     30.0000   103576         
    547   503       88.0000   297                     30.0000   110530         
    625   575       88.0000   263                     30.0000   121173         
    959   801       88.0000   229                     30.0000   144178         
Elapsed time = 6.99 sec. (4971.27 ticks, tree = 4.41 MB, solutions = 0)
   1587  1349       60.0000   208                     30.0000   191966         

Performing restart 1

Repeating presolve.
Tried aggregator 1 time.
MIP Presolve eliminated 0 rows and 126 columns.
Reduced MIP has 1388 rows, 11278 columns, and 33606 nonzeros.
Reduced MIP has 10511 binaries, 409 generals, 0 SOSs, and 476 indicators.
Presolve time = 0.01 sec. (15.74 ticks)
Tried aggregator 1 time.
Reduced MIP has 1388 rows, 11278 columns, and 33606 nonzeros.
Reduced MIP has 10511 binaries, 409 generals, 0 SOSs, and 476 indicators.
Presolve time = 0.02 sec. (22.67 ticks)
Represolve time = 0.12 sec. (96.07 ticks)
   1667     0       30.0000   468                   Cuts: 447   221246         
   1667     0       30.0000   556                   Cuts: 447   222112         
   1667     0       30.0000   595                   Cuts: 447   223327         
   1667     0       30.0000   605                   Cuts: 447   224724         
   1667     0       30.0000   650                   Cuts: 447   226404         
   1667     2       30.0000   475                     30.0000   226404         
   1717    36       59.0000   339                     30.0000   229987         
   1939   208       32.0000   441                     30.0000   252102         
   2283   476       59.0000   260                     30.0000   270675         
   2350   645       60.0000   265                     30.0000   297263         
   2537   707       59.0000   257                     30.0000   310662         
   2930  1040       61.0000   208                     30.0000   347362         
   3419  1386       61.0000   200                     30.0000   386153         
   3662  1696       31.6157   668                     30.0000   422999         
Elapsed time = 24.21 sec. (17763.96 ticks, tree = 7.37 MB, solutions = 0)
   3922  1879       59.0000   311                     30.0000   473123         
   4319  2189       45.0000   365                     30.0000   500265         
   4925  2801       68.0000   225                     30.0000   568845         
   5302  3133       59.0000   397                     30.0000   600997         
   5441  3342       59.0000   296                     31.6157   634323         
   6045  3827       59.2544   400                     31.6157   683283         
   6661  4212       70.0000   170                     31.6157   709829         
   7062  4777    infeasible                           31.6157   784277         
   7091  4852       88.0000   368                     31.6157   796006         
   7178  4882       88.0000   376                     31.6157   833960         
Elapsed time = 39.06 sec. (27393.56 ticks, tree = 22.38 MB, solutions = 0)
   7494  5193       59.0000   199                     31.6157   871412         
   7710  5271       88.0000   273                     31.6157   899321         
   7830  5478       60.0000   274                     31.6157   939810         
   8106  5740       59.0000   267                     31.6157   978551         
   8457  5898       59.0000   361                     31.6157  1001272         
   8684  6146       88.0000   319                     31.6157  1035063         
   8712  6299       88.0000   399                     31.6157  1085341         
   8768  6317       88.0000   326                     31.6157  1114859         
   8892  6436       88.0000   289                     31.6157  1151720         
   9057  6516       88.0000   257                     31.6157  1168717         
Elapsed time = 51.14 sec. (37006.60 ticks, tree = 29.91 MB, solutions = 0)

Performing restart 2

Repeating presolve.
Tried aggregator 1 time.
MIP Presolve modified 44 coefficients.
Reduced MIP has 1388 rows, 11278 columns, and 40479 nonzeros.
Reduced MIP has 10511 binaries, 409 generals, 0 SOSs, and 476 indicators.
Presolve time = 0.02 sec. (19.39 ticks)
Tried aggregator 1 time.
Reduced MIP has 1388 rows, 11278 columns, and 40479 nonzeros.
Reduced MIP has 10511 binaries, 409 generals, 0 SOSs, and 476 indicators.
Presolve time = 0.03 sec. (26.41 ticks)
Represolve time = 0.21 sec. (156.87 ticks)
   9098     0       33.2629   894                   Cuts: 447  1206508         
   9098     0       34.4844   893                   Cuts: 447  1208500         
   9098     0       35.0000   891                   Cuts: 447  1209694         
   9098     0       35.0000   874                   Cuts: 447  1211582         
   9098     0       35.6355   899                   Cuts: 447  1213828         
   9098     0       36.0000   875                   Cuts: 447  1215694         
   9098     0       36.4306   861                   Cuts: 447  1219571         
   9098     0       37.0000   782                   Cuts: 447  1220699         
   9098     0       37.0000   822                   Cuts: 447  1222407         
   9098     0       37.0749   876                   Cuts: 447  1225432         
   9098     0       37.0781   875                   Cuts: 447  1226842         
   9098     0       37.6081   883                   Cuts: 447  1227796         
   9098     0       37.9406   864                   Cuts: 447  1229789         
   9098     0       38.6747   823                   Cuts: 447  1231313         
   9098     0       38.7029   861                   Cuts: 447  1232668         
   9098     0       38.7443   846                   Cuts: 447  1233959         
   9098     0       39.2291   892                   Cuts: 447  1235147         
   9098     0       39.2520   872                   Cuts: 447  1236605         
   9098     0       39.2520   902                   Cuts: 447  1237917         
   9098     0       39.7966   920                   Cuts: 447  1240194         
   9098     0       39.7966   859                   Cuts: 447  1241178         
   9098     0       39.7966   884                   Cuts: 447  1242380         
   9098     0       39.7966   853                   Cuts: 447  1243875         
   9098     0       39.7966   841                   Cuts: 447  1244945         
   9098     0       39.7966   817                   Cuts: 447  1246516         
   9098     0       39.7966   811                   Cuts: 447  1247708         
   9098     2       40.0000   513                     39.7966  1247708         
   9131    24       59.0000   328                     44.5000  1249248         
   9312   187       59.0000   293                     45.0000  1256336         
   9523   329       59.0000   319                     45.0000  1262706         
   9731   540       60.0000   290                     45.0000  1274682         
   9861   656       78.0000   256                     45.0000  1286710         
   9961   767       88.0000   316                     45.0000  1311424         
  10102   873       88.0000   368                     45.0000  1325389         
  10262  1053       88.0000   333                     45.0000  1348438         
  10421  1111       88.0000   332                     45.0000  1361323         
Elapsed time = 104.63 sec. (77003.88 ticks, tree = 13.56 MB, solutions = 0)
  10592  1293    infeasible                           45.0000  1390327         
  10746  1385       88.0000   283                     45.0000  1402268         
  10949  1612       88.0000   345                     45.0000  1435033         
* 11186  1805      integral     0       88.0000       45.0000  1454255   48.86%
  11242  1759       60.0000   348       88.0000       45.0000  1453610   48.86%
  11480   932       60.0000   295       88.0000       59.0000  1479071   32.95%
  11719  1049       69.0000   217       88.0000       59.0000  1490558   32.95%
  11956  1264       69.0000   199       88.0000       59.0000  1507486   32.95%
  12165  1408       69.0000   270       88.0000       59.0000  1523926   32.95%
  12259  1543       72.0000   387       88.0000       59.0000  1541561   32.95%
  12323  1536       59.0000   507       88.0000       59.0000  1556262   32.95%
Elapsed time = 117.11 sec. (86584.48 ticks, tree = 21.75 MB, solutions = 1)
  12342  1534       59.0000   484       88.0000       59.0000  1572032   32.95%
  12393  1538       59.0000   393       88.0000       59.0000  1598199   32.95%
  12423  1557    infeasible             88.0000       59.0000  1617728   32.95%
  12435  1557       60.0000   496       88.0000       59.0000  1622360   32.95%
  12473  1574       59.0000   597       88.0000       59.0000  1665796   32.95%
  12499  1593       88.0000   441       88.0000       59.0000  1675462   32.95%
  12529  1604    infeasible             88.0000       59.0000  1697261   32.95%
  12553  1623    infeasible             88.0000       59.0000  1711274   32.95%
  12570  1627       59.0000   462       88.0000       59.0000  1716604   32.95%
  12606  1644       60.0000   487       88.0000       59.0000  1734741   32.95%
Elapsed time = 129.76 sec. (96556.73 ticks, tree = 23.27 MB, solutions = 1)
  12658  1674       75.5174   529       88.0000       59.0000  1770102   32.95%
  12708  1693       60.0000   621       88.0000       59.0000  1787781   32.95%
  12723  1738       59.0000   354       88.0000       59.0000  1804069   32.95%
  12736  1738       60.0000   681       88.0000       59.0000  1809014   32.95%
  12750  1740       59.0000   676       88.0000       59.0000  1825498   32.95%
  12760  1741       60.0000   546       88.0000       59.0000  1841141   32.95%
  12779  1747        cutoff             88.0000       59.0000  1866975   32.95%
  12805  1751    infeasible             88.0000       59.0000  1880687   32.95%
  12812  1757       59.0000   653       88.0000       59.0000  1895119   32.95%
  12825  1759    infeasible             88.0000       59.0000  1912155   32.95%
Elapsed time = 142.11 sec. (106590.44 ticks, tree = 24.92 MB, solutions = 1)
  12840  1761       59.0000   609       88.0000       59.0000  1928949   32.95%
  12849  1760    infeasible             88.0000       59.0000  1930936   32.95%
  12858  1766       61.8659   649       88.0000       59.0000  1969101   32.95%
  12871  1766       59.0000   670       88.0000       59.0000  1973838   32.95%
  12892  1776       74.0000   393       88.0000       59.0000  1993261   32.95%
  12904  1770       59.0000   582       88.0000       59.0000  2025673   32.95%
  12919  1779       61.1544   667       88.0000       59.0000  2032506   32.95%
  12930  1791       87.0000   527       88.0000       59.0000  2066878   32.95%
  12952  1796        cutoff             88.0000       59.0000  2090687   32.95%
  12967  1789       59.0000   662       88.0000       59.0000  2072382   32.95%
Elapsed time = 155.26 sec. (116641.66 ticks, tree = 25.60 MB, solutions = 1)
  12976  1801       59.0000   661       88.0000       59.0000  2114061   32.95%
  13005  1805       62.0000   519       88.0000       59.0000  2156534   32.95%
  13028  1802       59.0000   646       88.0000       59.0000  2120111   32.95%
  13060  1811       79.0000   366       88.0000       59.0000  2165866   32.95%
  13082  1835       87.0000   521       88.0000       59.0000  2213477   32.95%
  13090  1828       59.0000   626       88.0000       59.0000  2199152   32.95%
  13105  1848       59.0000   648       88.0000       59.0000  2236832   32.95%
  13121  1852       59.0000   686       88.0000       59.0000  2265056   32.95%
  13147  1852       74.0000   517       88.0000       59.0000  2258365   32.95%
  13377  1984       86.0000   351       88.0000       59.0000  2334767   32.95%
Elapsed time = 170.98 sec. (129520.81 ticks, tree = 30.87 MB, solutions = 1)
  13440  2078       87.0000   597       88.0000       59.0000  2423273   32.95%
  13488  2085       59.0000   711       88.0000       59.0000  2459725   32.95%
  13547  2113       59.0000   396       88.0000       59.0000  2514595   32.95%
  13616  2150        cutoff             88.0000       59.0000  2606484   32.95%
  13670  2172       59.0000   527       88.0000       59.0000  2668304   32.95%
  13711  2176       59.0000   717       88.0000       59.0000  2688135   32.95%
  13737  2191    infeasible             88.0000       59.0000  2755348   32.95%
  13776  2192       59.0000   632       88.0000       59.0000  2811716   32.95%
  13816  2201       59.0000   610       88.0000       59.0000  2865903   32.95%
  13869  2218       71.0000   653       88.0000       59.0000  2930693   32.95%
Elapsed time = 218.82 sec. (168210.63 ticks, tree = 34.64 MB, solutions = 1)
  13921  2241       59.0000   756       88.0000       59.0000  3013307   32.95%
  13954  2245       60.0000   657       88.0000       59.0000  3050424   32.95%
  13990  2260        cutoff             88.0000       59.0000  3123141   32.95%
  14046  2278       59.0000   695       88.0000       59.0000  3231742   32.95%
  14099  2278       59.0000   795       88.0000       59.0000  3255339   32.95%
  14136  2305        cutoff             88.0000       59.0000  3334858   32.95%
  14167  2314       60.0000   677       88.0000       59.0000  3359159   32.95%
  14210  2327       85.0000   701       88.0000       59.0000  3451987   32.95%
  14239  2332       76.0000   710       88.0000       59.0000  3508797   32.95%
  14265  2350       59.0000   815       88.0000       59.0000  3581375   32.95%
Elapsed time = 264.57 sec. (207719.33 ticks, tree = 37.21 MB, solutions = 1)
  14288  2354       60.0000   812       88.0000       59.0000  3611849   32.95%
  14315  2359       59.0000   720       88.0000       59.0000  3642398   32.95%
  14339  2369       60.0000   779       88.0000       59.0000  3673747   32.95%
  14362  2382       59.2479   852       88.0000       59.0000  3762048   32.95%
  14390  2382       60.0000   754       88.0000       59.0000  3795657   32.95%
  14417  2387       87.0000   709       88.0000       59.0000  3850829   32.95%
  14442  2396       60.0000   626       88.0000       59.0000  3928394   32.95%
  14474  2402       59.0000   767       88.0000       59.0000  3945892   32.95%
  14509  2404       61.6521   794       88.0000       59.0000  3960803   32.95%
  14536  2418        cutoff             88.0000       59.0000  4038504   32.95%
Elapsed time = 308.32 sec. (246793.83 ticks, tree = 39.21 MB, solutions = 1)
  14560  2432       70.0000   649       88.0000       59.0000  4114234   32.95%
  14580  2436       59.0000   756       88.0000       59.0000  4130741   32.95%
  14608  2450    infeasible             88.0000       59.0000  4280970   32.95%
  14630  2456       59.0000   709       88.0000       59.0000  4313144   32.95%
  14648  2449       60.0000   788       88.0000       59.0000  4278404   32.95%
  14674  2458       59.0000   783       88.0000       59.0000  4397419   32.95%
  14702  2467       84.0000   683       88.0000       59.0000  4466813   32.95%
  14719  2477       59.0000   786       88.0000       59.0000  4543948   32.95%
  14742  2461       59.0000   778       88.0000       59.0000  4456514   32.95%
  14751  2479       74.0000   686       88.0000       59.0000  4594885   32.95%
Elapsed time = 355.50 sec. (287623.02 ticks, tree = 40.87 MB, solutions = 1)
  14770  2479        cutoff             88.0000       59.0000  4631922   32.95%
  14802  2489       59.0000   732       88.0000       59.0000  4704540   32.95%
  14833  2498       65.0000   699       88.0000       59.0000  4768742   32.95%
  14861  2505       59.0000   793       88.0000       59.0000  4773189   32.95%
  14888  2521    infeasible             88.0000       59.0000  4959257   32.95%
  14909  2522       61.1544   821       88.0000       59.0000  4970137   32.95%
  14924  2526       60.0000   786       88.0000       59.0000  5007101   32.95%
  14951  2531       60.0000   904       88.0000       59.0000  5081236   32.95%
  14973  2539       73.6628   829       88.0000       59.0000  5143113   32.95%
  15003  2533        cutoff             88.0000       59.0000  5140347   32.95%
Elapsed time = 403.62 sec. (328345.42 ticks, tree = 42.47 MB, solutions = 1)
  15015  2544       59.0000   736       88.0000       59.0000  5239415   32.95%
  15035  2544       59.2479   825       88.0000       59.0000  5248339   32.95%
  15064  2543    infeasible             88.0000       59.0000  5300386   32.95%
  15081  2546       85.0000   729       88.0000       59.0000  5333898   32.95%
  15105  2560       60.0000   794       88.0000       59.0000  5430661   32.95%
  15127  2568       60.0000   744       88.0000       59.0000  5502194   32.95%
  15152  2572       60.0000   790       88.0000       59.0000  5527877   32.95%
  15165  2571       59.0000   833       88.0000       59.0000  5519374   32.95%
  15180  2585       59.0000   872       88.0000       59.0000  5627381   32.95%
  15191  2586       60.0000   817       88.0000       59.0000  5647145   32.95%
Elapsed time = 446.57 sec. (369068.93 ticks, tree = 44.06 MB, solutions = 1)
  15200  2586       60.0000   932       88.0000       59.0000  5637197   32.95%
  15223  2589       63.0857   671       88.0000       59.0000  5756518   32.95%
  15245  2595    infeasible             88.0000       59.0000  5802171   32.95%
  15271  2596       77.0000   619       88.0000       59.0000  5813838   32.95%
  15293  2601       59.0000   866       88.0000       59.0000  5870946   32.95%
  15310  2600       60.0000   885       88.0000       59.0000  5952306   32.95%
  15328  2600        cutoff             88.0000       59.0000  5959838   32.95%
  15345  2592       59.0000   867       88.0000       59.0000  5952870   32.95%
  15367  2601       59.0000   909       88.0000       59.0000  6090662   32.95%
  15396  2605       60.6364   785       88.0000       59.0000  6132962   32.95%
Elapsed time = 491.59 sec. (408590.80 ticks, tree = 44.40 MB, solutions = 1)
  15413  2606       59.0000   756       88.0000       59.0000  6118953   32.95%
  15438  2613       59.0000   841       88.0000       59.0000  6149313   32.95%
  15469  2637       69.0000   523       88.0000       59.0000  6254698   32.95%
  15497  2662       87.0000   515       88.0000       59.0000  6410317   32.95%
  15549  2688       87.0000   351       88.0000       59.0000  6416270   32.95%
  15648  2773       87.0000   262       88.0000       59.0000  6421628   32.95%
  15670  2658       59.0000   800       88.0000       59.0000  6450722   32.95%
  15697  2653       59.0000   729       88.0000       59.0000  6513837   32.95%
  15719  2653       59.0000   608       88.0000       59.0000  6510426   32.95%
  15735  2768       59.0000   745       88.0000       59.0000  6628729   32.95%
Elapsed time = 539.10 sec. (448240.01 ticks, tree = 49.72 MB, solutions = 1)
  15768  2753       59.0000   849       88.0000       59.0000  6766284   32.95%
  15793  2759       59.0000   767       88.0000       59.0000  6755284   32.95%
  15816  2751       59.2231   730       88.0000       59.0000  6786792   32.95%
  15841  2735    infeasible             88.0000       59.0000  6899571   32.95%
  15856  2733        cutoff             88.0000       59.0000  6922921   32.95%
  15874  2742       59.0000   607       88.0000       59.0000  6872125   32.95%
  15895  2730        cutoff             88.0000       59.0000  6932363   32.95%
  15919  2728       59.0000   768       88.0000       59.0000  7029188   32.95%
  15936  2733       84.0000   695       88.0000       59.0000  7019655   32.95%
  15956  2726       59.0000   764       88.0000       59.0000  7072630   32.95%
Elapsed time = 583.28 sec. (488360.14 ticks, tree = 49.08 MB, solutions = 1)
  15972  2725       59.0000   754       88.0000       59.0000  7080054   32.95%
  15992  2719       59.0081   942       88.0000       59.0000  7188712   32.95%
  16011  2713    infeasible             88.0000       59.0000  7172479   32.95%
  16027  2710        cutoff             88.0000       59.0000  7353297   32.95%
  16043  2718       59.0000   759       88.0000       59.0000  7204708   32.95%
  16064  2706       61.8675   918       88.0000       59.0000  7454073   32.95%
  16085  2704       59.0000   777       88.0000       59.0000  7396577   32.95%
  16101  2703       64.8333   715       88.0000       59.0000  7557368   32.95%
  16120  2696        cutoff             88.0000       59.0000  7601906   32.95%
  16142  2698       74.0000   699       88.0000       59.0000  7625371   32.95%
Elapsed time = 628.91 sec. (529366.20 ticks, tree = 48.42 MB, solutions = 1)
  16155  2702       59.0000   841       88.0000       59.0000  7574963   32.95%
  16169  2698       59.0000   737       88.0000       59.0000  7636718   32.95%
  16186  2698       59.0000   856       88.0000       59.0000  7678750   32.95%
  16207  2698       62.3889   805       88.0000       59.0000  7730119   32.95%
  16223  2699       59.0000   731       88.0000       59.0000  7752083   32.95%
  16240  2683       59.0000   873       88.0000       59.0000  7838060   32.95%
  16255  2677       62.0299   854       88.0000       59.0000  7905494   32.95%
  16270  2680       59.8286   905       88.0000       59.0000  7925014   32.95%
  16282  2676       59.0000   913       88.0000       59.0000  7917616   32.95%
  16293  2673        cutoff             88.0000       59.0000  7995729   32.95%
Elapsed time = 670.98 sec. (569126.76 ticks, tree = 47.86 MB, solutions = 1)
  16308  2668       65.1741   936       88.0000       59.0000  8152022   32.95%
  16319  2665        cutoff             88.0000       59.0000  8140088   32.95%
  16331  2660       87.0000   730       88.0000       59.0000  8275066   32.95%
  16347  2655       59.0000   892       88.0000       59.0000  8288791   32.95%
  16369  2660       70.0000   773       88.0000       59.0000  8285933   32.95%
  16386  2652        cutoff             88.0000       59.0000  8355108   32.95%
  16397  2659       59.0000   658       88.0000       59.0000  8304537   32.95%
  16414  2655       60.0000   817       88.0000       59.0000  8418420   32.95%
  16428  2654       59.0000   817       88.0000       59.0000  8452724   32.95%
  16440  2654       59.0000   890       88.0000       59.0000  8396827   32.95%
Elapsed time = 717.19 sec. (611830.74 ticks, tree = 47.74 MB, solutions = 1)
  16460  2648       59.0000   855       88.0000       59.0000  8538459   32.95%
  16477  2647       61.2176   969       88.0000       59.0000  8569244   32.95%
  16492  2636       59.0000   867       88.0000       59.0000  8673492   32.95%
  16495  2637       59.0000   838       88.0000       59.0000  8667953   32.95%
  16507  2635       59.0000   869       88.0000       59.0000  8735520   32.95%
  16529  2635       60.0000   834       88.0000       59.0000  8785789   32.95%
  16548  2631        cutoff             88.0000       59.0000  8782108   32.95%
  16556  2635       59.0000   963       88.0000       59.0000  8937405   32.95%
  16560  2627       59.6412   836       88.0000       59.0000  8919111   32.95%
  16571  2624       61.2176   905       88.0000       59.0000  8967611   32.95%
Elapsed time = 763.01 sec. (654446.54 ticks, tree = 46.98 MB, solutions = 1)
  16584  2624        cutoff             88.0000       59.0000  9078371   32.95%
  16590  2622       59.0000   932       88.0000       59.0000  9113085   32.95%
  16598  2621       59.0000   926       88.0000       59.0000  9160182   32.95%
  16613  2623       59.0000   888       88.0000       59.0000  9093660   32.95%
  16626  2618        cutoff             88.0000       59.0000  9202975   32.95%
  16636  2613       59.0000   917       88.0000       59.0000  9336264   32.95%
  16645  2613        cutoff             88.0000       59.0000  9299117   32.95%
  16658  2615       83.3333   830       88.0000       59.0000  9330242   32.95%
  16661  2616       59.0000   939       88.0000       59.0000  9237678   32.95%
  16673  2619       60.0954   973       88.0000       59.0000  9173879   32.95%
Elapsed time = 811.22 sec. (700202.93 ticks, tree = 46.87 MB, solutions = 1)
  16683  2611       59.0000   962       88.0000       59.0000  9388721   32.95%
  16695  2600       59.0000   922       88.0000       59.0000  9563863   32.95%
  16716  2601        cutoff             88.0000       59.0000  9598558   32.95%
  16730  2602        cutoff             88.0000       59.0000  9559923   32.95%
  16738  2598       59.0000   871       88.0000       59.0000  9691007   32.95%
  16749  2601       59.0000   901       88.0000       59.0000  9597581   32.95%
  16759  2598       83.0000   793       88.0000       59.0000  9649819   32.95%
  16771  2598       83.0000   795       88.0000       59.0000  9714962   32.95%
  16787  2593       59.0000   854       88.0000       59.0000  9761801   32.95%
  16795  2590       59.0000   911       88.0000       59.0000  9847937   32.95%
Elapsed time = 856.26 sec. (742880.77 ticks, tree = 46.50 MB, solutions = 1)
  16805  2592        cutoff             88.0000       59.0000  9883533   32.95%
  16819  2592       59.0000   917       88.0000       59.0000  9935058   32.95%
  16827  2593       59.0549   953       88.0000       59.0000  9844404   32.95%
  16835  2592       59.0000   779       88.0000       59.0000  9931372   32.95%
  16855  2577    infeasible             88.0000       59.0000 10147548   32.95%
  16869  2592       59.0000   874       88.0000       59.0000  9961126   32.95%
  16875  2587       59.9704   925       88.0000       59.0000 10009907   32.95%
  16886  2578       59.0000   907       88.0000       59.0000 10159322   32.95%
  16894  2573       62.0000   916       88.0000       59.0000 10197882   32.95%
  16902  2577    infeasible             88.0000       59.0000 10175064   32.95%
Elapsed time = 901.66 sec. (784662.06 ticks, tree = 45.84 MB, solutions = 1)
  16909  2587       59.0000   734       88.0000       59.0000 10136470   32.95%
  16919  2569       59.0000   736       88.0000       59.0000 10409295   32.95%
  16929  2566    infeasible             88.0000       59.0000 10479751   32.95%
  16937  2570       59.0000   882       88.0000       59.0000 10346796   32.95%
  16950  2569       59.5000   873       88.0000       59.0000 10435511   32.95%
  16968  2571       68.3754   891       88.0000       59.0000 10540668   32.95%
  16975  2566       61.2176   954       88.0000       59.0000 10510098   32.95%
  16986  2567       59.0000   888       88.0000       59.0000 10482290   32.95%
  16992  2570    infeasible             88.0000       59.0000 10663726   32.95%
  17008  2566    infeasible             88.0000       59.0000 10702768   32.95%
Elapsed time = 951.98 sec. (831738.77 ticks, tree = 45.87 MB, solutions = 1)
  17019  2566        cutoff             88.0000       59.0000 10847447   32.95%
  17023  2566    infeasible             88.0000       59.0000 10830694   32.95%
  17031  2569       59.6412   906       88.0000       59.0000 10861033   32.95%
  17050  2557       73.8474   788       88.0000       59.0000 10999728   32.95%
  17057  2564       59.0972   981       88.0000       59.0000 10927971   32.95%
  17067  2560       83.7294   765       88.0000       59.0000 11045645   32.95%
  17077  2557       74.0000   927       88.0000       59.0000 11089864   32.95%
  17087  2553        cutoff             88.0000       59.0000 11078281   32.95%
  17098  2555        cutoff             88.0000       59.0000 11168392   32.95%
  17101  2555       59.0127   877       88.0000       59.0000 11109621   32.95%
Elapsed time = 1001.09 sec. (878202.43 ticks, tree = 45.77 MB, solutions = 1)
  17112  2559       59.0000   915       88.0000       59.0000 11055221   32.95%
  17117  2554       59.0000   948       88.0000       59.0000 11287682   32.95%
  17126  2554       59.0000   892       88.0000       59.0000 11270997   32.95%
  17133  2555       59.0000   834       88.0000       59.0000 11281031   32.95%
  17142  2554       59.0000   923       88.0000       59.0000 11313303   32.95%
  17149  2551       59.0000   877       88.0000       59.0000 11464148   32.95%
  17160  2550       59.0000   909       88.0000       59.0000 11388265   32.95%
  17167  2554       59.0000   975       88.0000       59.0000 11333993   32.95%
  17177  2554       59.0000   882       88.0000       59.0000 11297225   32.95%
  17187  2547       59.0000   846       88.0000       59.0000 11542242   32.95%
Elapsed time = 1048.58 sec. (922985.98 ticks, tree = 45.48 MB, solutions = 1)
  17195  2544        cutoff             88.0000       59.0000 11551230   32.95%
  17210  2550       59.6280  1054       88.0000       59.0000 11636402   32.95%
  17217  2546       60.6432   982       88.0000       59.0000 11618485   32.95%
  17231  2547    infeasible             88.0000       59.0000 11708386   32.95%
  17240  2544       59.0000   931       88.0000       59.0000 11847278   32.95%
  17246  2550       60.0000   991       88.0000       59.0000 11661821   32.95%
  17259  2544       60.0000   930       88.0000       59.0000 11863717   32.95%
  17275  2535       65.0000   882       88.0000       59.0000 12044739   32.95%
  17281  2543       59.0000   918       88.0000       59.0000 11903276   32.95%
  17287  2543        cutoff             88.0000       59.0000 11887910   32.95%
Elapsed time = 1100.45 sec. (969247.00 ticks, tree = 45.95 MB, solutions = 1)
  17296  2540       68.7160   962       88.0000       59.0000 11992992   32.95%
  17310  2538       59.0000   860       88.0000       59.0000 12016891   32.95%
  17324  2535        cutoff             88.0000       59.0000 12025045   32.95%
  17331  2535       59.0000   921       88.0000       59.0000 12089723   32.95%
  17339  2536       60.0000   944       88.0000       59.0000 12029539   32.95%
  17352  2529        cutoff             88.0000       59.0000 12148710   32.95%
  17355  2527       59.0000   949       88.0000       59.0000 12279271   32.95%
  17360  2533       59.0000   968       88.0000       59.0000 12106165   32.95%
  17371  2529       59.0000   989       88.0000       59.0000 12268864   32.95%
  17381  2522       71.2154   900       88.0000       59.0000 12347304   32.95%
Elapsed time = 1146.62 sec. (1013205.39 ticks, tree = 45.35 MB, solutions = 1)
  17398  2527       59.0000   944       88.0000       59.0000 12331702   32.95%
  17410  2520       66.3351   978       88.0000       59.0000 12520800   32.95%
  17418  2523       59.0000   915       88.0000       59.0000 12358869   32.95%
  17422  2522        cutoff             88.0000       59.0000 12359819   32.95%
  17424  2522       59.0000   967       88.0000       59.0000 12422246   32.95%
  17430  2525       59.0000   910       88.0000       59.0000 12302562   32.95%
  17440  2516       59.0000   802       88.0000       59.0000 12574997   32.95%
  17444  2512       59.0000   831       88.0000       59.0000 12633415   32.95%
  17451  2509       59.0000   904       88.0000       59.0000 12724393   32.95%
  17453  2513       59.2500  1032       88.0000       59.0000 12809385   32.95%
Elapsed time = 1199.75 sec. (1063559.55 ticks, tree = 45.26 MB, solutions = 1)
  17459  2513       84.7315   833       88.0000       59.0000 12819259   32.95%
  17467  2512       60.2021   873       88.0000       59.0000 12798302   32.95%
  17478  2513       59.0000   884       88.0000       59.0000 12823010   32.95%
  17488  2504    infeasible             88.0000       59.0000 12890661   32.95%
  17496  2511       59.0000   934       88.0000       59.0000 12805640   32.95%
  17508  2507       59.0000   994       88.0000       59.0000 12860894   32.95%
  17521  2502       59.0000   972       88.0000       59.0000 12903290   32.95%
  17528  2508       59.0000   856       88.0000       59.0000 12938361   32.95%
  17540  2501        cutoff             88.0000       59.0000 13158965   32.95%
  17549  2501       59.0000   910       88.0000       59.0000 12919275   32.95%
Elapsed time = 1247.89 sec. (1107098.63 ticks, tree = 44.84 MB, solutions = 1)
  17558  2506       59.0000   980       88.0000       59.0000 13081174   32.95%
  17574  2495       79.0000   763       88.0000       59.0000 13276899   32.95%
  17590  2493       60.0938   932       88.0000       59.0000 13243902   32.95%
  17604  2494        cutoff             88.0000       59.0000 13197739   32.95%
  17613  2493        cutoff             88.0000       59.0000 13297289   32.95%
  17616  2494       60.2021   967       88.0000       59.0000 13304358   32.95%
  17623  2490    infeasible             88.0000       59.0000 13257161   32.95%
  17626  2493       59.0000   977       88.0000       59.0000 13308895   32.95%
  17637  2493       59.0000   909       88.0000       59.0000 13366779   32.95%
  17650  2482       59.0000   957       88.0000       59.0000 13592063   32.95%
Elapsed time = 1298.19 sec. (1153009.10 ticks, tree = 44.80 MB, solutions = 1)
  17655  2479        cutoff             88.0000       59.0000 13530033   32.95%
  17661  2479       60.6432   915       88.0000       59.0000 13538070   32.95%
  17671  2483       59.6341  1005       88.0000       59.0000 13565188   32.95%
  17678  2480       65.3869   831       88.0000       59.0000 13784612   32.95%
  17685  2479       59.0000   963       88.0000       59.0000 13744824   32.95%
  17693  2473       59.0000   905       88.0000       59.0000 13906541   32.95%
  17703  2478       59.0000   899       88.0000       59.0000 13646319   32.95%
  17712  2477    infeasible             88.0000       59.0000 13804873   32.95%
  17723  2479        cutoff             88.0000       59.0000 13851664   32.95%
  17726  2479       59.0000   865       88.0000       59.0000 13861847   32.95%
Elapsed time = 1349.13 sec. (1202047.19 ticks, tree = 44.60 MB, solutions = 1)
  17745  2469        cutoff             88.0000       59.0000 13936468   32.95%
  17751  2473       59.0000   903       88.0000       59.0000 13966426   32.95%
  17753  2469       59.0000   974       88.0000       59.0000 14204720   32.95%
  17764  2466       59.0000   797       88.0000       59.0000 14126485   32.95%
  17773  2461       59.0000   908       88.0000       59.0000 14094022   32.95%
  17788  2462        cutoff             88.0000       59.0000 14202130   32.95%
  17794  2465        cutoff             88.0000       59.0000 14150060   32.95%
  17804  2467       59.0000   897       88.0000       59.0000 14060719   32.95%
  17808  2467        cutoff             88.0000       59.0000 14323304   32.95%
  17817  2468       59.0000  1058       88.0000       59.0000 14329628   32.95%
Elapsed time = 1399.82 sec. (1249442.34 ticks, tree = 44.48 MB, solutions = 1)
  17825  2469       85.5000   858       88.0000       59.0000 14336189   32.95%
  17832  2465       59.0000   990       88.0000       59.0000 14386088   32.95%
  17838  2460        cutoff             88.0000       59.0000 14462298   32.95%
  17859  2446       59.0000   816       88.0000       59.0000 14612457   32.95%
  17868  2459       60.0000   987       88.0000       59.0000 14469225   32.95%
  17873  2446       59.0000   824       88.0000       59.0000 14657810   32.95%
  17880  2461       59.0000   920       88.0000       59.0000 14424433   32.95%
  17885  2449       59.0000   911       88.0000       59.0000 14595967   32.95%
  17889  2445       59.0000  1015       88.0000       59.0000 14637318   32.95%
  17894  2463       59.0000   981       88.0000       59.0000 14450564   32.95%
Elapsed time = 1450.43 sec. (1297468.94 ticks, tree = 44.77 MB, solutions = 1)
  17906  2455       59.0135   997       88.0000       59.0000 14547372   32.95%
  17913  2437       60.0000   944       88.0000       59.0000 14906461   32.95%
  17923  2434       72.0000   860       88.0000       59.0000 14777135   32.95%
  17928  2436       59.5000  1017       88.0000       59.0000 14946054   32.95%
  17940  2428        cutoff             88.0000       59.0000 14993072   32.95%
  17950  2438       67.0000   896       88.0000       59.0000 14974659   32.95%
  17960  2434    infeasible             88.0000       59.0000 14925361   32.95%
  17968  2433       59.1552  1144       88.0000       59.0000 14794082   32.95%
  17975  2431       59.6581  1025       88.0000       59.0000 15079928   32.95%
  17988  2441       59.0000   927       88.0000       59.0000 14999308   32.95%
Elapsed time = 1500.21 sec. (1343229.98 ticks, tree = 44.35 MB, solutions = 1)
  17999  2424       66.5000   946       88.0000       59.0000 15297864   32.95%
  18006  2421        cutoff             88.0000       59.0000 15264131   32.95%
  18014  2423       59.0000   926       88.0000       59.0000 15302308   32.95%
  18020  2425       59.0000   931       88.0000       59.0000 15015159   32.95%
  18028  2440       59.0000  1017       88.0000       59.0000 15006655   32.95%
  18034  2424       74.0000   882       88.0000       59.0000 15324235   32.95%
  18039  2422        cutoff             88.0000       59.0000 15401789   32.95%
  18045  2423       87.0000   799       88.0000       59.0000 15409071   32.95%
  18061  2424       59.0000  1038       88.0000       59.0000 15138263   32.95%
  18063  2421       87.0000   855       88.0000       59.0000 15452371   32.95%
Elapsed time = 1547.06 sec. (1387274.10 ticks, tree = 43.48 MB, solutions = 1)
  18072  2427       59.0000  1006       88.0000       59.0000 15398173   32.95%
  18076  2412       59.0000  1012       88.0000       59.0000 15605272   32.95%
  18080  2413       59.0000  1015       88.0000       59.0000 15611833   32.95%
  18086  2427       67.0000   934       88.0000       59.0000 15418787   32.95%
  18092  2411       59.0000   913       88.0000       59.0000 15501029   32.95%
  18097  2414       60.0000   875       88.0000       59.0000 15614096   32.95%
  18105  2418       59.0000   975       88.0000       59.0000 15473998   32.95%
  18119  2404        cutoff             88.0000       59.0000 15815353   32.95%
  18125  2409       59.5088  1033       88.0000       59.0000 15744580   32.95%
  18133  2409       59.0000  1051       88.0000       59.0000 15706122   32.95%
Elapsed time = 1596.21 sec. (1432668.85 ticks, tree = 43.57 MB, solutions = 1)
  18137  2410       59.0000  1077       88.0000       59.0000 15712139   32.95%
  18144  2404       59.0000   956       88.0000       59.0000 15975428   32.95%
  18157  2412       59.0000   986       88.0000       59.0000 15670943   32.95%
  18163  2407       60.8480   952       88.0000       59.0000 15998463   32.95%
  18170  2402        cutoff             88.0000       59.0000 15826686   32.95%
  18181  2403       59.0000   911       88.0000       59.0000 15846697   32.95%
  18193  2395       61.5882   976       88.0000       59.0000 16216852   32.95%
  18203  2408       59.0000  1095       88.0000       59.0000 15914074   32.95%
  18209  2395       59.0000  1003       88.0000       59.0000 16301857   32.95%
  18211  2396       59.0000  1104       88.0000       59.0000 16308560   32.95%
Elapsed time = 1651.60 sec. (1482454.44 ticks, tree = 43.28 MB, solutions = 1)
  18216  2404       59.0000   988       88.0000       59.0000 16047461   32.95%
  18232  2396       59.0000   976       88.0000       59.0000 16259526   32.95%
Starting limited solution polishing.
  18236  2397       61.5882  1042       88.0000       59.0000 16329785   32.95%
  18247  2396       61.5882   957       88.0000       59.0000 16338086   32.95%
  18259  2394       59.6341  1060       88.0000       59.0000 16359157   32.95%
  18271  2380       66.5000   937       88.0000       59.0000 16533936   32.95%
  18285  2381       67.3559   880       88.0000       59.0000 16439546   32.95%
  18297  2394       59.0000  1012       88.0000       59.0000 16350901   32.95%
  18303  2378       59.0000   880       88.0000       59.0000 16486709   32.95%
  18306  2376       59.0000   864       88.0000       59.0000 16515126   32.95%
Elapsed time = 1707.22 sec. (1531977.82 ticks, tree = 42.37 MB, solutions = 1)
  18314  2380       60.8480  1027       88.0000       59.0000 16708364   32.95%
  18317  2379       62.0583   973       88.0000       59.0000 16715896   32.95%
  18329  2376       59.0000   861       88.0000       59.0000 16524911   32.95%
  18335  2377       59.6341   996       88.0000       59.0000 16671998   32.95%
  18345  2375    infeasible             88.0000       59.0000 16680378   32.95%
  18357  2377       67.0000   847       88.0000       59.0000 16834228   32.95%
  18366  2376       60.5108  1105       88.0000       59.0000 16622834   32.95%
  18374  2362       81.0000   756       88.0000       59.0000 16901758   32.95%
  18384  2373       59.0000   911       88.0000       59.0000 16696939   32.95%
  18392  2362       59.0000   872       88.0000       59.0000 16908693   32.95%
Elapsed time = 1758.92 sec. (1578930.52 ticks, tree = 42.03 MB, solutions = 1)
  18407  2364       59.6341  1032       88.0000       59.0000 16940488   32.95%
  18412  2365       80.8772   944       88.0000       59.0000 16946981   32.95%
  18418  2353       59.0000   912       88.0000       59.0000 17057090   32.95%
  18427  2363       59.0000   924       88.0000       59.0000 16950740   32.95%
  18431  2358        cutoff             88.0000       59.0000 17250344   32.95%
  18439  2351        cutoff             88.0000       59.0000 17080049   32.95%
  18445  2364       59.0000   967       88.0000       59.0000 16973154   32.95%
  18452  2356       59.0000   895       88.0000       59.0000 17020011   32.95%

GUB cover cuts applied:  1778
Clique cuts applied:  85
Cover cuts applied:  1409
Implied bound cuts applied:  1201
Flow cuts applied:  187
Mixed integer rounding cuts applied:  740
Zero-half cuts applied:  12
Gomory fractional cuts applied:  40

Root node processing (before b&c):
  Real time             =    2.63 sec. (1779.39 ticks)
Parallel b&c, 8 threads:
  Real time             = 1797.40 sec. (1617983.22 ticks)
  Sync time (average)   =  150.79 sec.
  Wait time (average)   =    0.05 sec.
                          ------------
Total (root+branch&cut) = 1800.03 sec. (1619762.62 ticks)
! --------------------------------------------------------
! Status: FEASIBLE (time limit or other stopping criterion reached)
! Best span = 88
! Labeling: 1 2 47 24 58 1 15 60 48 2 7 68 88 88 30 31 62 85 80 78 56 17 1 1 53 11 40 45 46 61 36 79 3 72 88 1 20 77 50 22 57 17 63 19 9 43 65 13 76 36 64 1 25 87 86 38 28 12 1 75 86 1 49 82 21 73 70 31 1 42 30 71 59 59 7 6 88 1 55 41 23 59 5 37 54 66 1 32 44 26 27 81 69 55 1 59 74 29 30 51 16 52 1 39 4 67 14 8 18 83 33 31 10 35 34 84 1 30 
! --------------------------------------------------------
! All verification passed
