! Solving for graph /home/truongxuanhieu/CPLEX-MIP-for-MinSpanLabeling/benchmarks/abp/M-bcsstk06.mtx.rnd
! Target value is set to 25
! Lower bound is set to 26
! Upper bound is set to 315
! Time limit is set to 1800
! Vertices mode is set to Has hole
! Target value mode is set to Antibandwidth
Version identifier: 22.2.0.0 | 2026-05-04 | 5dff98e58
CPXPARAM_TimeLimit                               1800
Tried aggregator 2 times.
MIP Presolve eliminated 3721 rows and 997 columns.
MIP Presolve modified 132563 coefficients.
Aggregator did 8700 substitutions.
Reduced MIP has 16982 rows, 148284 columns, and 308986 nonzeros.
Reduced MIP has 136283 binaries, 4141 generals, 0 SOSs, and 7860 indicators.
Presolve time = 0.51 sec. (1012.07 ticks)
Probing time = 0.93 sec. (293.67 ticks)
Tried aggregator 2 times.
Detecting symmetries...
Aggregator did 4 substitutions.
Reduced MIP has 16978 rows, 148280 columns, and 308982 nonzeros.
Reduced MIP has 136283 binaries, 4557 generals, 0 SOSs, and 7860 indicators.
Presolve time = 0.51 sec. (282.50 ticks)
Probing time = 0.11 sec. (30.20 ticks)
Clique table members: 7291.
MIP emphasis: balance optimality and feasibility.
MIP search method: dynamic search.
Parallel mode: deterministic, using up to 8 threads.
Root relaxation solution time = 1.35 sec. (481.61 ticks)

        Nodes                                         Cuts/
   Node  Left     Objective  IInf  Best Integer    Best Bound    ItCnt     Gap

      0     0       26.0000  2250                     26.0000     4548         
      0     0       26.0000  4923                  Cuts: 4344     8393         
      0     0       26.0000  4646                  Cuts: 4344    10508         
      0     0       26.0000  4553                  Cuts: 4344    13282         
      0     0       26.0000  4494                  Cuts: 4344    15799         
      0     0       26.0000  4503                  Cuts: 2928    18039         
      0     2       26.0000  4503                     26.0000    18039         
Elapsed time = 34.06 sec. (24055.06 ticks, tree = 0.02 MB, solutions = 0)
      6     4       26.0000  4384                     26.0000    18109         
     18    15       26.0000  4392                     26.0000    20870         
     53    35       51.0000  3976                     26.0000    24328         
     98    76       26.0000  4046                     26.0000    28759         
    145   113       51.0000  3947                     26.0000    32895         
    207   155       26.0000  3918                     26.0000    43379         
    262   194       26.0000  4105                     26.0000    43954         
    325   277       52.0000  3750                     26.0000    50363         
    376   308       51.0000  3846                     26.0000    53845         
    556   474       76.0000  3091                     26.0000    80945         
Elapsed time = 40.95 sec. (27312.33 ticks, tree = 19.74 MB, solutions = 0)
    706   648       77.0000  3294                     26.0000    99879         
    845   756       76.0000  2852                     26.0000   110745         
    962   871       76.0000  3137                     26.0000   121331         
   1041   979    infeasible                           26.0000   136453         
   1047   978    infeasible                           26.0000   136465         
   1055  1015       77.0000  3127                     26.0000   144948         
   1090  1042       77.0000  3138                     26.0000   145900         
   1170  1090       76.0000  3202                     26.0000   159476         
   1328  1140       76.0000  3305                     26.0000   170138         
   1512  1291       76.0000  2989                     26.0000   184346         
Elapsed time = 67.95 sec. (37322.81 ticks, tree = 62.99 MB, solutions = 0)
   1713  1481      101.0000  2857                     26.0000   206264         
   1938  1651      101.0000  2937                     26.0000   225157         
   2154  1929      101.0000  2565                     26.0000   247108         
   2358  2110      126.0000  2435                     26.0000   260965         
   2536  2270      151.0000  2266                     26.0000   277040         
   2730  2429      101.0000  2529                     26.0000   291247         
   2957  2542       51.0000  3712                     26.0000   303327         
   3159  2834       76.0000  3002                     26.0000   327916         
   3334  3001      101.0000  2772                     26.0000   347626         
   3517  3102      101.0000  2357                     26.0000   348939         
Elapsed time = 87.86 sec. (46897.13 ticks, tree = 164.16 MB, solutions = 0)
   3747  3258      101.0000  2256                     26.0000   361479         
   4024  3601      151.0000  2281                     26.0000   382728         
   4288  3850      227.0000  2389                     26.0000   396956         
   4522  3981       51.0000  4004                     26.0000   402886         
   4735  4236      101.0000  2681                     26.0000   408609         
   4959  4531       51.0000  4082                     26.0000   453636         
   5107  4658      126.0000  2544                     26.0000   457130         
   5303  4885      187.0000  2454                     26.0000   485234         
   5496  5103       76.0000  2668                     26.0000   506980         
   5736  5253      101.0000  2437                     26.0000   528510         
Elapsed time = 106.64 sec. (56485.55 ticks, tree = 284.02 MB, solutions = 0)
   5985  5617      126.0000  2341                     26.0000   545678         
   6223  5613      126.0000  2454                     26.0000   545895         
   6430  5938      126.0000  2380                     26.0000   570969         
   6648  6055       76.0000  3039                     26.0000   581694         
   6814  6347      101.0000  2293                     26.0000   601206         
   7012  6419       76.0000  3328                     26.0000   606919         
   7263  6624      126.0000  2373                     26.0000   621553         
   7496  6946      101.0000  2513                     26.0000   648823         
   7752  7158      101.0000  2710                     26.0000   661105         
   7938  7257       76.0000  2913                     26.0000   668500         
Elapsed time = 127.81 sec. (66080.92 ticks, tree = 394.73 MB, solutions = 0)
   7962  7421    infeasible                           26.0000   675728         
   8008  7600      127.0000  2378                     26.0000   697374         
   8123  7674      101.0000  2603                     26.0000   701227         
   8346  7717      126.0000  2341                     26.0000   703556         
   8593  7892      101.0000  2769                     26.0000   713449         
   8815  8243      101.0000  2805                     26.0000   736317         
   9086  8182       76.0000  3240                     26.0000   733374         
   9340  8481      101.0000  2845                     26.0000   762033         
   9657  8868      101.0000  3174                     26.0000   775028         
   9916  8910      126.0000  2600                     26.0000   776242         
Elapsed time = 150.45 sec. (76311.24 ticks, tree = 486.11 MB, solutions = 0)
  10175  9221       51.0000  3855                     26.0000   791448         
  10456  9540      126.0000  2470                     26.0000   809624         
  10731  9725      164.0000  2672                     26.0000   820576         
  10956  9986       51.0000  3735                     26.0000   836576         
  11224 10337      101.0000  2594                     26.0000   858512         
  11474 10425      126.0000  2512                     26.0000   860322         
  11707 10823      126.0000  2384                     26.0000   877670         
  11984 10797      101.0000  2801                     26.0000   879971         
  12233 11247      126.0000  2218                     26.0000   904602         
  12477 11596       51.0000  3774                     26.0000   920506         
Elapsed time = 168.26 sec. (85895.09 ticks, tree = 634.70 MB, solutions = 0)
  12647 11815       89.0000  3115                     26.0000   935362         
  12927 12054       76.0000  2826                     26.0000   953464         
  13270 12246      126.0000  2391                     26.0000   961551         
  13538 12475      126.0000  2261                     26.0000   966676         
  13834 12574      139.0000  2672                     26.0000   970442         
  14057 12873       51.0000  3929                     26.0000   990582         
  14277 13282       76.0000  2933                     26.0000  1016059         
  14523 13455      126.0000  2175                     26.0000  1032346         
  14757 13398       51.0000  4094                     26.0000  1035467         
  14977 13758       76.0000  3326                     26.0000  1059035         
Elapsed time = 185.77 sec. (95462.37 ticks, tree = 753.90 MB, solutions = 0)
  15227 13985      101.0000  2875                     26.0000  1076473         
  15496 14171      126.0000  2416                     26.0000  1088860         
  15725 14652      101.0000  2454                     26.0000  1119983         
  15941 14756       51.0000  3814                     26.0000  1132138         
  16190 14950      101.0000  2748                     26.0000  1139194         
  16399 15017      101.0000  3002                     26.0000  1150540         
  16570 15366       76.0000  3004                     26.0000  1173182         
  16842 15544      101.0000  2618                     26.0000  1184977         
  17119 15896      101.0000  2494                     26.0000  1217853         
  17412 15931      101.0000  2452                     26.0000  1218936         
Elapsed time = 203.29 sec. (105022.89 ticks, tree = 874.00 MB, solutions = 0)
  17678 16189       76.0000  3631                     26.0000  1232326         
  17928 16444      126.0000  2175                     26.0000  1236062         
  18190 17083      101.0000  2652                     26.0000  1270846         
  18458 17131      101.0000  2701                     26.0000  1271724         
  18698 17168      151.0000  2320                     26.0000  1273499         
  19015 17729      151.0000  2019                     26.0000  1317581         
  19323 17594      151.0000  2215                     26.0000  1314787         
  19569 18344       76.0000  2903                     26.0000  1346580         
  19836 18560      126.0000  1940                     26.0000  1361955         
  20688 19197      251.0000  1511                     26.0000  1397419         
Elapsed time = 227.66 sec. (117459.91 ticks, tree = 1058.73 MB, solutions = 0)
  20908 19754      151.0000  2557                     26.0000  1431269         
  21884 20425       76.0000  2528                     26.0000  1484417         
  22880 21090      101.0000  2238                     26.0000  1549900         
  23755 22124    infeasible                           26.0000  1637783         
  24613 22836      101.0000  2215                     26.0000  1705300         
  25545 23541      126.0000  2076                     26.0000  1767982         
  26767 24771       51.0000  3895                     26.0000  1849593         
  27796 26063      101.0000  2445                     26.0000  1920845         
  28906 27176      101.0000  2413                     26.0000  1962250         
  30114 27801       76.0000  2183                     26.0000  1996815         
Elapsed time = 300.44 sec. (155633.23 ticks, tree = 1536.47 MB, solutions = 0)
  31238 29297       76.0000  3152                     26.0000  2067024         
  32156 30055      101.0000  2802                     26.0000  2096226         
  33262 31107       76.0000  3488                     26.0000  2162558         
  34275 32237      101.0000  2336                     26.0000  2220778         
  35346 33168      101.0000  3124                     26.0000  2273019         
  36492 34571      101.0000  2514                     26.0000  2343063         
  37582 34975       76.0000  1949                     26.0000  2366168         
  38566 36324       51.0000  3968                     26.0000  2431050         
  39638 37501      101.0000  2626                     26.0000  2502618         
  40131 37925      126.0000  2238                     26.0000  2525394         
Elapsed time = 371.91 sec. (193820.15 ticks, tree = 2094.72 MB, solutions = 0)
Nodefile size = 33.71 MB (6.14 MB after compression)
  40636 38867       97.0000  2586                     26.0000  2591160         
  41652 38980      126.0000  2561                     26.0000  2603953         
  42848 40132       76.0000  3229                     26.0000  2661079         
  43941 41267      101.0000  2065                     26.0000  2706495         
  44957 42802      101.0000  2782                     26.0000  2778177         
  46070 43817      101.0000  3078                     26.0000  2829808         
  47111 45278      126.0000  2199                     26.0000  2898938         
  48193 45599      101.0000  2656                     26.0000  2919589         
  49370 47350      126.0000  2553                     26.0000  3005975         
  50222 47694      101.0000  2431                     26.0000  3021316         
Elapsed time = 441.61 sec. (232014.53 ticks, tree = 2636.17 MB, solutions = 0)
Nodefile size = 576.16 MB (102.57 MB after compression)

Performing restart 1

Repeating presolve.
Tried aggregator 1 time.
Reduced MIP has 16978 rows, 148280 columns, and 308982 nonzeros.
Reduced MIP has 136283 binaries, 4557 generals, 0 SOSs, and 7860 indicators.
Presolve time = 0.21 sec. (155.76 ticks)
Tried aggregator 1 time.
Reduced MIP has 16978 rows, 148280 columns, and 308982 nonzeros.
Reduced MIP has 136283 binaries, 4557 generals, 0 SOSs, and 7860 indicators.
Presolve time = 0.43 sec. (237.11 ticks)
Represolve time = 2.35 sec. (897.25 ticks)
  50347     0       26.0000  5667                  Cuts: 4344  3081612         
  50347     0       26.0000  5638                  Cuts: 4344  3084528         
  50347     0       26.0000  5863                  Cuts: 4344  3087963         
  50347     0       26.2393  6243                  Cuts: 3960  3096505         
  50347     0       27.0000  5955                  Cuts: 3248  3101581         
  50347     0       27.0000  6051                  Cuts: 4282  3105106         
  50347     0       27.0000  6094                  Cuts: 3093  3110418         
  50347     0       27.0000  6022                  Cuts: 4344  3115570         
  50347     0       30.1667  5846                  Cuts: 4344  3119699         
  50347     0       31.2832  5992                  Cuts: 4344  3122605         
  50347     0       31.2832  6213                  Cuts: 4344  3125646         
  50347     2       31.2832  5123                     31.2832  3125646         
  50574   187       51.0000  3498                     38.5000  3138984         
  51379   783       52.0000  3796                     39.0000  3174601         
  52060  1501       63.0000  3521                     39.0000  3222639         
  52548  2003      108.0000  2803                     39.0000  3264094         
  53010  2468      104.0000  2597                     39.0000  3331663         
  53565  2946      193.0000  2805                     39.0000  3398812         
  53995  3424    infeasible                           39.0000  3434221         
  54003  3422    infeasible                           39.0000  3434601         
  54010  3432       60.0000  4367                     39.0000  3443055         
Elapsed time = 894.55 sec. (560744.58 ticks, tree = 181.28 MB, solutions = 0)
  54085  3479       85.0000  3474                     39.0000  3496531         

Performing restart 2

Repeating presolve.
Tried aggregator 1 time.
Reduced MIP has 16978 rows, 148280 columns, and 331894 nonzeros.
Reduced MIP has 136283 binaries, 4557 generals, 0 SOSs, and 7860 indicators.
Presolve time = 0.27 sec. (163.94 ticks)
Tried aggregator 1 time.
Reduced MIP has 16978 rows, 148280 columns, and 331894 nonzeros.
Reduced MIP has 136283 binaries, 4557 generals, 0 SOSs, and 7860 indicators.
Presolve time = 0.45 sec. (239.38 ticks)
Represolve time = 12.71 sec. (6206.94 ticks)
  54135     0       34.5674  6140                  Cuts: 4344  3544766         
  54135     0       35.0000  5892                  Cuts: 4344  3548350         
  54135     0       35.0445  6120                  Cuts: 4344  3551763         
  54135     0       35.1524  6137                  Cuts: 4344  3556939         
  54135     0       35.1524  6029                  Cuts: 4344  3561539         
  54135     0       35.1558  6187                  Cuts: 4344  3565163         
  54135     0       35.2297  6177                  Cuts: 4344  3570843         
  54135     0       35.9697  6098                  Cuts: 4344  3574672         
  54135     0       35.9697  6242                  Cuts: 4344  3578284         
  54135     0       35.9697  6239                  Cuts: 3872  3583579         
  54135     0       35.9697  6226                  Cuts: 4344  3587569         
  54135     0       35.9697  6380                  Cuts: 4344  3591653         
  54135     2       35.9697  5415                     39.0000  3591653         
  54270   124       76.0000  3018                     39.0000  3597572         
  54513   358      314.0000  2680                     39.0000  3611495         
  54731   513      314.0000  2651                     39.0000  3618497         
  55617  1382       76.0000  2897                     39.0000  3651008         
  55832  1641       76.0000  3452                     39.0000  3688707         
  56294  2015      314.0000  2108                     39.0000  3715287         
  56579  2291      119.0000  2304                     39.0000  3749960         
  56753  2547       51.0000  4501                     39.0000  3771747         
Elapsed time = 1479.11 sec. (1011377.81 ticks, tree = 171.27 MB, solutions = 0)
  56906  2688      120.0000  2296                     39.0000  3795073         
  57057  2771       51.0000  3899                     39.0000  3805139         
  57165  2901      152.0000  2022                     39.0000  3820228         
  57444  3115       76.0000  3235                     39.0000  3842185         
  57793  3334       65.0000  3122                     39.0000  3873827         
  58044  3681      200.0000  2060                     39.0000  3918257         
  58719  3983       76.0000  3435                     39.0000  3948934         
  58866  4410      102.0000  2495                     39.0000  3978446         
  58976  4499       76.0000  3845                     39.0000  4005389         
  59129  4759      101.0000  3140                     39.0000  4080591         
Elapsed time = 1587.25 sec. (1049745.92 ticks, tree = 323.57 MB, solutions = 0)
  59347  4847       64.0000  3701                     39.0000  4104112         
  59702  5120       64.0000  4315                     39.0000  4137095         
  59882  5386    infeasible                           39.0000  4176735         
  60025  5679       76.0000  4122                     39.0000  4277532         
  60141  5760      101.0000  3035                     39.0000  4283861         
  60278  5891       84.0000  3305                     39.0000  4363474         
  60445  6039      119.0000  2806                     39.0000  4410651         
  60639  6159      134.0000  2874                     39.0000  4452409         
  60856  6416       78.0000  3540                     39.0000  4498524         
  61034  6621       77.0000  3248                     39.0000  4543611         
Elapsed time = 1693.55 sec. (1088082.11 ticks, tree = 443.90 MB, solutions = 0)
  61171  6776       88.0000  3093                     39.0000  4578943         
  61333  6856      139.0000  3120                     39.0000  4596047         
  61487  6989      140.0000  3014                     39.0000  4627802         
  61626  7142      164.0000  2868                     39.0000  4667653         
  61797  7307      101.0000  3174                     39.0000  4725399         
  61959  7451      101.0000  3001                     39.0000  4776297         
  62154  7672       76.0000  3270                     39.0000  4826941         
  62366  7860       76.0000  3631                     39.0000  4870238         
  62569  7947      212.0000  2218                     39.0000  4886238         

GUB cover cuts applied:  1223
Clique cuts applied:  148
Cover cuts applied:  299
Implied bound cuts applied:  2776
Flow cuts applied:  187
Mixed integer rounding cuts applied:  2793
Zero-half cuts applied:  20
Gomory fractional cuts applied:  8

Root node processing (before b&c):
  Real time             =   33.58 sec. (23864.83 ticks)
Parallel b&c, 8 threads:
  Real time             = 1766.50 sec. (1101785.67 ticks)
  Sync time (average)   =  187.72 sec.
  Wait time (average)   =    1.53 sec.
                          ------------
Total (root+branch&cut) = 1800.09 sec. (1125650.50 ticks)
! --------------------------------------------------------
! Problem is UNKNOWN
! CPLEX Status = AbortTimeLim
! --------------------------------------------------------
