! Solving for graph /home/truongxuanhieu/CPLEX-MIP-for-MinSpanLabeling/benchmarks/abp/S-sherman4.mtx.rnd
! Target value is set to 195
! Lower bound is set to 196
! Upper bound is set to 409
! Time limit is set to 1800
! Vertices mode is set to Has hole
! Target value mode is set to Antibandwidth
Version identifier: 22.2.0.0 | 2026-05-04 | 5dff98e58
CPXPARAM_TimeLimit                               1800
Tried aggregator 2 times.
MIP Presolve eliminated 1342 rows and 1296 columns.
MIP Presolve modified 223656 coefficients.
Aggregator did 4320 substitutions.
Reduced MIP has 8096 rows, 230113 columns, and 465885 nonzeros.
Reduced MIP has 224997 binaries, 1888 generals, 0 SOSs, and 3228 indicators.
Presolve time = 0.73 sec. (1082.53 ticks)
Probing time = 1.39 sec. (421.49 ticks)
Tried aggregator 1 time.
Detecting symmetries...
Reduced MIP has 8096 rows, 230113 columns, and 465885 nonzeros.
Reduced MIP has 224997 binaries, 2434 generals, 0 SOSs, and 3228 indicators.
Presolve time = 0.69 sec. (359.86 ticks)
Probing time = 0.16 sec. (44.05 ticks)
Clique table members: 11692.
MIP emphasis: balance optimality and feasibility.
MIP search method: dynamic search.
Parallel mode: deterministic, using up to 8 threads.
Root relaxation solution time = 0.83 sec. (321.45 ticks)

        Nodes                                         Cuts/
   Node  Left     Objective  IInf  Best Integer    Best Bound    ItCnt     Gap

      0     0      196.0000  1075                    196.0000     1530         
      0     0      196.0000  2918                  Cuts: 2124     4960         
      0     0      196.0000  2252                  Cuts: 2124     6606         
      0     0      196.0000  2319                  Cuts: 2124     8150         
Detecting symmetries...
      0     2      196.0000  2319                    196.0000     8150         
Elapsed time = 25.14 sec. (17969.16 ticks, tree = 0.02 MB, solutions = 0)
      7     9      196.0000  2201                    196.0000     8291         
     13     5      196.0000  2309                    196.0000     8170         
     22    22      196.0000  2213                    196.0000     9368         
     80    31      196.0000  2075                    196.0000    12641         
    137   105      196.0000  1994                    196.0000    16589         
    179   167      196.0000  1970                    196.0000    17849         
    213   152      303.0000  2029                    196.0000    19474         
    227   217      196.0000  1857                    196.0000    24252         
    243   233      196.0000  1922                    196.0000    35168         
    265   267      391.0000  1630                    196.0000    74226         
Elapsed time = 39.92 sec. (23394.16 ticks, tree = 25.55 MB, solutions = 0)
    312   273      391.0000  1667                    196.0000    74771         
    507   337      391.0000  1362                    196.0000    78535         
    690   549      196.0000  1970                    196.0000    87868         
    777   647      196.0000  2034                    196.0000    98716         
    905   683      391.0000  1537                    196.0000   108031         
   1005   762      391.0000  1404                    196.0000   122942         
   1177   900      391.0000  1490                    196.0000   140154         
   1319  1079      391.0000  1386                    196.0000   152335         
   1498  1138      391.0000  1629                    196.0000   167403         
   1619  1260      391.0000  1796                    196.0000   170220         
Elapsed time = 60.16 sec. (32959.28 ticks, tree = 195.43 MB, solutions = 0)
   1725  1438      391.0000  1426                    196.0000   194001         
   1862  1472      391.0000  1640                    196.0000   200032         
   2036  1599    infeasible                          196.0000   214218         
   2157  1763      391.0000  1172                    196.0000   235302         
   2339  1835      391.0000  1699                    196.0000   241554         
   2497  1924      391.0000  1039                    196.0000   246412         
   2696  2040      391.0000  1414                    196.0000   254858         
   2865  2240      391.0000  1416                    196.0000   262498         
   3089  2434      391.0000  1465                    196.0000   273706         
   3315  2662      391.0000  1066                    196.0000   275650         
Elapsed time = 79.76 sec. (42570.19 ticks, tree = 449.59 MB, solutions = 0)
   3577  2878      391.0000  1273                    196.0000   276840         
   3905  3084      391.0000   976                    196.0000   277180         
   4160  3352      391.0000  1623                    196.0000   280038         
   4422  3585      391.0000  1590                    196.0000   291008         
   4558  3640    infeasible                          196.0000   293551         
   4566  3759      391.0000  1567                    196.0000   301139         
   4644  3782      391.0000  1422                    196.0000   301614         
   4855  3785      391.0000  1336                    196.0000   310265         
   5108  3901    infeasible                          196.0000   314626         
   5349  4080      391.0000  1252                    196.0000   315963         
Elapsed time = 105.05 sec. (53360.86 ticks, tree = 709.01 MB, solutions = 0)
   5587  4162      392.0000  1517                    196.0000   316903         
   5832  4442      392.0000  1236                    196.0000   317572         
   6086  4578      391.0000  1264                    196.0000   318420         
   6394  4618    infeasible                          196.0000   319869         
   6670  4754      391.0000  1135                    196.0000   321688         
   6901  4877    infeasible                          196.0000   322096         
   7151  4918      391.0000  1230                    196.0000   322174         
   7424  5067      391.0000  1213                    196.0000   322555         
   7728  5228      391.0000  1193                    196.0000   322959         
   8020  5353      391.0000  1168                    196.0000   326110         
Elapsed time = 122.79 sec. (62929.80 ticks, tree = 938.83 MB, solutions = 0)
   8294  5375      391.0000  1439                    196.0000   331218         
   8495  5536      391.0000  1439                    196.0000   332317         
   8733  5573      391.0000  1516                    196.0000   337556         
   9006  5665    infeasible                          196.0000   344844         
   9289  5693      391.0000  1091                    196.0000   345176         
   9514  5854      391.0000  1677                    196.0000   349047         
   9851  5962      391.0000  1442                    196.0000   352941         
  10149  6044      391.0000  1463                    196.0000   355922         
  10416  6326      391.0000  1765                    196.0000   359098         
  10637  6634      391.0000  1419                    196.0000   365375         
Elapsed time = 139.78 sec. (72489.71 ticks, tree = 1169.71 MB, solutions = 0)
  10845  6729      391.0000  1472                    196.0000   368142         
  11014  6916      391.0000  1607                    196.0000   377696         
  11307  7135      391.0000  1610                    196.0000   388807         
  11541  7236      392.0000  1457                    196.0000   396918         
  11670  7249      392.0000  1434                    196.0000   396939         

Performing restart 1

Repeating presolve.
Tried aggregator 1 time.
MIP Presolve eliminated 0 rows and 1110 columns.
Reduced MIP has 8096 rows, 229003 columns, and 463665 nonzeros.
Reduced MIP has 223887 binaries, 2434 generals, 0 SOSs, and 3228 indicators.
Presolve time = 0.32 sec. (239.34 ticks)
Tried aggregator 1 time.
Reduced MIP has 8096 rows, 229003 columns, and 463665 nonzeros.
Reduced MIP has 223887 binaries, 2434 generals, 0 SOSs, and 3228 indicators.
Presolve time = 0.78 sec. (366.73 ticks)
Represolve time = 3.45 sec. (1291.90 ticks)
  11683     0      196.0000  2698                  Cuts: 2124   409150         
  11683     0      196.0000  3379                  Cuts: 2124   412090         
  11683     0      196.0000  3796                  Cuts: 2124   415121         
  11683     0      196.0000  4002                  Cuts: 2124   418796         
  11683     2      196.0000  4001                    196.0000   418796         
  11687     6      219.2996  3348                    196.0000   422420         
  11690     8      219.4191  3342                    196.0000   422451         
  11694    10      196.0000  3898                    196.0000   422528         
  11729    21      220.0000  2553                    196.0000   423839         
Elapsed time = 261.80 sec. (165232.87 ticks, tree = 1.82 MB, solutions = 0)
  11759    27      313.0000  2366                    196.0000   429235         
  11778    80      261.0000  2752                    196.0000   471405         
  11810    95      391.0000  2659                    196.0000   488558         
  11846   123      196.0000  3439                    196.0000   512007         
  11878   135      391.0000  2998                    196.0000   521239         
  11886   183      391.0000  2389                    196.0000   532789         
  11915   197      391.0000  2276                    196.0000   549547         
  11954   207      279.0000  2755                    196.0000   549370         
  12004   231      279.0000  2691                    196.0000   559544         
  12072   276      196.0000  2831                    196.0000   579975         
Elapsed time = 305.18 sec. (181247.98 ticks, tree = 27.40 MB, solutions = 0)
  12137   281      197.0000  3248                    196.0000   581429         
  12226   383      391.0000  1710                    196.0000   586034         
  12330   431      391.0000  2392                    196.0000   606081         
  12451   447      391.0000  2108                    196.0000   606922         
  12562   516      392.0000  1620                    196.0000   608271         
  12675   752      392.0000  1519                    196.0000   635653         
  12830   811      392.0000  1383                    196.0000   636376         
  12950   944      391.0000  1593                    196.0000   647403         
  13046  1027      395.0000  1415                    196.0000   664013         
  13131  1122      391.0000  1564                    196.0000   670526         
Elapsed time = 325.52 sec. (190828.29 ticks, tree = 171.27 MB, solutions = 0)
  13224  1279      394.0000  1285                    196.0000   670888         
  13288  1376      391.0000  1507                    196.0000   688488         
  13358  1400      391.0000  1327                    196.0000   688684         
  13446  1552      393.0000  1200                    196.0000   713941         
  13528  1637      391.0000  1239                    196.0000   721044         
  13612  1579      406.0000  1082                    196.0000   714298         
  13720  1746      391.0000   984                    196.0000   735359         
  13815  1738      196.0000  2016                    196.0000   745932         
  13887  1901      206.8386  3395                    196.0000   773787         
  14138  2086      205.0000  3281                    196.0000   807125         
Elapsed time = 358.24 sec. (203372.29 ticks, tree = 345.31 MB, solutions = 0)
  14142  2205      391.0000  2350                    196.0000   816568         
  14150  2306      391.0000  2141                    196.0000   832200         
  14199  2332      391.0000  1873                    196.0000   863214         
  14453  2471      391.0000  1547                    196.0000   886953         
  14814  2643      392.0000  1436                    196.0000   893592         
  15244  3188      393.0000  1166                    196.0000   940984         
  15578  3429    infeasible                          196.0000   960493         
  15855  3732      407.0000  1292                    196.0000   973180         
  15896  3797      391.0000  2031                    196.0000   989431         
  15923  3963      391.0000  2064                    196.0000  1036394         
Elapsed time = 460.22 sec. (244875.23 ticks, tree = 694.91 MB, solutions = 0)
  16203  4003      396.0000  1203                    196.0000  1042537         
  16689  4448      395.0000  1791                    196.0000  1097918         
  17183  4581      392.0000  1478                    196.0000  1107836         
  17411  4974      243.0000  2805                    196.0000  1133257         

Performing restart 2

Repeating presolve.
Tried aggregator 1 time.
MIP Presolve modified 205 coefficients.
Reduced MIP has 8096 rows, 229003 columns, and 605958 nonzeros.
Reduced MIP has 223887 binaries, 2434 generals, 0 SOSs, and 3228 indicators.
Presolve time = 0.46 sec. (300.21 ticks)
Tried aggregator 1 time.
Reduced MIP has 8096 rows, 229003 columns, and 605958 nonzeros.
Reduced MIP has 223887 binaries, 2434 generals, 0 SOSs, and 3228 indicators.
Presolve time = 0.82 sec. (409.01 ticks)
Represolve time = 5.42 sec. (2211.22 ticks)
  17416     0      196.0000  4158                  Cuts: 2124  1179379         
  17416     0      196.0000  4049                  Cuts: 2124  1183854         
  17416     0      196.0000  4186                  Cuts: 2124  1189095         
  17416     0      196.0000  2345                  Cuts: 1317  1193324         
  17416     0      196.0000  3265                  Cuts: 1909  1199013         
  17416     0      196.0000  2395                  Cuts: 1784  1206371         
  17416     0      196.0000   412                  Cuts: 1457  1208577         
  17416     0      196.0000    99                   Cuts: 478  1209117         
  17416     0      196.0000    38                   Cuts: 120  1209271         
  17416     0      196.0000     2                    Cuts: 62  1209306         
* 17416+    0                          196.0000      196.0000             0.00%
  17416     0        cutoff            196.0000      196.0000  1209306    0.00%

GUB cover cuts applied:  945
Clique cuts applied:  116
Cover cuts applied:  364
Implied bound cuts applied:  1509
Flow cuts applied:  91
Mixed integer rounding cuts applied:  4394
Zero-half cuts applied:  338
Lift and project cuts applied:  1
Gomory fractional cuts applied:  7

Root node processing (before b&c):
  Real time             =   24.80 sec. (17882.40 ticks)
Parallel b&c, 8 threads:
  Real time             = 1305.72 sec. (1178269.12 ticks)
  Sync time (average)   =   63.33 sec.
  Wait time (average)   =    0.12 sec.
                          ------------
Total (root+branch&cut) = 1330.52 sec. (1196151.53 ticks)
! --------------------------------------------------------
! Status: OPTIMAL
! Best span = 196
! Labeling: 1 1 196 196 196 1 1 1 1 1 196 1 1 196 1 1 1 196 196 196 1 196 196 1 196 196 1 1 1 196 196 196 196 196 1 1 196 1 196 1 1 196 1 196 196 196 196 196 196 196 196 196 1 1 196 1 1 196 196 196 196 196 196 196 196 1 196 1 196 1 196 1 1 1 1 1 1 196 1 1 196 196 1 196 1 1 196 1 1 1 1 1 196 196 1 196 1 196 196 196 196 1 1 196 196 196 196 1 196 1 196 1 1 1 1 196 196 196 196 196 1 196 196 196 196 196 196 1 196 196 1 196 196 196 196 1 1 196 1 196 196 196 1 1 1 1 1 1 196 1 1 196 1 1 196 196 196 196 1 1 1 1 196 1 196 196 1 196 1 1 1 1 196 196 1 196 196 196 1 1 1 1 1 1 1 196 196 196 196 1 1 196 1 196 196 196 1 1 1 196 1 1 1 196 196 196 1 1 196 1 1 196 1 196 1 1 196 1 196 196 196 196 1 1 1 196 1 196 196 1 196 1 1 196 196 196 196 1 1 1 196 196 1 1 196 196 196 196 1 1 1 1 196 196 196 196 1 196 196 1 1 196 1 1 196 196 196 196 196 196 1 196 196 1 1 1 196 1 196 196 196 1 196 1 196 196 1 196 196 1 1 196 196 196 196 196 1 1 196 196 1 1 1 1 1 196 1 1 1 1 196 196 1 196 1 196 1 1 196 1 196 196 1 1 196 1 1 196 196 1 1 1 196 196 196 196 196 196 1 1 196 196 1 196 196 1 196 1 196 1 1 1 196 1 196 1 1 1 1 1 1 1 1 196 1 196 196 196 196 1 196 1 1 1 1 196 1 1 196 1 1 1 196 196 196 1 196 1 1 1 1 196 1 196 196 196 1 1 1 196 196 196 1 1 196 1 196 1 1 196 1 196 196 196 196 1 1 1 196 1 1 1 1 196 196 196 1 1 1 1 196 1 1 196 196 196 196 1 196 196 1 1 196 1 1 1 196 1 1 196 1 196 196 196 196 1 1 1 1 1 196 196 1 1 196 1 196 196 196 196 1 196 196 1 1 196 1 196 1 196 196 1 1 196 1 1 1 1 196 1 1 1 1 196 1 196 1 196 1 1 196 1 196 196 196 196 196 196 1 196 196 196 196 196 196 196 1 196 1 196 1 1 1 196 1 1 196 196 196 1 196 1 1 196 196 1 1 1 196 1 1 1 1 1 196 196 
! --------------------------------------------------------
! All verification passed
