! Solving for graph /home/truongxuanhieu/CPLEX-MIP-for-MinSpanLabeling/benchmarks/abp/U-662_bus.mtx.rnd
! Target value is set to 165
! Lower bound is set to 166
! Upper bound is set to 496
! Time limit is set to 1800
! Vertices mode is set to No hole
! Target value mode is set to Antibandwidth
Version identifier: 22.2.0.0 | 2026-05-04 | 5dff98e58
CPXPARAM_TimeLimit                               1800
Tried aggregator 2 times.
MIP Presolve eliminated 908 rows and 1572 columns.
MIP Presolve modified 656374 coefficients.
Aggregator did 3798 substitutions.
Reduced MIP has 7431 rows, 333715 columns, and 999904 nonzeros.
Reduced MIP has 329672 binaries, 1569 generals, 0 SOSs, and 2474 indicators.
Presolve time = 1.00 sec. (1727.99 ticks)
Probing time = 1.02 sec. (565.68 ticks)
Tried aggregator 2 times.
Detecting symmetries...
Aggregator did 76 substitutions.
Reduced MIP has 7355 rows, 333639 columns, and 999828 nonzeros.
Reduced MIP has 329672 binaries, 2155 generals, 0 SOSs, and 2474 indicators.
Presolve time = 1.00 sec. (841.20 ticks)
Probing time = 0.14 sec. (65.06 ticks)
Clique table members: 12047.
MIP emphasis: balance optimality and feasibility.
MIP search method: dynamic search.
Parallel mode: deterministic, using up to 8 threads.
Root relaxation solution time = 4.44 sec. (2858.03 ticks)

        Nodes                                         Cuts/
   Node  Left     Objective  IInf  Best Integer    Best Bound    ItCnt     Gap

      0     0      166.0000   904                    166.0000       12         
      0     0      166.0000  2738                  Cuts: 1938     1544         
      0     0      166.0000  2037                  Cuts: 1938     4450         
      0     0      166.0000  1836                  Cuts: 1938     8641         
      0     0      166.0000  1733                  Cuts: 1938    12959         
      0     0      166.0000  1656                  Cuts: 1288    16907         
      0     0      166.0000  1862                   Cuts: 881    20310         
Heuristic still looking.
      0     2      166.0000  1862                    166.0000    20310         
Elapsed time = 84.95 sec. (97325.92 ticks, tree = 0.02 MB, solutions = 0)
      1     3      166.0000  1827                    166.0000    20621         
      4     6      166.0000  1744                    166.0000    20785         
      5     7      166.0000  1662                    166.0000    21031         
      9    11      166.0000  1578                    166.0000    21196         
     10    12      166.0000  1575                    166.0000    21201         
     13    15      166.0000  1523                    166.0000    21339         
     15    17      166.0000  1506                    166.0000    21542         
     22     6      166.0000  1745                    166.0000    20748         
     24     5      166.0000  1744                    166.0000    20706         
     27    18      166.0000  1781                    166.0000    23185         
Elapsed time = 90.51 sec. (101505.82 ticks, tree = 1.65 MB, solutions = 0)
     33    29      166.0000  1740                    166.0000    26870         
     40    36      166.0000  1712                    166.0000    34456         
     43    40      166.0000  1725                    166.0000    39134         
     48     4      166.0000  1763                    166.0000    20722         
     53    48      166.0000  1554                    166.0000    39706         
     55    52      166.0000  1684                    166.0000    44193         
     61    57      166.0000  1445                    166.0000    44554         
     80    60      166.0000  1630                    166.0000    44817         
    138    78      166.0000  1521                    166.0000    49707         
    191   140      166.0000  1455                    166.0000    56535         
Elapsed time = 102.32 sec. (112323.13 ticks, tree = 16.70 MB, solutions = 0)
    255   125      166.0000  1402                    166.0000    53351         
    306   245      166.0000  1343                    166.0000    66706         
    360   282      166.0000  1310                    166.0000    72958         
    404   336      166.0000  1410                    166.0000    82730         
    434   350      166.0000  1262                    166.0000    89957         
    481   387      166.0000  1270                    166.0000    93538         
    536   397      166.0000  1239                    166.0000    93921         
    607   432      166.0000  1298                    166.0000   100126         
    649   499      166.0000  1282                    166.0000   116621         
    668   505      282.0000  2013                    166.0000   118859         
Elapsed time = 116.95 sec. (122001.10 ticks, tree = 76.33 MB, solutions = 0)
    703   587      344.0000  1940                    166.0000   125842         
    727   608      166.0000  1206                    166.0000   126200         
    743   635      342.0000  1863                    166.0000   127111         
    752   643      342.0000  1828                    166.0000   127356         
    753   460      331.0000  1876                    166.0000   107756         
    755   671      331.0000  1830                    166.0000   135860         
    757   673      344.0000  1873                    166.0000   136039         
    772   688      344.0000  1818                    166.0000   136362         
    783   698      344.0000  1793                    166.0000   136609         
    800   698      166.0000  1296                    166.0000   138269         
Elapsed time = 138.71 sec. (133373.85 ticks, tree = 115.27 MB, solutions = 0)
    827   741      344.0000  1746                    166.0000   137569         
    849   745      166.0000  1317                    166.0000   139365         
    880   770      166.0000  1247                    166.0000   142614         
    896   779      166.0000  1266                    166.0000   143110         
    918   828      331.0000  1975                    166.0000   147821         
    944   842      331.0000  1902                    166.0000   148183         
    973   910      331.0000  1889                    166.0000   158608         
   1015   899      331.0000  1731                    166.0000   155151         
   1046   928      331.0000  1828                    166.0000   159125         
   1104   987      345.0000  1914                    166.0000   180352         
Elapsed time = 152.18 sec. (143165.76 ticks, tree = 173.06 MB, solutions = 0)
   1158  1023      331.0000  1742                    166.0000   182054         
   1214  1008      331.0000  1785                    166.0000   182992         
   1242  1057      331.0000  1831                    166.0000   186347         
   1266  1087      331.0000  1893                    166.0000   207966         
   1293  1101      331.0000  1826                    166.0000   208334         
   1317  1109      331.0000  1792                    166.0000   208578         
   1347  1195      331.0000  1726                    166.0000   223519         
   1377  1167      332.0000  2011                    166.0000   215613         
   1407  1179      331.0000  1809                    166.0000   221817         
   1433  1220      331.0000  1682                    166.0000   224593         
Elapsed time = 168.60 sec. (152933.59 ticks, tree = 222.34 MB, solutions = 0)
   1462  1299      331.0000  1659                    166.0000   230092         
   1486  1255      332.0000  1896                    166.0000   226445         
   1499  1300      331.0000  1912                    166.0000   233491         
   1502  1333      318.0000  1928                    166.0000   237423         
   1517  1346      331.0000  1809                    166.0000   237877         
   1523  1352      331.0000  1797                    166.0000   238277         
   1536  1366      331.0000  1772                    166.0000   254840         
   1548  1277      331.0000  1684                    166.0000   229377         
   1553  1377      166.0000  1187                    166.0000   256471         
   1555  1379      318.0000  1966                    166.0000   261744         
Elapsed time = 187.83 sec. (165075.27 ticks, tree = 256.08 MB, solutions = 0)
   1561  1385      331.0000  1915                    166.0000   262508         
   1572  1394      331.0000  1862                    166.0000   262755         
   1582  1404      331.0000  1833                    166.0000   263177         
   1589  1010      496.0000  2127                    166.0000   209793         
   1596  1421      342.0000  1793                    166.0000   292150         
   1604  1429      342.0000  1782                    166.0000   292426         
   1609  1121      496.0000  2106                    166.0000   232772         
   1620  1434      429.0000  1917                    166.0000   295810         
   1636  1445      342.0000  1770                    166.0000   321252         
   1641  1432      331.0000  1734                    166.0000   318529         
Elapsed time = 226.47 sec. (195202.92 ticks, tree = 267.06 MB, solutions = 0)
   1653  1464      331.0000  1683                    166.0000   322986         
   1656  1378      496.0000  1955                    166.0000   282348         
   1664  1481      331.0000  1659                    166.0000   350877         
   1668  1411      496.0000  1979                    166.0000   290714         
   1679  1509      331.0000  1775                    166.0000   379183         
   1689  1450      496.0000  2098                    166.0000   347190         
   1690  1467      496.0000  1999                    166.0000   348041         
   1691  1485      496.0000  1984                    166.0000   373034         
   1692   792      496.0000  2237                    166.0000   184780         
   1693  1519      496.0000  2071                    166.0000   403903         
Elapsed time = 274.10 sec. (241161.96 ticks, tree = 285.40 MB, solutions = 0)
   1694  1066      496.0000  2161                    166.0000   256507         
   1695  1325      496.0000  2067                    166.0000   287276         
   1696  1356      496.0000  1921                    166.0000   302136         

Performing restart 1

Repeating presolve.
Tried aggregator 1 time.
MIP Presolve eliminated 0 rows and 574 columns.
Reduced MIP has 7355 rows, 333065 columns, and 998106 nonzeros.
Reduced MIP has 329098 binaries, 2155 generals, 0 SOSs, and 2474 indicators.
Presolve time = 0.39 sec. (427.11 ticks)
Tried aggregator 1 time.
Reduced MIP has 7355 rows, 333065 columns, and 998106 nonzeros.
Reduced MIP has 329098 binaries, 2155 generals, 0 SOSs, and 2474 indicators.
Presolve time = 0.77 sec. (646.91 ticks)
Represolve time = 2.89 sec. (2119.36 ticks)
   1697     0      166.0000  2473                  Cuts: 1938   727339         
   1697     0      166.0000  2828                  Cuts: 1938   734048         
   1697     0      166.0000  3169                  Cuts: 1938   741948         
   1697     0      166.0000  3449                  Cuts: 1938   749167         
   1697     2      166.0000  3445                    166.0000   749167         
   1700     5      166.0000  3270                    166.0000   751015         
   1702     6      189.4896  3235                    166.0000   761328         
   1705     8      249.0000  2566                    166.0000   762767         
   1707    10      249.0000  2481                    166.0000   762848         
   1709    12      249.0000  2478                    166.0000   762851         
   1775    39      249.0000  2452                    166.0000   766236         
Elapsed time = 428.42 sec. (464823.26 ticks, tree = 4.47 MB, solutions = 0)
   1889   171      167.0000  2550                    166.0000   784374         
   2002   276      331.0000  1778                    166.0000   793071         
   2106   391      384.0000  1640                    166.0000   808768         
   2213   476      167.0000  2358                    166.0000   827990         
   2334   558      331.0000  2122                    166.0000   839948         
   2443   700      396.0000  1464                    166.0000   861470         
   2523   556      166.0000  3342                    166.0000   849556         
   2550   767      166.0000  2973                    166.0000   910941         
   2564   775      287.0000  2578                    166.0000   936262         
   2569   787      331.0000  2283                    166.0000   948428         
Elapsed time = 490.07 sec. (505155.51 ticks, tree = 120.84 MB, solutions = 0)
   2578   805      412.0000  1932                    166.0000   948161         
   2599   813      331.0000  2224                    166.0000   971688         
   2624   843      425.0000  1953                    166.0000   979151         
   2705   895      331.0000  1911                    166.0000   994202         
   2798  1022      331.0000  1782                    166.0000  1014970         
   2889  1071      331.0000  1518                    166.0000  1016157         
   3016  1095      425.0000  1482                    166.0000  1027871         
   3116  1308      331.0000  1320                    166.0000  1094021         
   3179  1336      414.0000  1438                    166.0000  1097618         
   3195  1451    infeasible                          166.0000  1141768         
Elapsed time = 555.66 sec. (549341.56 ticks, tree = 249.37 MB, solutions = 0)
   3196  1308      331.0000  2510                    166.0000  1122407         
   3203  1196      496.0000  2029                    166.0000  1100260         
   3204  1452    infeasible                          166.0000  1150406         
   3222  1457      331.0000  2200                    166.0000  1161468         
   3239  1476      414.0000  1418                    166.0000  1213238         
   3313  1477      331.0000  2254                    166.0000  1213349         
   3381  1496      473.0000  1803                    166.0000  1215175         
   3406  1601      473.0000  1740                    166.0000  1230400         
   3430  1620      473.0000  1679                    166.0000  1231615         
   3539  1654      331.0000  2016                    166.0000  1249345         
Elapsed time = 635.65 sec. (594882.73 ticks, tree = 288.55 MB, solutions = 0)
   3589  1722      331.0000  1810                    166.0000  1252356         
   3678  1767      331.0000  1719                    166.0000  1253033         
   3829  1837      331.0000  1786                    166.0000  1259368         
   3970  2012      331.0000  1567                    166.0000  1311476         
   4084  2040      331.0000  1539                    166.0000  1313099         
   4178  2180      331.0000  1606                    166.0000  1316043         
   4216  2400      331.0000  1535                    166.0000  1336702         
   4299  2427      437.0000  1632                    166.0000  1346891         
   4372  2461      437.0000  1608                    166.0000  1347976         
   4414  2572      437.0000  1592                    166.0000  1364939         
Elapsed time = 696.06 sec. (633331.50 ticks, tree = 468.34 MB, solutions = 0)
   4466  2620      331.0000  1741                    166.0000  1366027         
   4515  2668      331.0000  1618                    166.0000  1367077         
   4564  2704      331.0000  2161                    166.0000  1387061         
   4637  2746      331.0000  1963                    166.0000  1388351         
   4673  2726      471.0000  2163                    166.0000  1408550         
   4731  2825      429.0000  1624                    166.0000  1429366         
   4794  2779      331.0000  2197                    166.0000  1426680         
   4826  2581      496.0000  1669                    166.0000  1380168         
   4827  2904    infeasible                          166.0000  1472552         
   4828  2786      496.0000  2055                    166.0000  1435942         
Elapsed time = 777.90 sec. (684980.42 ticks, tree = 509.40 MB, solutions = 0)
   4830  2740      496.0000  1774                    166.0000  1431696         
   4831  2895      495.0000  2258                    166.0000  1471737         
   4835  2944      271.0000  2507                    166.0000  1492161         
   4836  2826      166.0000  3125                    166.0000  1455492         
   4839  2959      271.0000  2509                    166.0000  1556969         
   4859  3080      470.0000  2142                    166.0000  1582863         
   4873  3060      331.0000  2292                    166.0000  1579592         
   5010  3113      331.0000  1965                    166.0000  1615058         
   5120  3147      334.0000  1541                    166.0000  1616394         
   5155  2945      166.0000  2986                    166.0000  1508449         
Elapsed time = 872.07 sec. (739982.43 ticks, tree = 540.70 MB, solutions = 0)
   5207  3237      331.0000  1585                    166.0000  1639919         
   5271  3269      331.0000  1518                    166.0000  1642353         
   5286  3104      166.0000  3117                    166.0000  1590947         
   5287  3092      496.0000  1776                    166.0000  1644088         
   5289  3279      331.0000  2416                    166.0000  1677528         
   5300  3273      331.0000  1507                    166.0000  1642400         
   5305  3280      496.0000  2263                    166.0000  1673644         
   5308  3464      334.0000  1765                    166.0000  1704532         
   5332  3488      449.0000  1745                    166.0000  1712148         
   5334  3197      496.0000  2180                    166.0000  1680712         
Elapsed time = 948.68 sec. (792316.22 ticks, tree = 595.31 MB, solutions = 0)
   5346  3489      470.0000  1852                    166.0000  1715590         
   5453  3538      334.0000  1498                    166.0000  1763480         
   5518  3617      385.0000  1774                    166.0000  1770045         
   5561  3654      385.0000  1673                    166.0000  1771161         
   5569  3291      492.0000  2397                    166.0000  1704016         
   5570  3368      496.0000  2118                    166.0000  1709685         
   5572  3555      331.0000  2407                    166.0000  1800869         
   5583  3699      467.0000  1929                    166.0000  1828515         
   5595  3706      496.0000  2029                    166.0000  1856656         
   5601  3700    infeasible                          166.0000  1843196         
Elapsed time = 1044.28 sec. (841560.33 ticks, tree = 693.50 MB, solutions = 0)
   5630  3731      467.0000  1778                    166.0000  1859814         
   5650  3748      467.0000  1713                    166.0000  1861025         
   5669  3766      467.0000  1689                    166.0000  1862052         
   5672  3715      331.0000  2366                    166.0000  1867029         
   5682  3842    infeasible                          166.0000  1881765         
   5685  3845      467.0000  1790                    166.0000  1883607         
   5707  3862      467.0000  1666                    166.0000  1885007         
   5730  3881      331.0000  2298                    166.0000  1924749         
   5762  3868      187.0000  3181                    166.0000  1910083         
   5822  3945      333.0000  2154                    166.0000  1933486         
Elapsed time = 1110.47 sec. (886430.90 ticks, tree = 743.12 MB, solutions = 0)
   5881  3983      333.0000  1955                    166.0000  1934712         
   5912  4021      331.0000  2347                    166.0000  1953754         
   5929  4035      249.0000  2847                    166.0000  1961818         
   5931  3982    infeasible                          166.0000  1975674         
   5932  3900      496.0000  2093                    166.0000  1940862         
   5934  3994      333.0000  1851                    166.0000  1935299         
   5936  3981    infeasible                          166.0000  1971892         
   5938  4060      331.0000  2814                    166.0000  2040653         
   5939  4113      415.0000  1996                    166.0000  2032097         
   5944  3985      496.0000  2147                    166.0000  2008608         
Elapsed time = 1223.01 sec. (953698.50 ticks, tree = 750.09 MB, solutions = 0)
   5961  4113      331.0000  2659                    166.0000  2056821         
   5962  4115      248.1660  3468                    166.0000  2079569         
   5963  4134      471.0000  2307                    166.0000  2101867         
   5971  4139      496.0000  2164                    166.0000  2148793         
   5976  4144      496.0000  2210                    166.0000  2149480         
   5994  4150      496.0000  1996                    166.0000  2150287         
   6000  4138      496.0000  2034                    166.0000  2153358         
   6001  4154      488.0000  2007                    166.0000  2173092         
   6002  4160      496.0000  1942                    166.0000  2179203         
   6003  4142      496.0000  2440                    166.0000  2153202         
Elapsed time = 1313.41 sec. (1018394.77 ticks, tree = 782.76 MB, solutions = 0)
   6005  4116      496.0000  2117                    166.0000  2087103         
   6006  4120      166.0000  3386                    166.0000  2123478         

Performing restart 2

Repeating presolve.
Tried aggregator 1 time.
MIP Presolve modified 248 coefficients.
Reduced MIP has 7355 rows, 333065 columns, and 1078583 nonzeros.
Reduced MIP has 329098 binaries, 2155 generals, 0 SOSs, and 2474 indicators.
Presolve time = 0.46 sec. (486.15 ticks)
Tried aggregator 1 time.
Reduced MIP has 7355 rows, 333065 columns, and 1078583 nonzeros.
Reduced MIP has 329098 binaries, 2155 generals, 0 SOSs, and 2474 indicators.
Presolve time = 0.82 sec. (639.80 ticks)
Represolve time = 3.87 sec. (2888.37 ticks)

Root node processing (before b&c):
  Real time             =   84.20 sec. (96534.37 ticks)
Parallel b&c, 8 threads:
  Real time             = 1717.39 sec. (1726168.37 ticks)
  Sync time (average)   =  332.16 sec.
  Wait time (average)   =    0.10 sec.
                          ------------
Total (root+branch&cut) = 1801.58 sec. (1822702.74 ticks)
! --------------------------------------------------------
! Problem is UNKNOWN
! CPLEX Status = AbortTimeLim
! --------------------------------------------------------
