! Solving for graph /home/truongxuanhieu/CPLEX-MIP-for-MinSpanLabeling/benchmarks/abp/V-nos6.mtx.rnd
! Target value is set to 246
! Lower bound is set to 247
! Upper bound is set to 506
! Time limit is set to 1800
! Vertices mode is set to No hole
! Target value mode is set to Antibandwidth
Version identifier: 22.2.0.0 | 2026-05-04 | 5dff98e58
CPXPARAM_TimeLimit                               1800
Tried aggregator 2 times.
MIP Presolve eliminated 1292 rows and 1603 columns.
MIP Presolve modified 682840 coefficients.
Aggregator did 4605 substitutions.
Reduced MIP has 9042 rows, 348483 columns, and 1043740 nonzeros.
Reduced MIP has 343262 binaries, 1966 generals, 0 SOSs, and 3255 indicators.
Presolve time = 1.17 sec. (1853.55 ticks)
Probing time = 1.11 sec. (591.41 ticks)
Tried aggregator 1 time.
Detecting symmetries...
Reduced MIP has 9042 rows, 348483 columns, and 1043740 nonzeros.
Reduced MIP has 343262 binaries, 2641 generals, 0 SOSs, and 3255 indicators.
Presolve time = 0.85 sec. (611.70 ticks)
Probing time = 0.16 sec. (66.55 ticks)
Clique table members: 13678.
MIP emphasis: balance optimality and feasibility.
MIP search method: dynamic search.
Parallel mode: deterministic, using up to 8 threads.
Root relaxation solution time = 5.52 sec. (3324.80 ticks)

        Nodes                                         Cuts/
   Node  Left     Objective  IInf  Best Integer    Best Bound    ItCnt     Gap

      0     0      247.0000  1433                    247.0000     8384         
      0     0      247.0000  2997                  Cuts: 2360    11425         
      0     0      247.0000  2175                  Cuts: 2360    17035         
      0     0      247.0000  2149                  Cuts: 2360    31906         
      0     0      247.0000  2358                  Cuts: 2187    38251         
Heuristic still looking.
Detecting symmetries...
      0     2      247.0000  2358                    247.0000    38251         
Elapsed time = 90.74 sec. (118405.33 ticks, tree = 0.02 MB, solutions = 0)
      2     4      247.0000  2318                    247.0000    38378         
      4     6      247.0000  2280                    247.0000    38438         
      7     9      247.0000  2175                    247.0000    38635         
     10    12      247.0000  2121                    247.0000    38771         
     15    17      247.0000  2039                    247.0000    39001         
     18    20      247.0000  1995                    247.0000    39216         
     20    22      247.0000  1979                    247.0000    39372         
     23    25      247.0000  1953                    247.0000    39568         
     25    27      247.0000  1943                    247.0000    39688         
     34     4      247.0000  2277                    247.0000    38406         
Elapsed time = 97.63 sec. (123727.00 ticks, tree = 0.02 MB, solutions = 0)
     35     5      247.0000  2334                    247.0000    38636         
     38    29      247.0000  2437                    247.0000    42865         
     42    32      247.0000  2193                    247.0000    43241         
     43    38      247.0000  2527                    247.0000    44185         
     45    46      247.0000  2488                    247.0000    64655         
     49    47      247.0000  2484                    247.0000    68264         
     53    52      247.0000  2490                    247.0000    77712         
     59    52      247.0000  2493                    247.0000    77511         
     66    56      247.0000  2504                    247.0000    89024         
     81    75      247.0000  2454                    247.0000    94293         
Elapsed time = 110.05 sec. (135261.76 ticks, tree = 7.61 MB, solutions = 0)
    115    87      247.0000  2188                    247.0000    95146         
    163    94      247.0000  2340                    247.0000    96720         
    199   117      247.0000  2062                    247.0000    98965         
    224   133      247.0000  2247                    247.0000   100257         
    237   164      247.0000  2182                    247.0000   102925         
    252   179      247.0000  2087                    247.0000   103089         
    262   188      247.0000  2049                    247.0000   103582         
    273   197      247.0000  2247                    247.0000   104698         
    296   222      247.0000  2180                    247.0000   105178         
    332   233      247.0000  2100                    247.0000   105528         
Elapsed time = 127.85 sec. (146563.38 ticks, tree = 32.89 MB, solutions = 0)
    363   287      247.0000  2046                    247.0000   108848         
    386   293      247.0000  2020                    247.0000   109460         
    412   304      247.0000  1900                    247.0000   111586         
    440   372      247.0000  1919                    247.0000   115249         
    461   357      247.0000  1996                    247.0000   115800         
    493   399      247.0000  1773                    247.0000   115620         
    535   415      247.0000  2041                    247.0000   125740         
    568   455      247.0000  1775                    247.0000   126006         
    589   434      247.0000  1897                    247.0000   126551         
    621   551      247.0000  1914                    247.0000   133603         
Elapsed time = 144.77 sec. (156657.63 ticks, tree = 99.51 MB, solutions = 0)
    632   562      247.0000  1855                    247.0000   134204         
    643   496      402.0000  2347                    247.0000   133737         
    646   511      423.0000  2475                    247.0000   137001         
    655   560      247.0000  1974                    247.0000   144385         
    668   573      247.0000  1955                    247.0000   144557         
    684   588      247.0000  1924                    247.0000   144803         
    691   632      247.0000  2012                    247.0000   159212         
    707   643      247.0000  1969                    247.0000   159649         
    719   628      247.0000  1932                    247.0000   148674         
    729   632      247.0000  2002                    247.0000   149917         
Elapsed time = 164.46 sec. (170009.27 ticks, tree = 118.66 MB, solutions = 0)
    745   663      247.0000  1952                    247.0000   162377         
    760   676      253.9663  3020                    247.0000   163268         
    771   683      247.0000  1889                    247.0000   163537         
    779   691      247.0000  1892                    247.0000   164577         
    781   694    infeasible                          247.0000   173670         
    782   693    infeasible                          247.0000   173829         
    783   573      493.0000  2653                    247.0000   164483         
    784   646      493.0000  2708                    247.0000   190301         
    786   338      493.0000  2569                    247.0000   153872         
    787   200      493.0000  2627                    247.0000   135221         
Elapsed time = 262.84 sec. (216980.66 ticks, tree = 27.03 MB, solutions = 0)
    788   694      493.0000  2760                    247.0000   206100         
    789   574      493.0000  2771                    247.0000   183775         
    790   755      263.0000  2672                    247.0000   343429         
    791   740      493.0000  2835                    247.0000   290945         
    792   739      493.0000  2681                    247.0000   265955         
    794   756      493.0000  2578                    247.0000   380866         
    795   761      263.0000  2657                    247.0000   464466         
    805   772      263.0000  2567                    247.0000   471332         
    808   775      382.0000  2504                    247.0000   473196         
    819   786      263.0000  2513                    247.0000   473517         
Elapsed time = 338.88 sec. (258850.92 ticks, tree = 148.64 MB, solutions = 0)
    821   754      493.0000  2721                    247.0000   348164         
    823   759      493.0000  2730                    247.0000   459859         
    824   766      493.0000  2752                    247.0000   569099         
    825   724      493.0000  2685                    247.0000   262008         
    836   802      263.0000  2447                    247.0000   628505         
    848   814      263.0000  2413                    247.0000   628716         
    856   765      493.0000  2494                    247.0000   548856         
    857   767      493.0000  2648                    247.0000   577415         
    858   762      493.0000  2444                    247.0000   494325         
    866   833      263.0000  2423                    247.0000   666168         
Elapsed time = 395.89 sec. (315750.66 ticks, tree = 160.04 MB, solutions = 0)
    873   840      263.0000  2433                    247.0000   666664         
    886   851      263.0000  2369                    247.0000   666977         
    890   855      263.0000  2401                    247.0000   667657         
    900   864      263.0000  2375                    247.0000   667904         
    910   872      263.0000  2341                    247.0000   668232         
    920   767      493.0000  2506                    247.0000   635933         
    926   883      263.0000  2304                    247.0000   668479         
    930   794      493.0000  2572                    247.0000   650895         
    931   882      247.0000  2040                    247.0000   681193         
    932   796      493.0000  2638                    247.0000   651527         
Elapsed time = 425.46 sec. (339977.88 ticks, tree = 151.49 MB, solutions = 0)
    933   887      247.0000  2263                    247.0000   767158         
    934   797      493.0000  2628                    247.0000   681448         
    935   888      247.0000  2210                    247.0000   771735         
    936   889      247.0000  2277                    247.0000   772776         
    938   831      493.0000  2542                    247.0000   764021         
    939   828      493.0000  2527                    247.0000   705379         
    940   889      493.0000  2715                    247.0000   812593         
    941   890      493.0000  2523                    247.0000   801743         
    943   829      493.0000  2526                    247.0000   733307         
    944    93      491.0000  2625                    247.0000   219832         
Elapsed time = 514.68 sec. (410025.31 ticks, tree = 9.91 MB, solutions = 0)
    945   888      493.0000  2701                    247.0000   809212         
    946   909      247.0000  2311                    247.0000  1058386         
    948   897      493.0000  2634                    247.0000   915680         
    949   910      247.0000  2310                    247.0000  1058429         
    950   898      493.0000  2546                    247.0000   928647         
    951   914      247.0000  2273                    247.0000  1148623         
    954   917      247.0000  2239                    247.0000  1148746         
    968   893      493.0000  2647                    247.0000   869195         
    969   912      493.0000  2673                    247.0000  1172761         
    970   911      493.0000  2678                    247.0000  1146695         
Elapsed time = 619.27 sec. (477886.61 ticks, tree = 172.44 MB, solutions = 0)
    971   910      493.0000  2661                    247.0000  1120377         
    973   917      493.0000  2587                    247.0000  1228861         
    974   915      493.0000  2529                    247.0000  1201444         
    976   892      493.0000  2564                    247.0000   868988         
    977   918      493.0000  2643                    247.0000  1245578         
    979   921      493.0000  2518                    247.0000  1322967         
    980   922      493.0000  2578                    247.0000  1342532         
    982   899      493.0000  2741                    247.0000  1005434         
    983   925      493.0000  2576                    247.0000  1416719         
    984   922      493.0000  2565                    247.0000  1335868         
Elapsed time = 710.64 sec. (564367.03 ticks, tree = 175.55 MB, solutions = 0)
    985   923      493.0000  2558                    247.0000  1357579         
    987   927      493.0000  2526                    247.0000  1444888         
    988   929      493.0000  2571                    247.0000  1540038         
    989   936      493.0000  2591                    247.0000  1623478         
    990   931      493.0000  2547                    247.0000  1582295         
    992   935      495.0000  2499                    247.0000  1638688         
    993   937      493.0000  2650                    247.0000  1656827         
    994   928      493.0000  2666                    247.0000  1585333         
    995   931      493.0000  2773                    247.0000  1272149         
   1011   939      495.0000  2628                    247.0000  1746823         
Elapsed time = 930.76 sec. (746914.25 ticks, tree = 180.07 MB, solutions = 0)
   1012   938      493.0000  2453                    247.0000  1723356         
   1014   961      495.0000  2621                    247.0000  1998444         
   1016   937      493.0000  2532                    247.0000  1695765         
   1017   963      493.0000  2591                    247.0000  2058338         
   1019   963      495.0000  2646                    247.0000  2011845         
   1022   968      493.0000  2629                    247.0000  2142922         
   1024   968      495.0000  2615                    247.0000  2122765         
   1025   962      493.0000  2442                    247.0000  2049245         
   1026   933      493.0000  2477                    247.0000  1613162         
   1027   965      493.0000  2618                    247.0000  2082995         
Elapsed time = 1027.99 sec. (847176.02 ticks, tree = 185.56 MB, solutions = 0)
   1029   969      495.0000  2601                    247.0000  2130416         
   1030   970      493.0000  2504                    247.0000  2155996         
   1032   973      493.0000  2740                    247.0000  2275854         
   1033   970      493.0000  2526                    247.0000  2256733         
   1036   977      495.0000  2613                    247.0000  2338129         
   1038   982      493.0000  2447                    247.0000  2371198         
   1039   983      493.0000  2708                    247.0000  2395958         
   1040   987      493.0000  2382                    247.0000  2483223         
   1041   988      493.0000  2802                    247.0000  2509732         
   1042   980      493.0000  2767                    247.0000  2400995         
Elapsed time = 1276.44 sec. (1047314.32 ticks, tree = 189.14 MB, solutions = 0)
   1043   985      493.0000  2565                    247.0000  2451867         
   1044   989      493.0000  2493                    247.0000  2516423         
   1045   983      493.0000  2566                    247.0000  2406878         
   1046   986      495.0000  2580                    247.0000  2451690         
   1048   992      493.0000  2560                    247.0000  2659032         
   1049   996      495.0000  2663                    247.0000  2731317         
   1053   994      493.0000  2591                    247.0000  2724751         
   1054   990      493.0000  2572                    247.0000  2647944         
   1058  1002      493.0000  2543                    247.0000  2917534         
   1060   997      495.0000  2595                    247.0000  2750381         
Elapsed time = 1394.68 sec. (1178487.44 ticks, tree = 193.45 MB, solutions = 0)
   1062   997      493.0000  2442                    247.0000  2796006         
   1064   999      493.0000  2451                    247.0000  2800628         
   1065  1001      493.0000  2515                    247.0000  2857592         
   1067  1000      493.0000  2471                    247.0000  2810379         
   1069   989      493.0000  2741                    247.0000  2648075         
   1070  1010      495.0000  2521                    247.0000  3009397         
   1071  1004      493.0000  2480                    247.0000  2948291         
   1073  1002      493.0000  2661                    247.0000  2870101         
   1075  1011      495.0000  2542                    247.0000  3028471         
   1076  1012      495.0000  2599                    247.0000  3046528         
Elapsed time = 1549.29 sec. (1300101.58 ticks, tree = 196.79 MB, solutions = 0)
   1077  1014      493.0000  2483                    247.0000  3155498         
   1079  1013      495.0000  2606                    247.0000  3071628         
   1081  1011      493.0000  2821                    247.0000  3147048         
   1082  1017      493.0000  2447                    247.0000  3207566         
   1084  1023      493.0000  2539                    247.0000  3290325         
   1085  1022      493.0000  2550                    247.0000  3255373         
   1086  1028      493.0000  2399                    247.0000  3336256         
   1087  1032      493.0000  2324                    247.0000  3475415         
   1089  1035      493.0000  2482                    247.0000  3563307         
   1090   975      247.0000  2133                    247.0000  1964249         
Elapsed time = 1694.82 sec. (1449306.60 ticks, tree = 188.41 MB, solutions = 0)
   1130  1084      247.0000  2026                    247.0000  3554076         
   1142  1090      247.0000  2074                    247.0000  3568218         
   1146  1036      493.0000  2347                    247.0000  3579352         
   1148  1030      493.0000  2434                    247.0000  3452512         
   1150  1037      493.0000  2396                    247.0000  3588048         
   1151  1030      493.0000  2732                    247.0000  3437324         
   1154  1054      493.0000  2350                    247.0000  3649102         
   1160  1053      495.0000  2609                    247.0000  3630253         
   1161  1062      493.0000  2538                    247.0000  3828500         
   1163  1055      493.0000  2344                    247.0000  3660515         
Elapsed time = 1800.14 sec. (1556348.82 ticks, tree = 207.31 MB, solutions = 0)

Clique cuts applied:  334
Cover cuts applied:  240
Implied bound cuts applied:  3165
Mixed integer rounding cuts applied:  1447
Zero-half cuts applied:  483
Lift and project cuts applied:  3
Gomory fractional cuts applied:  25

Root node processing (before b&c):
  Real time             =   89.64 sec. (117187.77 ticks)
Parallel b&c, 8 threads:
  Real time             = 1710.51 sec. (1443117.84 ticks)
  Sync time (average)   =  303.92 sec.
  Wait time (average)   =    0.00 sec.
                          ------------
Total (root+branch&cut) = 1800.15 sec. (1560305.61 ticks)
! --------------------------------------------------------
! Problem is UNKNOWN
! CPLEX Status = AbortTimeLim
! --------------------------------------------------------
