! Solving for graph /home/truongxuanhieu/CPLEX-MIP-for-MinSpanLabeling/benchmarks/abp/X-can__715.mtx.rnd
! Target value is set to 87
! Lower bound is set to 88
! Upper bound is set to 536
! Time limit is set to 1800
! Vertices mode is set to Has hole
! Target value mode is set to Antibandwidth
Version identifier: 22.2.0.0 | 2026-05-04 | 5dff98e58
CPXPARAM_TimeLimit                               1800
Tried aggregator 2 times.
MIP Presolve eliminated 2976 rows and 1698 columns.
MIP Presolve modified 383687 coefficients.
Aggregator did 8095 substitutions.
Reduced MIP has 15477 rows, 397018 columns, and 805104 nonzeros.
Reduced MIP has 386662 binaries, 3691 generals, 0 SOSs, and 6665 indicators.
Presolve time = 1.58 sec. (2555.30 ticks)
Probing time = 2.00 sec. (640.46 ticks)
Tried aggregator 2 times.
Detecting symmetries...
Aggregator did 3 substitutions.
Reduced MIP has 15474 rows, 397015 columns, and 805101 nonzeros.
Reduced MIP has 386662 binaries, 4403 generals, 0 SOSs, and 6665 indicators.
Presolve time = 1.61 sec. (686.31 ticks)
Probing time = 0.25 sec. (72.08 ticks)
Clique table members: 10995.
MIP emphasis: balance optimality and feasibility.
MIP search method: dynamic search.
Parallel mode: deterministic, using up to 8 threads.
Root relaxation solution time = 2.21 sec. (679.23 ticks)

        Nodes                                         Cuts/
   Node  Left     Objective  IInf  Best Integer    Best Bound    ItCnt     Gap

      0     0       88.0000  2081                     88.0000     3443         
      0     0       88.0000  5214                  Cuts: 3968     7782         
      0     0       88.0000  4832                  Cuts: 3968     9717         
      0     0       88.0000  4558                  Cuts: 3968    12483         
      0     0       88.0000  4643                  Cuts: 3968    15151         
      0     2       88.0000  4643                     88.0000    15151         
Elapsed time = 78.66 sec. (61090.49 ticks, tree = 0.02 MB, solutions = 0)
      5     4       88.0000  4632                     88.0000    15160         
     10     8       88.0000  4649                     88.0000    15968         
     17    15       88.0000  4512                     88.0000    19980         
     45    21       88.0000  4446                     88.0000    20027         
     62     9      132.0000  4362                     88.0000    18387         
     81    64      132.0000  4250                     88.0000    26473         
    119    81       89.0000  4730                     88.0000    27075         
    160   119      132.0000  3754                     88.0000    28723         
    195   156       89.0000  4668                     88.0000    28907         
    282   254       89.0000  4621                     88.0000    30033         
Elapsed time = 86.58 sec. (64780.62 ticks, tree = 43.36 MB, solutions = 0)
    308   286      175.0000  3766                     88.0000    37508         
    343   327      175.0000  3424                     88.0000    57104         
    361   336      262.0000  3152                     88.0000    63659         
    367   347      175.0000  3370                     88.0000    80644         
    370   360      175.0000  3627                     88.0000    91051         
    376   365      176.0000  3473                     88.0000    96886         
    385   372      175.0000  3867                     88.0000   114192         
    411   399      176.0000  3312                     88.0000   115188         
    436   407      175.0000  3450                     88.0000   117429         
    489   436      262.0000  3083                     88.0000   122587         
Elapsed time = 127.25 sec. (77412.46 ticks, tree = 96.00 MB, solutions = 0)
    556   454      175.0000  3430                     88.0000   130779         
    619   535      175.0000  3418                     88.0000   133999         
    664   500      262.0000  2999                     88.0000   131701         
    706   645      175.0000  3368                     88.0000   137480         
    775   677      349.0000  2871                     88.0000   141312         
    834   748      175.0000  3395                     88.0000   151474         
    905   752      175.0000  3387                     88.0000   153585         
    983   758      175.0000  3385                     88.0000   154721         
   1053   878      262.0000  2887                     88.0000   161254         
   1127  1014      262.0000  2944                     88.0000   174895         
Elapsed time = 147.91 sec. (87067.22 ticks, tree = 276.53 MB, solutions = 0)
   1174   938      262.0000  2865                     88.0000   169135         
   1253  1109      262.0000  2829                     88.0000   185276         
   1345  1188      349.0000  2668                     88.0000   192814         
   1425  1205      523.0000  2347                     88.0000   193838         
   1489  1342      436.0000  2574                     88.0000   199976         
   1540  1294      436.0000  2568                     88.0000   199099         
   1599  1462      349.0000  2625                     88.0000   208815         
   1664  1510      175.0000  3508                     88.0000   224298         
   1727  1545      349.0000  2544                     88.0000   225283         
   1802  1660      349.0000  2528                     88.0000   229280         
Elapsed time = 167.92 sec. (96735.38 ticks, tree = 488.42 MB, solutions = 0)
   1850  1696      175.0000  3374                     88.0000   237221         
   1920  1710      175.0000  3237                     88.0000   237381         
   1985  1780      262.0000  2904                     88.0000   244392         
   2047  1910      175.0000  3237                     88.0000   258813         
   2094  1948      175.0000  3166                     88.0000   262334         
   2154  2012      436.0000  2248                     88.0000   269486         
   2236  2002      523.0000  2256                     88.0000   267212         
   2294  2149      436.0000  2212                     88.0000   281639         
   2367  2147      523.0000  2231                     88.0000   280585         
   2438  2181      262.0000  2740                     88.0000   283889         
Elapsed time = 186.78 sec. (106396.92 ticks, tree = 659.83 MB, solutions = 0)
   2510  2279      523.0000  2209                     88.0000   292828         
   2582  2453      523.0000  2193                     88.0000   300303         
   2653  2505      436.0000  2120                     88.0000   309892         
   2734  2461      175.0000  3437                     88.0000   304129         
   2809  2564      262.0000  2711                     88.0000   314256         
   2879  2592      349.0000  2328                     88.0000   315495         
   2961  2638      175.0000  3375                     88.0000   326671         
   3055  2771      349.0000  2612                     88.0000   330986         
   3131  2938      349.0000  2308                     88.0000   341180         
   3187  3026      262.0000  2491                     88.0000   346791         
Elapsed time = 205.41 sec. (116058.89 ticks, tree = 937.74 MB, solutions = 0)
   3264  2984      262.0000  2754                     88.0000   345771         
   3330  3147      262.0000  2687                     88.0000   355738         
   3396  3194      349.0000  2545                     88.0000   356475         
   3464  3177      349.0000  2448                     88.0000   358172         
   3519  3246      523.0000  2041                     88.0000   358742         
   3599  3369      523.0000  2032                     88.0000   372343         
   3669  3377      523.0000  2032                     88.0000   372411         
   3759  3569      436.0000  2042                     88.0000   387443         
   3861  3556      262.0000  2650                     88.0000   385531         
   3931  3553      523.0000  1981                     88.0000   385660         
Elapsed time = 224.58 sec. (125687.26 ticks, tree = 1112.45 MB, solutions = 0)
   4033  3651      262.0000  2606                     88.0000   392627         
   4124  3816      436.0000  2019                     88.0000   398102         
   4226  3923      436.0000  1945                     88.0000   402645         
   4322  4072      436.0000  2189                     88.0000   407228         
   4415  4083      436.0000  2182                     88.0000   407574         
   4511  4119      262.0000  2548                     88.0000   408107         
   4610  4279      436.0000  1914                     88.0000   411025         
   4688  4308      349.0000  2237                     88.0000   411485         
   4757  4508      349.0000  2234                     88.0000   417452         
   4867  4582      436.0000  1869                     88.0000   418521         
Elapsed time = 243.27 sec. (135286.87 ticks, tree = 1450.90 MB, solutions = 0)
   4980  4685      436.0000  1976                     88.0000   421664         
   5059  4646      349.0000  2354                     88.0000   420451         
   5150  4741      436.0000  2113                     88.0000   423828         
   5264  4792      523.0000  1883                     88.0000   425235         
   5351  4890      523.0000  1808                     88.0000   427442         
   5437  5018      436.0000  2113                     88.0000   429064         
   5531  5183      436.0000  1812                     88.0000   434704         
   5628  5264      436.0000  2084                     88.0000   442944         
   5718  5432      436.0000  1775                     88.0000   448335         
   5802  5508      436.0000  2050                     88.0000   450706         
Elapsed time = 261.97 sec. (144952.20 ticks, tree = 1756.92 MB, solutions = 0)
   5894  5522      436.0000  2043                     88.0000   450866         
   5973  5667      436.0000  1750                     88.0000   460128         
   6081  5677      436.0000  1741                     88.0000   460994         
   6182  5849      175.0000  3379                     88.0000   468071         
   6278  5783      262.0000  3129                     88.0000   464939         
   6374  5909      436.0000  1681                     88.0000   469799         
   6471  6137      175.0000  3255                     88.0000   478522         
   6566  6308      262.0000  2931                     88.0000   482503         
   6656  6231      436.0000  1848                     88.0000   481116         
   7026  6589      262.0000  2886                     88.0000   493583         
Elapsed time = 286.63 sec. (157426.38 ticks, tree = 2113.66 MB, solutions = 0)
Nodefile size = 45.58 MB (22.70 MB after compression)
   7357  6913      436.0000  1651                     88.0000   508420         
   7733  7232      349.0000  2762                     88.0000   533655         
   8164  7672      436.0000  1625                     88.0000   552362         
   8621  8060      262.0000  2191                     88.0000   559858         
   9086  8442      262.0000  2027                     88.0000   575096         
   9592  8747      262.0000  1970                     88.0000   594363         
  10037  9136      262.0000  2482                     88.0000   602653         
  10465  9346      523.0000   960                     88.0000   607513         
  10831  9762      175.0000  3026                     88.0000   622512         
  11299 10266      262.0000  2965                     88.0000   640668         
Elapsed time = 363.02 sec. (195646.01 ticks, tree = 3333.17 MB, solutions = 0)
Nodefile size = 1265.45 MB (637.24 MB after compression)
  11788 10344      523.0000   898                     88.0000   641266         
  12309 10767      350.0000  2803                     88.0000   653980         
  12785 11180      352.0000  2801                     88.0000   660381         
  13172 11580      436.0000   759                     88.0000   680709         
  13600 11969      349.0000  2541                     88.0000   718912         
  14044 12227      305.0000  2783                     88.0000   734562         
  14402 12430      263.0000  2920                     88.0000   747639         
  14451 12459    infeasible                           88.0000   748171         
  14459 12795    infeasible                           88.0000   752453         
  14462 12798      349.0000  2549                     88.0000   752243         
Elapsed time = 486.10 sec. (242727.98 ticks, tree = 4177.20 MB, solutions = 0)
Nodefile size = 2111.12 MB (1065.64 MB after compression)
  14499 12864      175.0000  3746                     88.0000   761434         
  14591 12882      262.0000  3142                     88.0000   759054         
  14773 13049      307.0000  3039                     88.0000   771485         
  15020 13184      281.0000  2954                     88.0000   775320         
  15212 13485      175.0000  3353                     88.0000   814281         
  15453 13581      175.0000  3437                     88.0000   831322         
  15801 13724      175.0000  3238                     88.0000   862965         
  16164 14189      175.0000  3124                     88.0000   910967         
  16496 14290      176.0000  3103                     88.0000   917902         
  16879 14805      340.0000  2986                     88.0000   966649         
Elapsed time = 585.10 sec. (280958.15 ticks, tree = 4844.22 MB, solutions = 0)
Nodefile size = 2763.34 MB (1389.81 MB after compression)
  17202 15078      309.0000  2931                     88.0000   983279         
  17649 15517      262.0000  3082                     88.0000  1026672         
  18040 15832      175.0000  3142                     88.0000  1037054         
  18448 16355      175.0000  3892                     88.0000  1066538         
  18858 16738      283.0000  2972                     88.0000  1084414         
  19257 17001      262.0000  2952                     88.0000  1109126         
  19584 17183      262.0000  3051                     88.0000  1123782         
  19978 17739      262.0000  2352                     88.0000  1145350         
  20370 18142      175.0000  3404                     88.0000  1193967         
  20808 18743      269.0000  2988                     88.0000  1215575         
Elapsed time = 657.63 sec. (319170.94 ticks, tree = 6159.97 MB, solutions = 0)
Nodefile size = 4081.62 MB (2043.34 MB after compression)
  21231 18974      353.0000  2727                     88.0000  1222933         
  21541 19180      176.0000  3013                     88.0000  1246300         
  21886 19785      177.0000  2911                     88.0000  1302410         
  22190 20279      262.0000  2838                     88.0000  1351408         
  22546 20302      274.0000  3053                     88.0000  1342284         
  22815 20497      263.0000  2602                     88.0000  1376817         
  23148 20904      176.0000  3275                     88.0000  1402167         
  23453 21068      175.0000  3722                     88.0000  1427592         
  23784 21583      262.0000  2891                     88.0000  1480915         
  24118 21893      265.0000  3076                     88.0000  1506392         
Elapsed time = 730.27 sec. (357436.45 ticks, tree = 7214.92 MB, solutions = 0)
Nodefile size = 5126.03 MB (2560.33 MB after compression)
  24406 22297      175.0000  3399                     88.0000  1548245         
  24763 22581      272.0000  3026                     88.0000  1565505         
  25124 23155      286.0000  3008                     88.0000  1618312         
  25487 23077      176.0000  3264                     88.0000  1618248         
  25787 23328      262.0000  2541                     88.0000  1637038         
  26225 24033      188.0000  3177                     88.0000  1697761         
  26670 24016      175.0000  3095                     88.0000  1693561         
  27110 24921      175.0000  3637                     88.0000  1745479         
  27468 24821      175.0000  3490                     88.0000  1751505         
  27982 25770      262.0000  2455                     88.0000  1794944         
Elapsed time = 802.91 sec. (395631.83 ticks, tree = 8518.54 MB, solutions = 0)
Nodefile size = 6438.75 MB (3217.87 MB after compression)
  28476 25708      262.0000  2758                     88.0000  1778890         
  28962 26381      176.0000  2590                     88.0000  1822146         
  29508 26654      175.0000  3283                     88.0000  1835621         
  29979 27692      349.0000  2567                     88.0000  1865882         
  30394 27973      262.0000  3002                     88.0000  1875516         
  30886 28066      262.0000  2678                     88.0000  1875842         
  31332 28711      262.0000  2603                     88.0000  1935750         
  31807 29315      262.0000  2534                     88.0000  1969582         
  32243 29513      175.0000  3425                     88.0000  1979667         
  32768 30375      219.0000  3214                     88.0000  2011506         
Elapsed time = 877.15 sec. (433839.48 ticks, tree = 10070.62 MB, solutions = 0)
Nodefile size = 7988.01 MB (3998.01 MB after compression)
  33230 30446      262.0000  2714                     88.0000  2012901         
  33691 31066      262.0000  2972                     88.0000  2041441         
  34175 31029      262.0000  2691                     88.0000  2034977         
  34647 31555      262.0000  2838                     88.0000  2074514         
  35166 32724      239.0000  3043                     88.0000  2120571         
  35633 32879      180.0000  2881                     88.0000  2130094         
  36149 33599      175.0000  3033                     88.0000  2155736         
  36633 34236      262.0000  2588                     88.0000  2197203         
  37025 33540      175.0000  4155                     88.0000  2157499         
  37402 34869      262.0000  2845                     88.0000  2233009         
Elapsed time = 954.44 sec. (472077.85 ticks, tree = 11511.73 MB, solutions = 0)
Nodefile size = 9418.39 MB (4714.50 MB after compression)
  37943 34646      262.0000  2979                     88.0000  2210930         
  38360 35307      247.0000  3009                     88.0000  2268666         
  38582 35807      219.0000  3548                     88.0000  2301156         
  38970 35739      175.0000  3074                     88.0000  2297479         
  39418 36295      262.0000  2842                     88.0000  2335514         
  39745 36644      175.0000  3087                     88.0000  2397064         
  40003 37087      201.0000  2987                     88.0000  2427299         
  40317 37448      225.0000  3095                     88.0000  2459660         
  40761 37744      262.0000  2825                     88.0000  2493939         
  41065 37990      175.0000  2708                     88.0000  2537180         
Elapsed time = 1050.85 sec. (510339.04 ticks, tree = 12236.43 MB, solutions = 0)
Nodefile size = 10146.62 MB (5011.53 MB after compression)
  41391 38183      262.0000  3349                     88.0000  2544871         
  41763 38792      262.0000  2778                     88.0000  2595681         
  42188 39204      268.0000  2637                     88.0000  2622839         
  42531 39275      349.0000  2877                     88.0000  2630894         
  42949 39286      175.0000  3266                     88.0000  2633691         
  43324 39620      265.0000  3098                     88.0000  2672048         
  43625 39963      394.0000  2791                     88.0000  2683540         
  44049 40723      289.0000  2939                     88.0000  2731719         
  44470 40789      322.0000  2906                     88.0000  2750796         
  44829 41537      262.0000  2483                     88.0000  2799914         
Elapsed time = 1145.88 sec. (548610.14 ticks, tree = 12929.17 MB, solutions = 0)
Nodefile size = 10837.27 MB (5224.79 MB after compression)
  45078 42112      177.0000  3635                     88.0000  2844458         
  45416 42184      229.0000  3333                     88.0000  2845012         
  45832 42241      284.0000  2993                     88.0000  2860142         
  46219 42695      338.0000  2962                     88.0000  2895760         
  46541 43219      262.0000  2759                     88.0000  2932157         
  46895 43409      262.0000  2699                     88.0000  2941421         
  47367 43951      275.0000  2973                     88.0000  2966735         
  47769 44247      311.0000  2999                     88.0000  3000407         
  48081 45005      175.0000  3675                     88.0000  3036970         
  48380 44546      307.0000  2907                     88.0000  3021107         
Elapsed time = 1242.34 sec. (586856.33 ticks, tree = 13603.29 MB, solutions = 0)
Nodefile size = 11492.88 MB (5450.82 MB after compression)
  48840 45232      349.0000  2795                     88.0000  3044548         
  49317 45744      185.0000  3269                     88.0000  3090228         
  49565 46028      175.0000  3653                     88.0000  3109810         
  49905 46509      263.0000  2916                     88.0000  3125816         
  50201 46546      263.0000  2864                     88.0000  3130326         
  50543 47053      204.0000  3538                     88.0000  3188339         
  50893 47758      275.0000  3166                     88.0000  3229700         
  51199 47927      175.0000  3571                     88.0000  3239805         
  51418 48397      203.0000  3221                     88.0000  3315494         
  51660 48365      190.0000  3224                     88.0000  3308062         
Elapsed time = 1339.86 sec. (625072.13 ticks, tree = 14438.54 MB, solutions = 0)
Nodefile size = 12351.05 MB (5757.55 MB after compression)
  51962 48475      277.0000  3308                     88.0000  3324920         
  52274 49107      349.0000  2875                     88.0000  3379437         
  52407 49143      175.0000  3225                     88.0000  3385137         
  52463 49429      349.0000  2699                     88.0000  3423687         
  52550 49856      349.0000  2566                     88.0000  3472748         
  52719 49876      278.0000  3125                     88.0000  3488450         
  53103 49960      268.0000  3333                     88.0000  3489286         
  53489 50125      175.0000  3393                     88.0000  3512087         
  53821 50328      175.0000  3427                     88.0000  3521429         
  54191 50376      176.0000  3263                     88.0000  3522929         
Elapsed time = 1476.13 sec. (670059.20 ticks, tree = 14829.95 MB, solutions = 0)
Nodefile size = 12711.62 MB (5867.39 MB after compression)
  54592 50662      257.0000  3021                     88.0000  3529395         
  54933 51476      263.0000  2865                     88.0000  3592558         
  55166 51877      273.0000  3041                     88.0000  3604137         
  55471 51988      262.0000  3176                     88.0000  3620555         
  55764 52203      228.0000  2980                     88.0000  3640380         
  56058 52476      262.0000  2699                     88.0000  3674159         
  56346 53144    infeasible                           88.0000  3744277         
  56654 53363      262.0000  2612                     88.0000  3763254         
  56978 53505      263.0000  2928                     88.0000  3777121         
  57316 53752      314.0000  2935                     88.0000  3797049         
Elapsed time = 1570.03 sec. (708346.04 ticks, tree = 15503.58 MB, solutions = 0)
Nodefile size = 13377.32 MB (6075.44 MB after compression)
  57609 53879      325.0000  3041                     88.0000  3831310         
  57946 53911      262.0000  3129                     88.0000  3836765         
  58329 54543      281.0000  3055                     88.0000  3900293         
  58733 54621      312.0000  3036                     88.0000  3900487         
  59132 55080      262.0000  3024                     88.0000  3943845         
  59454 55286      219.0000  3011                     88.0000  3947587         
  59800 55579      182.0738  4398                     88.0000  3980066         
  60171 56441      352.0000  3019                     88.0000  4016280         
  60460 56675      350.0000  2855                     88.0000  4037807         
  60790 57020      349.0000  2791                     88.0000  4087790         
Elapsed time = 1667.30 sec. (746642.55 ticks, tree = 16267.49 MB, solutions = 0)
Nodefile size = 14165.47 MB (6363.81 MB after compression)
  61165 57463      175.0000  3502                     88.0000  4133904         
  61379 57309      191.0000  3353                     88.0000  4116593         
  61751 58219      195.0000  3277                     88.0000  4197849         
  62161 57811      352.0000  2904                     88.0000  4156377         
  62524 58747      357.0000  2854                     88.0000  4234850         
  62870 59099      262.0000  2645                     88.0000  4266990         
  63232 58954      175.0000  3253                     88.0000  4253916         
  63539 59678      176.0000  3245                     88.0000  4320171         
  63997 59950      281.0000  3101                     88.0000  4342349         
  64367 60100      350.0000  2939                     88.0000  4354339         
Elapsed time = 1761.15 sec. (784890.14 ticks, tree = 16950.27 MB, solutions = 0)
Nodefile size = 14816.05 MB (6590.24 MB after compression)
  64608 60710      270.0000  3108                     88.0000  4405580         
  64952 60785      313.0000  2949                     88.0000  4405742         
  65387 61465      262.0000  2790                     88.0000  4444972         
  65754 61995      176.0000  3033                     88.0000  4477241         
  65961 61926      175.0000  3234                     88.0000  4473752         

Clique cuts applied:  417
Cover cuts applied:  66
Implied bound cuts applied:  6758
Mixed integer rounding cuts applied:  3949
Zero-half cuts applied:  323
Lift and project cuts applied:  5

Root node processing (before b&c):
  Real time             =   77.88 sec. (60857.20 ticks)
Parallel b&c, 8 threads:
  Real time             = 1728.64 sec. (745125.15 ticks)
  Sync time (average)   =  600.61 sec.
  Wait time (average)   =    0.00 sec.
                          ------------
Total (root+branch&cut) = 1806.52 sec. (805982.35 ticks)
! --------------------------------------------------------
! Problem is UNKNOWN
! CPLEX Status = AbortTimeLim
! --------------------------------------------------------
