! Solving for graph /home/truongxuanhieu/CPLEX-MIP-for-MinSpanLabeling/benchmarks/cabp/O-impcol_d.mtx.rnd
! Target value is set to 52
! Lower bound is set to 53
! Upper bound is set to 212
! Time limit is set to 1800
! Vertices mode is set to No hole
! Target value mode is set to Cyclic Antibandwidth
Version identifier: 22.2.0.0 | 2026-05-04 | 5dff98e58
CPXPARAM_TimeLimit                               1800
Tried aggregator 2 times.
MIP Presolve eliminated 1269 rows and 956 columns.
MIP Presolve modified 180092 coefficients.
Aggregator did 3809 substitutions.
Reduced MIP has 8673 rows, 96338 columns, and 289961 nonzeros.
Reduced MIP has 91686 binaries, 1693 generals, 0 SOSs, and 2959 indicators.
Presolve time = 0.47 sec. (497.02 ticks)
Probing time = 0.82 sec. (247.16 ticks)
Tried aggregator 1 time.
Detecting symmetries...
Reduced MIP has 8673 rows, 96338 columns, and 289961 nonzeros.
Reduced MIP has 91686 binaries, 2118 generals, 0 SOSs, and 2959 indicators.
Presolve time = 0.35 sec. (180.32 ticks)
Probing time = 0.12 sec. (28.60 ticks)
Clique table members: 72180.
MIP emphasis: balance optimality and feasibility.
MIP search method: dynamic search.
Parallel mode: deterministic, using up to 8 threads.
Root relaxation solution time = 0.40 sec. (244.08 ticks)

        Nodes                                         Cuts/
   Node  Left     Objective  IInf  Best Integer    Best Bound    ItCnt     Gap

      0     0      104.0000  1088                    104.0000     1587         
      0     0      104.0000  2426                  Cuts: 2268     3645         
      0     0      104.0000  1651                  Cuts: 2268     4904         
      0     0      104.0000  1867                  Cuts: 2214     6929         
Detecting symmetries...
      0     2      104.0000  2386                    104.0000     6929         
Elapsed time = 31.41 sec. (26635.79 ticks, tree = 0.02 MB, solutions = 0)
      8    10      104.0000  1616                    104.0000     7495         
     22    14      104.0000  1802                    104.0000     9144         
     60    28      104.0000  1770                    104.0000    13591         
    101    74      104.0000  1765                    104.0000    18462         
    147   105    infeasible                          104.0000    23744         
    208   161      156.0000  1625                    104.0000    30895         
    263   200      156.0000  1610                    104.0000    33766         
    313   233      105.0000  1781                    104.0000    37929         
    368   298      105.0000  1741                    104.0000    45116         
    432   379    infeasible                          104.0000    53695         
Elapsed time = 42.94 sec. (30667.23 ticks, tree = 29.31 MB, solutions = 0)
    564   469      156.0000  1542                    104.0000    62315         
    767   619      209.0000  1389                    104.0000    69855         
    939   699      209.0000  1336                    104.0000    75579         
   1154   949      209.0000  1337                    104.0000    86272         
   1376  1079      208.0000  1447                    104.0000    94370         
   1568  1288      209.0000  1302                    104.0000   104887         
   1758  1471      209.0000  1295                    104.0000   115691         
   1929  1699      158.0000  1422                    104.0000   125727         
   2086  1880      209.0000  1317                    104.0000   137513         
   2281  1929      209.0000  1243                    104.0000   140508         
Elapsed time = 64.98 sec. (40250.13 ticks, tree = 210.71 MB, solutions = 0)
   2479  2144      209.0000  1224                    104.0000   159443         
   2670  2318      209.0000  1342                    104.0000   169091         
   2845  2494      209.0000  1338                    104.0000   179508         
   2984  2656      156.0000  1549                    104.0000   188392         
   3111  2781      176.0000  1452                    104.0000   193673         
   3394  2927      157.0000  1425                    104.0000   205190         
   3666  3144      209.0000  1107                    104.0000   212609         
   3933  3399      190.0000  1557                    104.0000   218430         
   4209  3784      157.0000  1228                    104.0000   233381         
   4497  3895      189.0000  1568                    104.0000   234226         
Elapsed time = 85.48 sec. (49811.09 ticks, tree = 448.79 MB, solutions = 0)
   4771  4190      158.0000  1485                    104.0000   244724         
   5011  4582      121.0000  1620                    104.0000   255192         
   5216  4689      157.0000  1131                    104.0000   258843         
   5389  4874      156.0000  1618                    104.0000   267513         
   5616  5085      157.0000  1322                    104.0000   273225         
   5852  5379      157.0000  1370                    104.0000   285918         
   6090  5556      157.0000  1460                    104.0000   292100         
   6361  5712      208.0000  1447                    104.0000   298651         
   6625  6001      157.0000  1409                    104.0000   308892         
   6832  6216      156.0000  1491                    104.0000   320755         
Elapsed time = 105.18 sec. (59386.50 ticks, tree = 733.85 MB, solutions = 0)
   7064  6410      157.0000  1410                    104.0000   328311         
   7268  6505      130.5000  2081                    104.0000   339075         
   7521  6897      157.0000  1463                    104.0000   351647         
   7731  7115      157.0000  1453                    104.0000   358138         
   7933  7290      179.0000  1572                    104.0000   363242         
   8143  7179      211.0000  1041                    104.0000   365400         
   8485  7682      163.0000  1565                    104.0000   382605         
   8845  7866      187.0000  1547                    104.0000   384278         
   9165  8292      178.0000  1594                    104.0000   393808         
   9412  8497      160.0000  1569                    104.0000   403897         
Elapsed time = 124.29 sec. (68965.40 ticks, tree = 1017.44 MB, solutions = 0)
   9658  8961      156.0000  1565                    104.0000   418487         
   9910  9164      178.0000  1555                    104.0000   422588         
  10216  9160      209.0000  1041                    104.0000   425706         
  10493  9461      157.0000  1589                    104.0000   436813         
  10775  9871      168.0000  1593                    104.0000   450554         
  11058 10232      169.0000  1604                    104.0000   461664         
  11298 10391      178.0000  1459                    104.0000   466760         
  11563 10543      157.0000  1588                    104.0000   471660         
  11647 10580      104.0000  1714                    104.0000   478684         

Performing restart 1

Repeating presolve.
Tried aggregator 1 time.
Reduced MIP has 8673 rows, 96338 columns, and 289961 nonzeros.
Reduced MIP has 91686 binaries, 2118 generals, 0 SOSs, and 2959 indicators.
Presolve time = 0.19 sec. (127.73 ticks)
Tried aggregator 1 time.
Reduced MIP has 8673 rows, 96338 columns, and 289961 nonzeros.
Reduced MIP has 91686 binaries, 2118 generals, 0 SOSs, and 2959 indicators.
Presolve time = 0.33 sec. (190.13 ticks)
Represolve time = 1.84 sec. (717.33 ticks)
  11648     0      104.0000  2136                  Cuts: 2268   491716         
  11648     0      104.0000  2742                  Cuts: 2268   497663         
  11648     0      104.0000  3101                  Cuts: 2268   513047         
  11648     0      104.0000  3398                  Cuts: 2268   540477         
  11648     2      104.0000  2566                    104.0000   540477         
Elapsed time = 281.60 sec. (210527.73 ticks, tree = 0.02 MB, solutions = 0)
  11658    12      104.0000  2031                    104.0000   541086         
  11687    39      112.6000  2333                    104.0000   543035         
  11710    56      105.0000  2305                    104.0000   544582         
  11781    89      104.0000  2179                    104.0000   549934         
  11918   199      105.0000  1804                    104.0000   556025         
  12055   294      105.0000  1789                    104.0000   562232         
  12221   377      156.0000  1730                    104.0000   566567         
  12331   468      105.0000  1803                    104.0000   570879         
  12482   561      119.0000  1695                    104.0000   573445         
  12647   780      135.0000  1730                    104.0000   589878         
Elapsed time = 306.60 sec. (220294.95 ticks, tree = 67.86 MB, solutions = 0)
  12870   943      156.0000  1642                    104.0000   606255         
  13032  1019      209.0000  1576                    104.0000   611901         
  13217  1323      133.0000  1863                    104.0000   631796         
  13378  1391      210.0000  1547                    104.0000   638024         
  13565  1641      208.0000  1540                    104.0000   656940         
  13730  1714      156.0000  1748                    104.0000   670522         
  13879  1802      158.0000  1651                    104.0000   679462         
  13910  1877    infeasible                          104.0000   691576         
  13916  1840      162.0000  1827                    104.0000   689740         
  13921  1977    infeasible                          104.0000   699316         
Elapsed time = 337.04 sec. (231075.37 ticks, tree = 200.88 MB, solutions = 0)
  13923  1980      156.0000  2019                    104.0000   701952         
  13925  1981      151.0000  1805                    104.0000   704922         
  13930  1974    infeasible                          104.0000   704435         
  13932  1979      156.0000  1800                    104.0000   709579         
  13949  1981      156.0000  1769                    104.0000   718151         
  14043  1993      156.0000  1673                    104.0000   728307         
  14162  2039      208.0000  1589                    104.0000   731100         
  14327  2173      209.0000  1559                    104.0000   741076         
  14534  2287      158.0000  1555                    104.0000   745549         
  14659  2479      209.0000  1531                    104.0000   755449         
Elapsed time = 364.20 sec. (242094.33 ticks, tree = 256.38 MB, solutions = 0)
  14805  2630      106.7750  2445                    104.0000   768837         
  14860  2709      208.0000  1528                    104.0000   771372         
  14939  2781      157.0000  1680                    104.0000   780402         
  15061  2884      158.0000  1728                    104.0000   794624         
  15228  3060      210.0000  1648                    104.0000   806613         
  15398  3044      156.0000  1729                    104.0000   812358         
  15460  3297      209.0000  1678                    104.0000   826580         
  15544  3346      211.0000  1443                    104.0000   828478         
  15628  3425      156.0000  1831                    104.0000   837072         
  16045  3795      209.0000  1511                    104.0000   877770         
Elapsed time = 394.01 sec. (254583.06 ticks, tree = 406.34 MB, solutions = 0)
  16203  3936      118.0000  2543                    104.0000   904133         
  16249  3897      104.0000  2845                    104.0000   889563         
  16265  4009      156.0000  1978                    104.0000   913345         
  16332  4097      118.4258  2974                    104.0000   976555         
  16454  4108      118.4258  3120                    104.0000  1001556         

Performing restart 2

Repeating presolve.
Tried aggregator 1 time.
MIP Presolve modified 106 coefficients.
Reduced MIP has 8673 rows, 96338 columns, and 348667 nonzeros.
Reduced MIP has 91686 binaries, 2118 generals, 0 SOSs, and 2959 indicators.
Presolve time = 0.28 sec. (158.49 ticks)
Tried aggregator 1 time.
Reduced MIP has 8673 rows, 96338 columns, and 348667 nonzeros.
Reduced MIP has 91686 binaries, 2118 generals, 0 SOSs, and 2959 indicators.
Presolve time = 0.45 sec. (211.29 ticks)
Represolve time = 3.04 sec. (1276.03 ticks)
  16457     0      104.0000  2884                  Cuts: 2268  1069029         
  16457     0      104.0000  2947                  Cuts: 2268  1086462         
  16457     0      104.0000  3357                  Cuts: 2268  1109733         
  16457     0      104.0000  3042                  Cuts: 2268  1142358         
  16457     0      104.0000  3467                  Cuts: 2268  1176381         
  16457     0      104.0686  4412                  Cuts: 2268  1204735         
  16457     0      104.0686  4529                  Cuts: 2268  1232698         
  16457     0      104.0686  4385                  Cuts: 2268  1258612         
  16457     0      104.0686  4500                  Cuts: 2268  1280630         
  16457     0      104.0686  4421                  Cuts: 2268  1306076         
  16457     0      104.0686  4479                  Cuts: 2268  1324080         
  16457     2      104.0686  3530                    104.0686  1324080         
  16458     3      104.0686  3466                    104.0686  1325057         
  16459     3      107.2560  3274                    104.0686  1329703         
  16462     6      156.0000  1933                    104.0686  1331578         
  16471    13      115.0000  2220                    104.0686  1332965         
Elapsed time = 1056.76 sec. (775984.78 ticks, tree = 0.37 MB, solutions = 0)
  16583    43      156.0000  1808                    104.0686  1335227         
  16747   247      198.0000  1731                    104.0686  1359847         
  16938   400      208.0000  1586                    104.0686  1382028         
  17122   547      209.0000  1582                    104.0686  1400397         
  17284   708      208.0000  1558                    104.0686  1422258         
  17430   846      156.0000  1736                    104.0686  1432770         
  17583  1035      208.0000  1784                    104.0686  1449547         
  17737  1138      208.0000  1538                    104.0686  1467251         
  17914  1293      210.0000  1433                    104.0686  1505299         
  18081  1474      156.0000  2097                    104.0686  1528381         
Elapsed time = 1160.83 sec. (814367.31 ticks, tree = 161.01 MB, solutions = 0)
  18194  1638      208.0000  1595                    104.0686  1555536         
  18289  1725      208.0000  1635                    104.0686  1586496         
  18377  1778      211.0000  1236                    104.0686  1599282         
  18445  1895      174.0000  1813                    104.0686  1617047         
  18480  1938      209.0000  1727                    104.0686  1628296         
  18531  1981      209.0000  1639                    104.0686  1635864         
  18562  2002      174.0000  2300                    104.0686  1659673         
  18574  2011      208.0000  2146                    104.0686  1672405         
  18605  2039      208.0000  2011                    104.0686  1685629         
  18647  2081      208.0000  1729                    104.0686  1699637         
Elapsed time = 1263.70 sec. (853271.99 ticks, tree = 240.56 MB, solutions = 0)
  18688  2113      208.0000  1727                    104.0686  1719014         
  18729  2146      208.0000  1688                    104.0686  1744181         
  18786  2204      208.0000  1714                    104.0686  1761730         
  18842  2235      212.0000  1834                    104.0686  1775470         
  18881  2298      208.0000  1769                    104.0686  1788934         
  18914  2333      208.0000  1845                    104.0686  1834100         
  18936  2287      167.0000  2616                    104.0686  1812918         
  18941  2342      156.0000  3020                    104.0688  1877669         
  18947  2369      208.0000  2627                    104.0688  1894862         
  18964  2380      159.0000  2405                    104.0688  1913223         
Elapsed time = 1365.15 sec. (896130.04 ticks, tree = 281.90 MB, solutions = 0)
  19008  2412      208.0000  2379                    104.0688  1917915         
  19058  2453      159.0000  2122                    104.0688  1949051         
  19112  2513      161.0000  2105                    104.0688  1968097         
  19161  2527      161.0000  2020                    104.0688  1972283         
  19205  2602      161.0000  1917                    104.0688  2039688         
  19249  2627      187.0000  1897                    104.0688  2042847         
  19289  2678      187.0000  1839                    104.0688  2064036         
  19304  2704      210.0000  1999                    104.0688  2103302         
  19312  2710      157.0000  2861                    104.0688  2112466         
  19326  2716      119.8368  3808                    104.0688  2121895         
Elapsed time = 1467.75 sec. (937876.53 ticks, tree = 330.94 MB, solutions = 0)
  19331  2659      208.0000  2628                    104.0688  2088766         
  19335  2724      208.0000  2585                    104.0688  2142494         
  19344  2733      156.0000  2972                    104.0688  2160856         
  19348  2734      208.0000  2775                    104.0688  2167910         
  19355  2761      208.0000  2160                    104.0688  2228526         
  19371  2768      208.0000  2032                    104.0688  2230435         
  19386  2756      208.0000  2751                    104.0688  2223799         
  19397  2800      192.0000  2410                    104.0688  2266166         
  19408  2801      208.0000  2678                    104.0688  2270693         
  19438  2819      208.0000  2031                    104.0688  2275621         
Elapsed time = 1560.37 sec. (979190.37 ticks, tree = 345.70 MB, solutions = 0)
  19474  2840      208.0000  1906                    104.0688  2278476         
  19537  2902      208.0000  1814                    104.0688  2306764         
  19590  2931      208.0000  1806                    104.0688  2308911         
  19623  2910      192.0000  2495                    104.0688  2340932         
  19661  3001      192.0000  2308                    104.0688  2364205         
  19694  3048      210.0000  1670                    104.0688  2359407         
  19730  3110      210.0000  1708                    104.0688  2401324         
  19758  3125      210.0000  1688                    104.0688  2406017         
  19784  3121      192.0000  2096                    104.0688  2414011         
  19811  3116      208.0000  2638                    104.0688  2419772         
Elapsed time = 1658.01 sec. (1018023.92 ticks, tree = 389.23 MB, solutions = 0)
  19823  3117      208.0000  2839                    104.0688  2433437         
  19838  3169      208.0000  2132                    104.0688  2443205         
  19853  3170      208.0000  2231                    104.0688  2457226         
  19856  3165      208.0000  2839                    104.0688  2467999         
  19865  3241      208.0000  2257                    104.0688  2505928         
  19869  3228      152.0000  3302                    104.0688  2505077         
  19873  3241      208.0000  2567                    104.0688  2541163         
  19876  3252      208.0000  2180                    104.0688  2562041         
  19885  3263      208.0000  2288                    104.0688  2575256         
  19902  3276      208.0000  2112                    104.0688  2575625         
Elapsed time = 1753.29 sec. (1059677.89 ticks, tree = 413.22 MB, solutions = 0)
  19927  3302      208.0000  2052                    104.0688  2607784         
  19959  3329      208.0000  1852                    104.0688  2609973         
  19994  3295      208.0000  2261                    104.0688  2624450         
  20027  3387      208.0000  1754                    104.0688  2652726         
  20052  3291      208.0000  2698                    104.0688  2635176         

GUB cover cuts applied:  3407
Clique cuts applied:  1
Cover cuts applied:  50
Implied bound cuts applied:  1293
Flow cuts applied:  9
Mixed integer rounding cuts applied:  1365
Zero-half cuts applied:  20
Gomory fractional cuts applied:  10

Root node processing (before b&c):
  Real time             =   31.17 sec. (26550.44 ticks)
Parallel b&c, 8 threads:
  Real time             = 1768.97 sec. (1058268.37 ticks)
  Sync time (average)   =  173.25 sec.
  Wait time (average)   =    0.41 sec.
                          ------------
Total (root+branch&cut) = 1800.14 sec. (1084818.81 ticks)
! --------------------------------------------------------
! Problem is UNKNOWN
! CPLEX Status = AbortTimeLim
! --------------------------------------------------------
