! Solving for graph /home/truongxuanhieu/CPLEX-MIP-for-MinSpanLabeling/benchmarks/cabp/Q-494_bus.mtx.rnd
! Target value is set to 82
! Lower bound is set to 83
! Upper bound is set to 247
! Time limit is set to 1800
! Vertices mode is set to No hole
! Target value mode is set to Cyclic Antibandwidth
Version identifier: 22.2.0.0 | 2026-05-04 | 5dff98e58
CPXPARAM_TimeLimit                               1800
Tried aggregator 2 times.
MIP Presolve eliminated 590 rows and 1114 columns.
MIP Presolve modified 243953 coefficients.
Aggregator did 2651 substitutions.
Reduced MIP has 5645 rows, 125720 columns, and 377330 nonzeros.
Reduced MIP has 122974 binaries, 1081 generals, 0 SOSs, and 1665 indicators.
Presolve time = 0.64 sec. (564.18 ticks)
Probing time = 1.03 sec. (283.88 ticks)
Tried aggregator 2 times.
Detecting symmetries...
Aggregator did 146 substitutions.
Reduced MIP has 5499 rows, 125574 columns, and 377184 nonzeros.
Reduced MIP has 122974 binaries, 1428 generals, 0 SOSs, and 1665 indicators.
Presolve time = 0.63 sec. (339.88 ticks)
Probing time = 0.14 sec. (31.91 ticks)
Clique table members: 80895.
MIP emphasis: balance optimality and feasibility.
MIP search method: dynamic search.
Parallel mode: deterministic, using up to 8 threads.
Root relaxation solution time = 0.49 sec. (267.72 ticks)

        Nodes                                         Cuts/
   Node  Left     Objective  IInf  Best Integer    Best Bound    ItCnt     Gap

      0     0      164.0000   913                    164.0000     1018         
      0     0      164.0000  1465                  Cuts: 1474     3361         
      0     0      164.0000  1300                  Cuts: 1038     4919         
      0     0      164.0000  1343                  Cuts: 1170     6564         
      0     2      164.0000  1098                    164.0000     6564         
Elapsed time = 24.40 sec. (22441.70 ticks, tree = 0.02 MB, solutions = 0)
      5     7      164.0000  1126                    164.0000     6976         
     15    11      164.0000  1163                    164.0000     7602         
     52    37      164.0000  1046                    164.0000    11278         
    118    91      164.0000  1067                    164.0000    14096         
    188   169      164.0000  1045                    164.0000    15669         
    226   186      164.0000  1042                    164.0000    16736         
    244   215      164.0000  1023                    164.0000    18398         
    250   224      164.0000  1065                    164.0000    19202         
    259   233      164.0000  1049                    164.0000    21897         
    287   222      246.0000  1164                    164.0000    21597         
Elapsed time = 32.33 sec. (25666.95 ticks, tree = 12.44 MB, solutions = 0)
    291   258      246.0000  1163                    164.0000    35391         
    295   261    infeasible                          164.0000    33213         
    301   275      246.0000  1110                    164.0000    58237         
    304   277      246.0000  1108                    164.0000    61159         
    364   301      246.0000  1079                    164.0000    63591         
    425   341      246.0000  1088                    164.0000    70990         
    477   391      246.0000  1084                    164.0000    76020         
    549   430      246.0000  1064                    164.0000    78361         
    591   475      246.0000  1063                    164.0000    80920         
    658   551      246.0000  1038                    164.0000    88820         
Elapsed time = 59.85 sec. (35824.06 ticks, tree = 41.63 MB, solutions = 0)
    732   588      247.0000   909                    164.0000    91335         
    814   642      247.0000   884                    164.0000   100805         
    897   796      247.0000   879                    164.0000   113307         
    971   841      247.0000   899                    164.0000   117520         
   1048   943      247.0000   883                    164.0000   126785         
   1131   947      247.0000   899                    164.0000   127365         
   1181   988      247.0000   857                    164.0000   129346         
   1231  1076      247.0000   874                    164.0000   137246         
   1294  1178      247.0000   837                    164.0000   147943         
   1334  1251      247.0000   920                    164.0000   152955         
Elapsed time = 82.11 sec. (45545.52 ticks, tree = 111.34 MB, solutions = 0)
   1366  1260      247.0000   834                    164.0000   153508         
   1413  1267      247.0000   846                    164.0000   157847         
   1457  1352      247.0000   896                    164.0000   169470         
   1495  1335      165.0000  1016                    164.0000   171748         
   1541  1430      247.0000   869                    164.0000   180459         
   1587  1424      247.0000   857                    164.0000   179937         
   1649  1506      247.0000   871                    164.0000   191376         
   1695  1578      247.0000   821                    164.0000   204635         
   1759  1601      247.0000   849                    164.0000   206106         
   1807  1609      247.0000   837                    164.0000   206842         
Elapsed time = 103.85 sec. (55299.50 ticks, tree = 148.03 MB, solutions = 0)
   1865  1692      247.0000   841                    164.0000   218324         
   1927  1705      247.0000   827                    164.0000   220015         
   1970  1845      247.0000   719                    164.0000   237401         
   2024  1841      247.0000   818                    164.0000   236559         
   2068  1941      247.0000   826                    164.0000   252055         
   2121  1972      247.0000   817                    164.0000   255033         
   2164  2007      247.0000   799                    164.0000   260448         
   2216  2036      247.0000   794                    164.0000   262774         
   2288  2126      247.0000   793                    164.0000   278586         
   2396  2098      247.0000   810                    164.0000   275803         
Elapsed time = 124.39 sec. (64977.23 ticks, tree = 197.75 MB, solutions = 0)
   2489  2224      247.0000   820                    164.0000   291868         
   2568  2205      247.0000   781                    164.0000   290140         
   2610  2297    infeasible                          164.0000   301309         
   2663  2349      165.0000   937                    164.0000   308443         
   2701  2353      247.0000   780                    164.0000   308919         
   2739  2362      247.0000   772                    164.0000   310365         
   2771  2408      247.0000   778                    164.0000   315858         
   2811  2419      247.0000   782                    164.0000   316109         
   2864  2481      247.0000   779                    164.0000   322667         
   2900  2534      247.0000   805                    164.0000   329991         
Elapsed time = 144.97 sec. (74846.02 ticks, tree = 242.71 MB, solutions = 0)
   2958  2539      247.0000   803                    164.0000   330656         
   3013  2605      247.0000   748                    164.0000   335655         
   3077  2684      247.0000   655                    164.0000   344656         
   3184  2667      247.0000   798                    164.0000   343715         
   3297  2775      247.0000   734                    164.0000   355326         
   3369  2783      247.0000   724                    164.0000   356043         
   3423  2835      247.0000   793                    164.0000   362328         
   3528  2887      247.0000   752                    164.0000   365842         
   3579  2895      247.0000   737                    164.0000   366517         
   3684  2940      247.0000   745                    164.0000   370755         
Elapsed time = 165.04 sec. (84457.70 ticks, tree = 283.85 MB, solutions = 0)
   3710  3015      247.0000   729                    164.0000   376603         
   3739  3034      247.0000   794                    164.0000   380585         
   3775  3119      247.0000   788                    164.0000   396077         
   3823  3127      246.0000  1104                    164.0000   402451         
   3896  3169      247.0000   776                    164.0000   413343         
   3946  3180      247.0000   788                    164.0000   414108         
   4032  3264      247.0000   934                    164.0000   421116         
   4093  3361      247.0000   800                    164.0000   427903         
   4158  3372      247.0000   796                    164.0000   428578         
   4214  3458      247.0000   905                    164.0000   434222         
Elapsed time = 186.24 sec. (94173.81 ticks, tree = 337.28 MB, solutions = 0)
   4263  3501      247.0000   899                    164.0000   438107         
   4298  3467      247.0000   729                    164.0000   436926         
   4361  3545      247.0000   687                    164.0000   444969         
   4387  3487      247.0000   879                    164.0000   435578         
   4419  3619      247.0000   856                    164.0000   450018         
   4451  3660      247.0000   690                    164.0000   454497         
   4494  3716      247.0000   854                    164.0000   459801         
   4536  3724      247.0000   855                    164.0000   460400         
   4558  3734      247.0000   854                    164.0000   461029         
   4567  3812    infeasible                          164.0000   470913         
Elapsed time = 212.93 sec. (104229.15 ticks, tree = 373.36 MB, solutions = 0)
   4579  3862    infeasible                          164.0000   474957         
   4583  3870    infeasible                          164.0000   477846         
   4588  3798      165.0000  1109                    164.0000   469448         
   4590  3869      246.0000  1155                    164.0000   481061         
   4602  3866      246.0000  1147                    164.0000   487747         
   4657  3867      165.0000  1176                    164.0000   487355         
   4699  3921      246.0000  1107                    164.0000   495345         
   4776  3876      246.0000  1110                    164.0000   490672         
   4867  3893      246.0000  1081                    164.0000   491263         

Performing restart 1

Repeating presolve.
Tried aggregator 1 time.
MIP Presolve eliminated 0 rows and 160 columns.
Reduced MIP has 5499 rows, 125414 columns, and 376704 nonzeros.
Reduced MIP has 122814 binaries, 1428 generals, 0 SOSs, and 1665 indicators.
Presolve time = 0.26 sec. (163.21 ticks)
Tried aggregator 1 time.
Reduced MIP has 5499 rows, 125414 columns, and 376704 nonzeros.
Reduced MIP has 122814 binaries, 1428 generals, 0 SOSs, and 1665 indicators.
Presolve time = 0.56 sec. (259.51 ticks)
Represolve time = 2.51 sec. (896.36 ticks)
   4937     0      164.0000  1598                  Cuts: 1474   529875         
   4937     0      164.0000  2016                  Cuts: 1474   543993         
   4937     0      164.0000  1981                  Cuts: 1362   551129         
   4937     0      164.0000  2135                  Cuts: 1474   561664         
   4937     0      164.0000  2218                  Cuts: 1359   581869         
   4937     0      164.0000  2165                  Cuts: 1294   595650         
   4937     0      164.0000  2270                  Cuts: 1355   609845         
   4937     2      164.0000  1605                    164.0000   609845         
Elapsed time = 521.42 sec. (343110.37 ticks, tree = 0.02 MB, solutions = 0)
   4945     9      164.0000  1440                    164.0000   611685         
   4953     8      164.0000  1468                    164.0000   610453         
   5013    72      242.0000  1204                    164.0000   621487         
   5299   264      165.0000  1440                    164.0000   637761         
   5608   506      247.0000  1001                    164.0000   650121         
   5628   663      247.0000  1200                    164.0000   667600         
   5664   682      247.0000  1131                    164.0000   679503         
   5959   744      246.0000  1191                    164.0000   688095         
   6460  1248      246.0000  1118                    164.0000   712022         
   6879  1565      247.0000  1023                    164.0000   723577         
Elapsed time = 617.91 sec. (382518.08 ticks, tree = 129.66 MB, solutions = 0)
   7200  2023      247.0000   955                    164.0000   743583         
   7378  2251      165.0000  1761                    164.0000   771682         
   7602  2426      247.0000  1107                    164.0000   788981         
   7790  2559      246.0000  1385                    164.0000   823278         
   7859  2604      246.0000  1335                    164.0000   837937         
   8081  2774      247.0000  1268                    164.0000   864156         
   8340  3091      247.0000  1026                    164.0000   884856         
   8556  3164      247.0000   979                    164.0000   891176         
   8571  3336    infeasible                          164.0000   904455         
   8576  3338      246.0000  1528                    164.0000   908814         
Elapsed time = 721.04 sec. (421338.86 ticks, tree = 300.66 MB, solutions = 0)
   8579  3348      182.0000  1934                    164.0000   918645         
   8583  3373      246.0000  1482                    164.0000   930521         
   8699  3450      246.0000  1404                    164.0000   995760         
   8775  3455      191.3333  2145                    164.0000  1004066         
   8806  3507      246.0000  1342                    164.0000  1016931         
   8866  3564      247.0000  1131                    164.0000  1019658         
   8951  3643      247.0000  1017                    164.0000  1032146         
   9013  3768      247.0000   930                    164.0000  1059190         
   9174  3825      247.0000  1196                    164.0000  1085985         
   9232  3819      164.0122  2760                    164.0000  1097410         
Elapsed time = 813.29 sec. (461289.07 ticks, tree = 347.55 MB, solutions = 0)
   9407  3928      247.0000  1399                    164.0000  1113235         
   9529  4113      247.0000  1165                    164.0000  1131930         
   9591  4168      164.0000  1918                    164.0000  1143365         
   9592  3952      164.0000  2018                    164.0000  1117886         
   9595  4169      164.0000  1877                    164.0000  1139895         
   9599  4207      246.0000  1542                    164.0000  1158165         
   9604  4317      246.0000  1559                    164.0000  1207685         
   9628  4284      246.0000  1468                    164.0000  1190896         
   9716  4348      247.0000  1251                    164.0000  1256253         
   9893  4506      247.0000  1056                    164.0000  1281876         
Elapsed time = 915.70 sec. (508902.30 ticks, tree = 415.80 MB, solutions = 0)
   9984  4590      247.0000   972                    164.0000  1295108         
  10077  4557      246.0000  1390                    164.0000  1305193         

Performing restart 2

Repeating presolve.
Tried aggregator 1 time.
MIP Presolve modified 55004 coefficients.
Reduced MIP has 5499 rows, 125414 columns, and 495854 nonzeros.
Reduced MIP has 122814 binaries, 1428 generals, 0 SOSs, and 1665 indicators.
Presolve time = 0.60 sec. (451.12 ticks)
Tried aggregator 1 time.
Reduced MIP has 5499 rows, 125414 columns, and 495854 nonzeros.
Reduced MIP has 122814 binaries, 1428 generals, 0 SOSs, and 1665 indicators.
Presolve time = 0.66 sec. (288.77 ticks)
Represolve time = 3.89 sec. (1609.41 ticks)
  10082     0      164.0000  2270                  Cuts: 1474  1360389         
  10082     0      164.0000  2307                  Cuts: 1448  1371923         
  10082     0      164.0000  2425                  Cuts: 1358  1383818         
  10082     0      164.0000  2341                  Cuts: 1474  1398472         
  10082     0      164.0000  2472                  Cuts: 1474  1409204         
  10082     0      164.0000  2455                  Cuts: 1443  1428074         
  10082     0      164.0000  2402                  Cuts: 1448  1448996         
  10082     0      164.0000  2389                  Cuts: 1351  1467682         
  10082     0      164.0000  2309                  Cuts: 1414  1482671         
  10082     0      164.0000  2314                  Cuts: 1474  1508038         
  10082     0      164.0000  2515                  Cuts: 1474  1529105         
  10082     0      164.0000  2517                  Cuts: 1474  1553827         
  10082     2      164.0000  1827                    164.0000  1553827         
  10083     3      166.0000  1809                    164.0000  1567876         
  10097    17      166.0000  1621                    164.0000  1568584         
  10100    20      246.0000  1358                    164.0000  1573406         
  10123    29      166.0000  1775                    164.0000  1574070         
  10141    32      246.0000  1445                    164.0000  1577355         
  10152    69      247.0000  1237                    164.0000  1600452         
  10203    90      247.0000  1278                    164.0000  1610799         
Elapsed time = 1604.01 sec. (1069998.01 ticks, tree = 4.29 MB, solutions = 0)
  10336   168      247.0000  1201                    164.0000  1622129         
  10505   305      247.0000  1373                    164.0000  1639761         
  10711   341      247.0000  1018                    164.0000  1642272         
  10927   552      247.0000  1102                    164.0000  1656814         
  11124   785      246.0000  1073                    164.0000  1680446         
  11312   939      247.0000  1065                    164.0000  1701036         
  11518  1208      247.0000   933                    164.0000  1728759         
  11722  1261      247.0000   954                    164.0000  1737571         
  11920  1545      247.0000   938                    164.0000  1766029         
  12126  1672      247.0000   876                    164.0000  1783397         
Elapsed time = 1702.42 sec. (1108353.87 ticks, tree = 141.19 MB, solutions = 0)
  12287  1747      247.0000  1073                    164.0000  1790611         
  12409  1992      170.0000  1406                    164.0000  1825946         
  12505  1995      247.0000   861                    164.0000  1828198         
  12650  2062      247.0000   836                    164.0000  1837796         
  12806  2201      247.0000   849                    164.0000  1851090         
  12969  2336      247.0000   906                    164.0000  1866049         
  13126  2511      247.0000   971                    164.0000  1886170         
  13244  2559      247.0000   760                    164.0000  1895684         
  13377  2674      247.0000   693                    164.0000  1913936         
  13461  2704      247.0000   799                    164.0000  1918400         
Elapsed time = 1792.38 sec. (1146681.85 ticks, tree = 239.20 MB, solutions = 0)
  13556  2798      247.0000   622                    164.0000  1933967         

GUB cover cuts applied:  739
Clique cuts applied:  2
Cover cuts applied:  23
Implied bound cuts applied:  227
Flow cuts applied:  2
Mixed integer rounding cuts applied:  719
Zero-half cuts applied:  42
Gomory fractional cuts applied:  16

Root node processing (before b&c):
  Real time             =   24.05 sec. (22348.51 ticks)
Parallel b&c, 8 threads:
  Real time             = 1776.19 sec. (1131454.10 ticks)
  Sync time (average)   =  171.57 sec.
  Wait time (average)   =    0.37 sec.
                          ------------
Total (root+branch&cut) = 1800.24 sec. (1153802.61 ticks)
! --------------------------------------------------------
! Problem is UNKNOWN
! CPLEX Status = AbortTimeLim
! --------------------------------------------------------
