! Solving for graph /home/truongxuanhieu/CPLEX-MIP-for-MinSpanLabeling/benchmarks/cabp/V-nos6.mtx.rnd
! Target value is set to 164
! Lower bound is set to 165
! Upper bound is set to 337
! Time limit is set to 1800
! Vertices mode is set to No hole
! Target value mode is set to Cyclic Antibandwidth
Version identifier: 22.2.0.0 | 2026-05-04 | 5dff98e58
CPXPARAM_TimeLimit                               1800
Tried aggregator 2 times.
MIP Presolve eliminated 1294 rows and 1521 columns.
MIP Presolve modified 454941 coefficients.
Aggregator did 4602 substitutions.
Reduced MIP has 10160 rows, 234491 columns, and 704092 nonzeros.
Reduced MIP has 229271 binaries, 1966 generals, 0 SOSs, and 3254 indicators.
Presolve time = 1.37 sec. (1342.88 ticks)
Probing time = 2.25 sec. (470.71 ticks)
Tried aggregator 1 time.
Detecting symmetries...
Reduced MIP has 10160 rows, 234491 columns, and 704092 nonzeros.
Reduced MIP has 229271 binaries, 2640 generals, 0 SOSs, and 3254 indicators.
Presolve time = 1.20 sec. (446.59 ticks)
Probing time = 0.25 sec. (52.37 ticks)
Clique table members: 111537.
MIP emphasis: balance optimality and feasibility.
MIP search method: dynamic search.
Parallel mode: deterministic, using up to 8 threads.
Root relaxation solution time = 8.40 sec. (3793.06 ticks)

        Nodes                                         Cuts/
   Node  Left     Objective  IInf  Best Integer    Best Bound    ItCnt     Gap

      0     0      328.0000  1981                    328.0000       10         
      0     0      328.0000  2451                  Cuts: 2640     4337         
      0     0      328.0000  2702                  Cuts: 2120     8895         
Detecting symmetries...
      0     2      328.0000  2248                    328.0000     8895         
Elapsed time = 147.07 sec. (97839.16 ticks, tree = 0.02 MB, solutions = 0)
      5     7      328.0000  2210                    328.0000     9102         
      6     8      328.0000  2183                    328.0000     9188         
      7     9      328.0000  2127                    328.0000     9699         
      9    11      328.0000  2176                    328.0000     9802         
     10    12      328.0000  2124                    328.0000    10024         
     13     7      328.0000  2277                    328.0000     8949         
     14    14      328.0000  2118                    328.0000    10572         
     15     6      328.0000  2211                    328.0000     9487         
     17    14      328.0000  2324                    328.0000    12013         
     25    22      328.0000  2278                    328.0000    15110         
Elapsed time = 157.94 sec. (102727.74 ticks, tree = 1.41 MB, solutions = 0)
     29    19      328.0000  2389                    328.0000    15438         
     33    29      328.0000  2356                    328.0000    25381         
     38    32      328.0000  2245                    328.0000    29821         
     40    36      328.0000  2264                    328.0000    33917         
     43    40      328.0000  2256                    328.0000    37570         
     48    43      328.0000  2301                    328.0000    42348         
     51    46      328.0000  2196                    328.0000    44191         
     55    51      328.0000  2259                    328.0000    49382         
     59    54      328.0000  2270                    328.0000    50045         
     66    57      328.0000  2122                    328.0000    51256         
Elapsed time = 182.76 sec. (114710.29 ticks, tree = 3.23 MB, solutions = 0)
     67    60      328.0000  2120                    328.0000    53056         
     74    66      328.0000  2261                    328.0000    56178         
     75    66    infeasible                          328.0000    55418         
     76    72      328.0000  2154                    328.0000    58466         
     91    75      329.0000  2141                    328.0000    61209         
    108    85      329.0000  2038                    328.0000    65136         
    138    87      328.0000  2049                    328.0000    68520         
    160    95      328.0000  2091                    328.0000    68859         
    188    98      329.0000  1900                    328.0000    67532         
    208   104      328.0000  2064                    328.0000    70793         
Elapsed time = 231.68 sec. (130750.04 ticks, tree = 9.24 MB, solutions = 0)
    237   140      329.0000  1882                    328.0000    73431         
    253   144      329.0000  1868                    328.0000    74052         
    268   148      329.0000  1851                    328.0000    74793         
    287   205      328.0000  2027                    328.0000    80812         
    304   212      328.0000  1998                    328.0000    81245         
    316   214      329.0000  1954                    328.0000    81966         
    332    74      328.0000  2255                    328.0000    64829         
    345   265      329.0000  1951                    328.0000    89138         
    350   257      328.0000  2321                    328.0000    93038         
    356   270      329.0000  1947                    328.0000    90278         
Elapsed time = 256.39 sec. (140983.56 ticks, tree = 32.74 MB, solutions = 0)
    368   275      329.0000  1935                    328.0000    95172         
    381   303      329.0000  1924                    328.0000    98371         
    396   327      329.0000  1879                    328.0000   106483         
    416   360      328.0000  2103                    328.0000   110135         
    432   319      328.0000  2187                    328.0000   104362         
    454   369      328.0000  2034                    328.0000   111247         
    479   346      328.0000  2009                    328.0000   110796         
    501   352      329.0000  1929                    328.0000   111413         
    524   437      329.0000  1965                    328.0000   121547         
    541   456      329.0000  1815                    328.0000   124328         
Elapsed time = 284.71 sec. (150988.57 ticks, tree = 57.84 MB, solutions = 0)
    554   448      328.0000  1984                    328.0000   122527         
    574   468      328.0000  1938                    328.0000   134680         
    586   490      328.0000  2094                    328.0000   145687         
    604   478      329.0000  1859                    328.0000   135680         
    618   485      328.0000  2040                    328.0000   139004         
    635   507      328.0000  1995                    328.0000   147140         
    655   514      328.0000  1992                    328.0000   147952         
    675   520      328.0000  2036                    328.0000   148743         
    690   561      328.0000  2144                    328.0000   158770         
    709   522      329.0000  1904                    328.0000   153909         
Elapsed time = 309.02 sec. (161145.01 ticks, tree = 67.74 MB, solutions = 0)
    725   627      329.0000  1904                    328.0000   169185         
    741   633      329.0000  1920                    328.0000   169796         
    754   590      329.0000  1942                    328.0000   166233         
    782   596      329.0000  1927                    328.0000   166705         
    803   694      328.0000  1952                    328.0000   184680         
    825   656      329.0000  1882                    328.0000   175894         
    836   740      328.0000  2120                    328.0000   199299         
    848   678      329.0000  1832                    328.0000   180377         
    864   759      329.0000  1876                    328.0000   203736         
    874   746      329.0000  1823                    328.0000   194637         
Elapsed time = 332.91 sec. (171278.28 ticks, tree = 105.15 MB, solutions = 0)
    887   780      328.0000  2030                    328.0000   205865         
    902   753      328.0000  2025                    328.0000   200478         
    919   762      329.0000  1879                    328.0000   205607         
    929   787      329.0000  1949                    328.0000   210790         
    937   836      329.0000  1845                    328.0000   216854         
    944   764      329.0000  1905                    328.0000   208048         
    954   838      329.0000  1895                    328.0000   218139         
    966   842      329.0000  1860                    328.0000   218641         
    973   810      328.0000  1991                    328.0000   215316         
    981   812      328.0000  1997                    328.0000   215954         
Elapsed time = 355.37 sec. (182389.51 ticks, tree = 115.11 MB, solutions = 0)
    990   847      329.0000  1967                    328.0000   224475         
   1002   849      329.0000  1950                    328.0000   224850         
   1015   908      328.0000  2009                    328.0000   255338         
   1029   879      329.0000  2056                    328.0000   249406         
   1034   907      329.0000  1917                    328.0000   252904         
   1045   881      328.0000  2219                    328.0000   250630         
   1057   931      329.0000  1931                    328.0000   268998         
   1071   933      329.0000  1896                    328.0000   269575         
   1086   985      328.0000  1927                    328.0000   288916         
   1103   939      329.0000  1978                    328.0000   270645         
Elapsed time = 376.71 sec. (192680.19 ticks, tree = 137.76 MB, solutions = 0)
   1111   940      329.0000  1881                    328.0000   271500         
   1118   943      329.0000  1934                    328.0000   271924         
   1123  1006      334.6667  2867                    328.0000   297677         
   1132  1010      329.0000  1892                    328.0000   298296         
   1151   941      329.0000  1895                    328.0000   279559         
   1163  1040      328.0000  2079                    328.0000   306758         
   1173  1032      329.0000  2063                    328.0000   313711         
   1186  1037      329.0000  1902                    328.0000   316991         
   1199  1057      329.0000  1913                    328.0000   309342         
   1227  1038      329.0000  1996                    328.0000   317326         
Elapsed time = 404.54 sec. (206490.65 ticks, tree = 156.46 MB, solutions = 0)
   1276  1066      328.0000  2441                    328.0000   331783         
   1311  1132      329.0000  1970                    328.0000   350995         
   1340  1202      329.0000  1890                    328.0000   387086         
   1375  1203      329.0000  1919                    328.0000   389038         
   1398  1227      329.0000  2184                    328.0000   413033         
   1413  1228      329.0000  1948                    328.0000   418839         
   1424  1216      329.0000  1984                    328.0000   409551         
   1444  1235      329.0000  1987                    328.0000   435494         
   1472  1245      328.0000  2377                    328.0000   443313         
   1484  1270      328.0000  2290                    328.0000   473689         
Elapsed time = 488.68 sec. (248807.90 ticks, tree = 199.62 MB, solutions = 0)
   1502  1288      329.0000  1868                    328.0000   482350         
   1518  1287      329.0000  2095                    328.0000   486008         
   1539  1296      329.0000  1860                    328.0000   485552         
   1566  1207      328.0000  2255                    328.0000   399921         
   1579  1317      329.0000  2109                    328.0000   526187         
   1593  1301      329.0000  1990                    328.0000   512434         
   1608  1344      329.0000  2019                    328.0000   551250         
   1626  1362      329.0000  1898                    328.0000   562043         
   1642  1370    infeasible                          328.0000   577445         
   1649  1369    infeasible                          328.0000   570932         
Elapsed time = 583.11 sec. (289880.63 ticks, tree = 218.95 MB, solutions = 0)
   1654  1375    infeasible                          328.0000   584869         
   1658  1391    infeasible                          328.0000   615512         
   1664  1402    infeasible                          328.0000   604837         
   1672  1391    infeasible                          328.0000   613488         
   1678  1379    infeasible                          328.0000   638509         
   1684  1373    infeasible                          328.0000   647302         
   1691  1384      329.0000  2062                    328.0000   635176         
   1698  1359    infeasible                          328.0000   671128         
   1706  1349      328.0000  1978                    328.0000   698668         
   1732  1365      329.0000  2033                    328.0000   693340         
Elapsed time = 729.02 sec. (335622.37 ticks, tree = 220.26 MB, solutions = 0)
   1754  1350      329.0000  2056                    328.0000   704885         
   1802  1362      329.0000  1966                    328.0000   715968         
   1825  1375      329.0000  2014                    328.0000   725974         
   1876  1349      337.0000  1876                    328.0000   714260         
   1930  1448      329.0000  1993                    328.0000   753137         
   1976  1468      329.0000  1897                    328.0000   756558         
   2007  1495      329.0000  1904                    328.0000   785306         
   2030  1485      328.0000  2235                    328.0000   781702         
   2050  1427      329.0000  1973                    328.0000   767701         
   2071  1577      328.0000  2401                    328.0000   827319         
Elapsed time = 811.30 sec. (374541.42 ticks, tree = 261.07 MB, solutions = 0)
   2101  1581      329.0000  1986                    328.0000   824323         
   2141  1593      328.0000  2271                    328.0000   849291         
   2197  1664      328.0000  2205                    328.0000   882452         
   2248  1689      328.0000  2004                    328.0000   885599         
   2290  1697      328.0000  2201                    328.0000   888907         
   2320  1680      329.0000  1987                    328.0000   891100         
   2335  1671    infeasible                          328.0000   898715         
   2341  1777    infeasible                          328.0000   956418         
   2346  1808      328.0000  2447                    328.0000   973471         
   2362  1816      329.0000  2056                    328.0000   974964         
Elapsed time = 921.74 sec. (414596.86 ticks, tree = 310.51 MB, solutions = 0)
   2402  1845      329.0000  2000                    328.0000   977777         
   2471  1803      328.0000  2237                    328.0000   999520         
   2516  1813      328.0000  2169                    328.0000   998658         
   2545  1829      329.0000  2064                    328.0000  1001704         
   2601  1925      328.0000  2100                    328.0000  1050236         
   2653  1896      329.0000  1943                    328.0000  1017829         
   2688  1952      329.0000  1887                    328.0000  1054812         
   2708  1958      329.0000  1866                    328.0000  1056517         
   2736  1898      335.0000  2369                    328.0000  1051710         
   2765  2037      329.0000  1896                    328.0000  1074009         
Elapsed time = 1006.04 sec. (454217.47 ticks, tree = 358.87 MB, solutions = 0)
   2778  2088      329.0000  1991                    328.0000  1113554         
   2786  2143      328.0000  2207                    328.0000  1123714         
   2813  2158      329.0000  2019                    328.0000  1127642         
   2862  2184      329.0000  1963                    328.0000  1131684         
   2886  2151      335.0000  2249                    328.0000  1127554         
   2913  2168      329.0000  1846                    328.0000  1147442         
   2934  2183      329.0000  1948                    328.0000  1157513         
   2944  2190      329.0000  1812                    328.0000  1158982         
   2950  2255      329.0000  1941                    328.0000  1183544         
   2958  2272      335.0000  2225                    328.0000  1210252         
Elapsed time = 1103.08 sec. (495463.50 ticks, tree = 408.26 MB, solutions = 0)
   2966  2258      329.0000  1948                    328.0000  1187274         
   2973  2262      329.0000  2024                    328.0000  1189051         
   2981  2096      329.0000  2040                    328.0000  1118403         
   2985  2278      329.0000  2036                    328.0000  1230886         
   2988  2330    infeasible                          328.0000  1307874         
   2993  2280      337.0000  2432                    328.0000  1267292         
   2997  2328    infeasible                          328.0000  1315143         
   3001  2301    infeasible                          328.0000  1264422         
   3010  2321      328.0000  2299                    328.0000  1382424         
   3032  2321      329.0000  2453                    328.0000  1390631         
Elapsed time = 1224.71 sec. (540073.27 ticks, tree = 421.34 MB, solutions = 0)
   3073  2328      328.0000  2235                    328.0000  1383062         
   3135  2322      329.0000  2132                    328.0000  1397484         
   3205  2343      329.0000  2108                    328.0000  1399629         
   3259  2344      328.0000  2280                    328.0000  1474618         
   3326  2362      328.0000  2134                    328.0000  1404106         
   3367  2361      329.0000  1981                    328.0000  1479820         
   3413  2364      329.0000  1915                    328.0000  1481881         
   3443  2433      329.0000  1941                    328.0000  1506615         
   3482  2498      329.0000  1990                    328.0000  1557428         
   3522  2504      329.0000  1953                    328.0000  1559264         
Elapsed time = 1310.01 sec. (578676.20 ticks, tree = 461.13 MB, solutions = 0)
   3538  2640      329.0000  2081                    328.0000  1612876         
   3564  2629      328.0000  2397                    328.0000  1621200         
   3577  2629      328.0000  2445                    328.0000  1623935         
   3589  2663      329.0000  1962                    328.0000  1664691         
   3599  2664      329.0000  1963                    328.0000  1666001         
   3604  2706    infeasible                          328.0000  1697356         
   3610  2752    infeasible                          328.0000  1752640         
   3615  2744    infeasible                          328.0000  1719000         
   3621  2748    infeasible                          328.0000  1765607         
   3638  2752      329.0000  2053                    328.0000  1775528         
Elapsed time = 1437.80 sec. (622243.22 ticks, tree = 518.09 MB, solutions = 0)
   3655  2751      329.0000  2178                    328.0000  1754930         
   3693  2750      329.0000  2020                    328.0000  1802323         
   3738  2771      329.0000  1877                    328.0000  1805566         
   3782  2781      329.0000  1807                    328.0000  1808236         
   3831  2742      328.0000  2251                    328.0000  1832690         
   3859  2778      329.0000  2157                    328.0000  1858934         
   3897  2844      329.0000  1990                    328.0000  1907698         
   3914  2816      328.0000  2503                    328.0000  1899587         
   3937  2819      329.0000  2354                    328.0000  1901701         
   3972  2847      328.0000  2300                    328.0000  1913407         
Elapsed time = 1512.01 sec. (661781.79 ticks, tree = 539.75 MB, solutions = 0)
   4014  2904      329.0000  2333                    328.0000  1930099         
   4037  2985      328.0000  2451                    328.0000  1981775         
   4054  2988      329.0000  2171                    328.0000  1994639         
   4069  2996      329.0000  1998                    328.0000  1996845         
   4085  2998      328.0000  2411                    328.0000  2000584         
   4093  3021      329.0000  1941                    328.0000  2014557         
   4104  3026    infeasible                          328.0000  2024660         
   4113  3030      329.0000  2126                    328.0000  2026282         
   4117  3012      336.0000  2040                    328.0000  2010955         
   4122  3032      329.0000  2014                    328.0000  2030526         
Elapsed time = 1625.81 sec. (704431.17 ticks, tree = 583.38 MB, solutions = 0)
   4126  3043      329.0000  1974                    328.0000  2097432         
   4128  3075    infeasible                          328.0000  2136235         
   4132  3079    infeasible                          328.0000  2143770         
   4136  3078    infeasible                          328.0000  2143976         
   4138  3077    infeasible                          328.0000  2164382         
   4141  3077    infeasible                          328.0000  2146363         
   4146  3076    infeasible                          328.0000  2148667         
   4149  3084      329.0000  2186                    328.0000  2197902         
   4159  3088      329.0000  2123                    328.0000  2231462         
   4169  3080      328.0000  2415                    328.0000  2269920         
Elapsed time = 1754.40 sec. (751410.94 ticks, tree = 595.47 MB, solutions = 0)
   4179  3087      329.0000  2264                    328.0000  2263849         
   4193  3090      329.0000  2047                    328.0000  2274076         
   4229  3110      329.0000  1950                    328.0000  2276188         
   4247  3115      329.0000  2087                    328.0000  2377279         
   4264  3122      329.0000  2065                    328.0000  2379185         
   4282  3087      329.0000  2361                    328.0000  2334068         

Clique cuts applied:  32
Cover cuts applied:  270
Implied bound cuts applied:  11370
Mixed integer rounding cuts applied:  388
Zero-half cuts applied:  26
Lift and project cuts applied:  1
Gomory fractional cuts applied:  25

Root node processing (before b&c):
  Real time             =  145.75 sec. (97243.36 ticks)
Parallel b&c, 8 threads:
  Real time             = 1654.43 sec. (680606.00 ticks)
  Sync time (average)   =  286.87 sec.
  Wait time (average)   =    0.00 sec.
                          ------------
Total (root+branch&cut) = 1800.18 sec. (777849.36 ticks)
! --------------------------------------------------------
! Problem is UNKNOWN
! CPLEX Status = AbortTimeLim
! --------------------------------------------------------
