! Solving for graph /home/truongxuanhieu/CPLEX-MIP-for-MinSpanLabeling/benchmarks/cabp/H-impcol_b.mtx.rnd
! Target value is set to 10
! Lower bound is set to 11
! Upper bound is set to 89
! Time limit is set to 1800
! Vertices mode is set to Has hole
! Target value mode is set to Cyclic Antibandwidth
Version identifier: 22.2.0.0 | 2026-05-04 | 5dff98e58
CPXPARAM_TimeLimit                               1800
Tried aggregator 2 times.
MIP Presolve eliminated 282 rows and 162 columns.
MIP Presolve modified 5266 coefficients.
Aggregator did 739 substitutions.
Reduced MIP has 1702 rows, 6509 columns, and 14598 nonzeros.
Reduced MIP has 5547 binaries, 341 generals, 0 SOSs, and 621 indicators.
Presolve time = 0.02 sec. (23.57 ticks)
Probing time = 0.04 sec. (21.62 ticks)
Tried aggregator 1 time.
Detecting symmetries...
Reduced MIP has 1702 rows, 6509 columns, and 14598 nonzeros.
Reduced MIP has 5547 binaries, 400 generals, 0 SOSs, and 621 indicators.
Presolve time = 0.01 sec. (12.79 ticks)
Probing time = 0.02 sec. (4.66 ticks)
Clique table members: 11314.
MIP emphasis: balance optimality and feasibility.
MIP search method: dynamic search.
Parallel mode: deterministic, using up to 8 threads.
Root relaxation solution time = 0.02 sec. (17.68 ticks)

        Nodes                                         Cuts/
   Node  Left     Objective  IInf  Best Integer    Best Bound    ItCnt     Gap

      0     0       20.0000   230                     20.0000      368         
      0     0       20.0000   281                   Cuts: 525      721         
      0     0       20.0000   413                   Cuts: 202      947         
Detecting symmetries...
      0     2       20.0000   273                     20.0000      947         
Elapsed time = 1.05 sec. (598.33 ticks, tree = 0.02 MB, solutions = 0)
    557   376       30.0000   200                     20.0000    14649         
   1378  1026       42.0000   144                     20.0000    29543         
   2241  1687       41.0000    74                     20.0000    44104         
   3430  2705       60.0000   114                     20.0000    67973         
   4473  3626       70.0000    73                     20.0000    87249         
   5787  4577       71.0000    36                     20.0000   105752         
   6890  5564       30.0000   284                     20.0000   123393         
   7980  6334       61.0000    19                     20.0000   139194         
   9202  7359       51.0000    97                     20.0000   157914         

Performing restart 1

Repeating presolve.
Tried aggregator 1 time.
Reduced MIP has 1702 rows, 6509 columns, and 14598 nonzeros.
Reduced MIP has 5547 binaries, 400 generals, 0 SOSs, and 621 indicators.
Presolve time = 0.01 sec. (9.43 ticks)
Tried aggregator 1 time.
Reduced MIP has 1702 rows, 6509 columns, and 14598 nonzeros.
Reduced MIP has 5547 binaries, 400 generals, 0 SOSs, and 621 indicators.
Presolve time = 0.01 sec. (13.15 ticks)
Represolve time = 0.08 sec. (52.53 ticks)
   9831     0       20.0000   507                   Cuts: 525   177589         
   9831     0       20.0000   443                   Cuts: 525   178230         
   9831     0       20.0000   533                   Cuts: 525   179719         
   9831     0       20.0000   467                   Cuts: 406   180675         
   9831     0       20.0000   591                   Cuts: 525   182338         
   9831     0       20.0000   566                   Cuts: 451   184020         
   9831     0       20.0000   573                   Cuts: 444   185569         
   9831     2       20.0000   374                     20.0000   185569         
Elapsed time = 10.44 sec. (7356.71 ticks, tree = 0.02 MB, solutions = 0)
  10667   708       31.0000   243                     30.0000   198623         
  11952  1732       60.0000   256                     30.0000   228873         
  12586  2212       50.0000   370                     30.0000   265154         
  13269  2726       40.0000   484                     30.0000   306300         
  13519  2915       40.0000   453                     30.0000   338857         
  13936  3159       70.0000   169                     30.0000   382492         

Performing restart 2

Repeating presolve.
Tried aggregator 1 time.
Reduced MIP has 1702 rows, 6509 columns, and 17326 nonzeros.
Reduced MIP has 5547 binaries, 400 generals, 0 SOSs, and 621 indicators.
Presolve time = 0.01 sec. (10.43 ticks)
Tried aggregator 1 time.
Reduced MIP has 1702 rows, 6509 columns, and 17326 nonzeros.
Reduced MIP has 5547 binaries, 400 generals, 0 SOSs, and 621 indicators.
Presolve time = 0.01 sec. (14.81 ticks)
Represolve time = 0.17 sec. (146.05 ticks)
  14151     0       20.1370   792                   Cuts: 525   409313         
  14151     0       22.0000   581                   Cuts: 525   410542         
  14151     0       22.0000   645                   Cuts: 525   412000         
  14151     0       22.0000   604                   Cuts: 241   412956         
  14151     0       22.0000   629                   Cuts: 525   414092         
  14151     0       22.0000   545                   Cuts: 295   415086         
  14151     0       22.0000   581                   Cuts: 525   416729         
  14151     0       22.0000   564                   Cuts: 354   417937         
  14151     0       22.0000   597                   Cuts: 525   419289         
* 14151+    0                           89.0000       30.0000            66.29%
  14151     0       22.0000   563       89.0000     Cuts: 402   420644   66.29%
  14151     0       22.0000   646       89.0000     Cuts: 525   422505   66.29%
  14151     2       22.0000   442       89.0000       30.0000   422505   66.29%
  14413   190       80.0000   111       89.0000       30.0000   429756   66.29%
* 14814+  479                           81.0000       30.0000            62.96%
* 14824   463      integral     0       80.0000       30.0000   437236   62.50%
  14946   440        cutoff             80.0000       30.0000   440506   62.50%
  15602   785       50.0000   222       80.0000       30.0000   461342   62.50%
Elapsed time = 37.35 sec. (26442.59 ticks, tree = 1.98 MB, solutions = 3)
  16530  1447       70.0000   153       80.0000       30.0000   490154   62.50%
  17273  1993       51.0000   325       80.0000       30.0000   521096   62.50%
  17707  2260       40.0000   346       80.0000       30.0000   540182   62.50%
  18218  2697       51.0000   406       80.0000       30.0000   566554   62.50%
  18525  2908       60.0000   256       80.0000       30.0000   594762   62.50%
  18675  3059       60.0000   310       80.0000       30.0000   623793   62.50%
  18886  3208       63.0000   276       80.0000       30.0000   655134   62.50%
  19020  3318       61.0000   186       80.0000       30.0000   677822   62.50%
  19161  3401       50.0000   393       80.0000       30.0000   706313   62.50%
  19261  3514        cutoff             80.0000       30.0000   750687   62.50%
Elapsed time = 51.09 sec. (36023.83 ticks, tree = 10.93 MB, solutions = 3)
  19344  3538       47.0978   426       80.0000       30.0000   765545   62.50%
  19486  3609       65.0000   252       80.0000       30.0000   790254   62.50%
  19608  3712       60.0000   277       80.0000       30.0000   828594   62.50%
  19751  3793       70.0000   262       80.0000       30.0000   860897   62.50%
  19828  3846       61.0000   268       80.0000       30.0000   877184   62.50%
  19942  3909       62.0000   317       80.0000       30.0000   908906   62.50%
  20070  4001       41.0000   489       80.0000       30.0000   947167   62.50%
  20161  4093       51.0000   411       80.0000       30.0000   989352   62.50%
  20320  4143       67.0000   294       80.0000       30.0000  1003599   62.50%
  20442  4236       31.0000   411       80.0000       30.0000  1045780   62.50%
Elapsed time = 64.75 sec. (45635.91 ticks, tree = 13.30 MB, solutions = 3)
  20527  4306       50.0000   395       80.0000       30.0000  1084004   62.50%
  20675  4388       61.0000   290       80.0000       30.0000  1110104   62.50%
  20813  4491       50.0000   392       80.0000       30.0000  1137819   62.50%
  20957  4599       73.0000   234       80.0000       30.0000  1186568   62.50%
  21057  4645       50.0000   385       80.0000       30.0000  1209474   62.50%
  21129  4722       42.0000   421       80.0000       30.0000  1246250   62.50%
  21270  4779       68.0000   413       80.0000       30.0000  1278377   62.50%
  21431  4921       41.0000   387       80.0000       30.0000  1333503   62.50%
  21537  4973       40.0000   541       80.0000       30.0000  1357399   62.50%
  21611  5051       41.0000   318       80.0000       30.3226  1407088   62.10%
Elapsed time = 78.66 sec. (55254.46 ticks, tree = 16.39 MB, solutions = 3)
  21700  5071       40.0000   483       80.0000       31.0000  1428920   61.25%
  21807  5149       50.0000   440       80.0000       31.0000  1474525   61.25%
  21869  5187       60.0000   406       80.0000       31.0000  1508240   61.25%
  21981  5239       40.0000   364       80.0000       31.0000  1540732   61.25%
  22031  5295        cutoff             80.0000       31.0000  1566637   61.25%
  22121  5337       72.0000   332       80.0000       31.0000  1603933   61.25%
  22197  5389       51.0000   367       80.0000       31.0000  1639169   61.25%
  22301  5408       60.0000   514       80.0000       31.0000  1656208   61.25%
  22382  5512       38.0000   406       80.0000       31.0000  1720185   61.25%
  22440  5539       51.0000   307       80.0000       31.0000  1734855   61.25%
Elapsed time = 93.01 sec. (64922.09 ticks, tree = 18.00 MB, solutions = 3)
  22489  5603       61.0000   320       80.0000       31.0000  1780620   61.25%
  22547  5618       62.0000   280       80.0000       31.0000  1796040   61.25%
  22623  5628       40.0000   467       80.0000       31.0000  1807166   61.25%
  22676  5683       41.0000   419       80.0000       31.0000  1841782   61.25%
  22760  5724       70.0000   255       80.0000       31.0000  1864363   61.25%
  22791  5791       40.0000   611       80.0000       31.0000  1911604   61.25%
  22830  5823       60.0000   291       80.0000       31.0000  1944136   61.25%
  22884  5852       61.0000   386       80.0000       31.0000  1976835   61.25%
  22946  5873       50.0000   310       80.0000       31.0000  1990742   61.25%
  23019  5905       60.0000   298       80.0000       31.0000  2031377   61.25%
Elapsed time = 106.94 sec. (74598.66 ticks, tree = 19.65 MB, solutions = 3)
  23061  5935        cutoff             80.0000       31.0000  2061914   61.25%
  23123  5946       34.0000   589       80.0000       31.0000  2079172   61.25%
  23164  5979       60.0000   257       80.0000       31.0000  2106627   61.25%
  23198  6009       40.0000   437       80.0000       31.0000  2138367   61.25%
  23246  6067       72.0000   209       80.0000       31.0000  2183209   61.25%
  23305  6078       42.0000   454       80.0000       31.0000  2212459   61.25%
  23366  6125       42.0000   311       80.0000       31.0000  2246156   61.25%
  23411  6134       60.0000   349       80.0000       31.0000  2251054   61.25%
  23456  6155       61.0000   226       80.0000       31.0000  2269032   61.25%
  23512  6200       61.0000   310       80.0000       31.0000  2319683   61.25%
Elapsed time = 120.29 sec. (84260.24 ticks, tree = 20.70 MB, solutions = 3)
  23567  6254       50.0000   449       80.0000       31.0000  2358652   61.25%
  23623  6277       65.0000   265       80.0000       31.0000  2367755   61.25%
  23699  6305       70.0000   305       80.0000       31.0000  2409656   61.25%
  23766  6328       31.0000   625       80.0000       31.0000  2423939   61.25%
  23835  6393       45.0000   505       80.0000       31.0000  2481657   61.25%
  23900  6414       73.0000   310       80.0000       31.0000  2503746   61.25%
  23958  6441        cutoff             80.0000       31.0000  2523193   61.25%
  24023  6538       71.0000   310       80.0000       31.0000  2590019   61.25%
  24090  6527       61.0000   225       80.0000       31.0000  2581864   61.25%
  24176  6587       50.0000   370       80.0000       31.0000  2627338   61.25%
Elapsed time = 133.81 sec. (93950.17 ticks, tree = 22.45 MB, solutions = 3)
  24260  6616       70.0000   232       80.0000       31.0000  2649068   61.25%
  24366  6711       60.0000   253       80.0000       31.0000  2709391   61.25%
  24437  6746        cutoff             80.0000       31.0000  2739178   61.25%
  24499  6764       61.0000   217       80.0000       31.0000  2760008   61.25%
  24551  6870       41.0000   311       80.0000       31.0000  2816546   61.25%
  24625  6907       60.0000   316       80.0000       31.0000  2836446   61.25%
  24744  6900       62.0000   347       80.0000       31.0000  2827138   61.25%
  24830  6974       50.0000   497       80.0000       31.0000  2885344   61.25%
  24910  6988       61.0000   335       80.0000       31.0000  2885523   61.25%
  25173  7189       50.0000   489       80.0000       31.0000  3032315   61.25%
Elapsed time = 151.62 sec. (106411.70 ticks, tree = 24.50 MB, solutions = 3)
  25375  7316       41.0000   488       80.0000       31.0000  3125552   61.25%
  25623  7424       61.0000   422       80.0000       31.0000  3225675   61.25%
  25903  7604       51.0000   295       80.0000       31.0000  3389517   61.25%
  26135  7762    infeasible             80.0000       31.0000  3531177   61.25%
  26400  7901       70.0000   275       80.0000       31.0000  3654392   61.25%
  26594  8057       70.0000   378       80.0000       31.0000  3800515   61.25%
  26840  8094       50.0000   433       80.0000       31.0000  3844837   61.25%
  27139  8313       61.0000   224       80.0000       31.0000  4028459   61.25%
  27359  8408       41.0000   423       80.0000       31.0000  4116008   61.25%
  27663  8601       51.0000   364       80.0000       31.1021  4249980   61.12%
Elapsed time = 208.26 sec. (144680.48 ticks, tree = 36.27 MB, solutions = 3)
  28002  8755        cutoff             80.0000       31.5000  4378485   60.62%
  28233  8844       52.0000   254       80.0000       32.0000  4428105   60.00%
  28420  9013       50.0000   337       80.0000       32.0000  4567010   60.00%
  28623  9155       62.0000   398       80.0000       32.0000  4730012   60.00%
  28870  9242       60.0000   409       80.0000       32.0000  4821860   60.00%
  29032  9395       60.0000   294       80.0000       32.0000  4934876   60.00%
  29262  9506       72.0000   364       80.0000       32.0000  5076455   60.00%
  29768  9578       51.0000   347       80.0000       32.0000  5147053   60.00%
  30147  9808        cutoff             80.0000       32.0000  5250007   60.00%
  30368 10144        cutoff             80.0000       33.0000  5446253   58.75%
Elapsed time = 266.40 sec. (182926.10 ticks, tree = 58.60 MB, solutions = 3)
  30755 10202       71.0000   261       80.0000       33.0000  5482324   58.75%
  31293 10337       70.0000   331       80.0000       33.0000  5553378   58.75%
  31745 10758       61.0000   406       80.0000       33.0000  5714981   58.75%
  32054 10990       50.0000   349       80.0000       33.3684  5796481   58.29%
  32651 11088       51.0000   375       80.0000       34.0000  5836887   57.50%
  33268 11365       70.0000   327       80.0000       34.0000  5975587   57.50%
  33606 11877       42.0000   530       80.0000       34.0000  6168585   57.50%
  33917 11984       51.0000   498       80.0000       34.0000  6211304   57.50%
  34362 12297       60.0000   315       80.0000       34.0000  6332620   57.50%
  34894 12559       38.0000   526       80.0000       34.0000  6440639   57.50%
Elapsed time = 324.02 sec. (221121.64 ticks, tree = 143.33 MB, solutions = 3)
  35597 12792       37.0000   447       80.0000       35.0000  6542925   56.25%
  36075 12883       52.0000   302       80.0000       37.0000  6573824   53.75%
  36471 13290       50.0000   417       80.0000       38.0000  6702067   52.50%
  36940 13570       70.0000   296       80.0000       38.0000  6803766   52.50%
  37253 13852       41.0000   412       80.0000       38.0000  6926051   52.50%
  37569 14115       70.0000   231       80.0000       39.0000  7092259   51.25%
  37946 14167    infeasible             80.0000       40.0000  7123849   50.00%
  38261 14446       70.0000   324       80.0000       40.0000  7300751   50.00%
  38681 14633       71.0000   432       80.0000       40.0000  7413074   50.00%
  39275 14832       51.0000   350       80.0000       40.0000  7503684   50.00%
Elapsed time = 382.46 sec. (259330.91 ticks, tree = 221.28 MB, solutions = 3)
  39826 14756       40.0000   382       80.0000       40.0000  7479416   50.00%
  40227 15426       61.0000   271       80.0000       40.0000  7770983   50.00%
  40508 15584        cutoff             80.0000       40.0000  7882421   50.00%
  40809 15623       60.0000   378       80.0000       40.0000  7905761   50.00%
  41360 15788       60.0000   292       80.0000       40.0000  7995589   50.00%
  42080 15896       60.0000   380       80.0000       40.0000  8049322   50.00%
  42749 16454        cutoff             80.0000       40.0000  8268081   50.00%
  43302 16481       60.0000   319       80.0000       40.0000  8278609   50.00%
  43712 17090       55.0000   412       80.0000       40.0000  8522816   50.00%
  43964 17005       60.0000   403       80.0000       40.0000  8490935   50.00%
Elapsed time = 439.81 sec. (297569.00 ticks, tree = 306.14 MB, solutions = 3)
  44259 17303       51.0000   375       80.0000       40.0000  8636112   50.00%
  44687 17543        cutoff             80.0000       40.0000  8784590   50.00%
  45319 17572       70.0000   401       80.0000       40.0000  8799023   50.00%
  45840 17743    infeasible             80.0000       40.0000  8875619   50.00%
  46171 17947        cutoff             80.0000       40.0000  8967951   50.00%
  46429 18338       61.0000   323       80.0000       40.0000  9148443   50.00%
  46695 18539       60.0000   391       80.0000       40.0000  9295728   50.00%
  47077 18668       60.0000   291       80.0000       40.0000  9393411   50.00%
  47627 18702    infeasible             80.0000       40.0000  9420393   50.00%
  48130 18814       74.5000   400       80.0000       40.0000  9471213   50.00%
Elapsed time = 497.07 sec. (335812.19 ticks, tree = 364.47 MB, solutions = 3)
  48475 19036        cutoff             80.0000       40.0000  9567885   50.00%
  48766 19405       40.0000   332       80.0000       40.0000  9726624   50.00%
  49095 19588       51.0000   512       80.0000       40.0000  9831291   50.00%
  49499 19676       60.0000   513       80.0000       40.0000  9883037   50.00%
  49885 19980       70.0000   249       80.0000       40.0000 10055705   50.00%
  50291 20056        cutoff             80.0000       40.0000 10100259   50.00%
  50729 20312       70.0000   472       80.0000       40.0000 10277063   50.00%
  50987 20426       51.0000   326       80.0000       40.0000 10344214   50.00%
  51232 20700       70.0000   332       80.0000       40.0000 10512738   50.00%
  51451 20839       60.0000   449       80.0000       40.0000 10611337   50.00%
Elapsed time = 560.04 sec. (374064.47 ticks, tree = 451.55 MB, solutions = 3)
  51667 20813       51.0000   288       80.0000       40.1124 10592932   49.86%
  51946 20882        cutoff             80.0000       41.0000 10644623   48.75%
  52342 21105       70.0000   410       80.0000       41.0000 10828662   48.75%
  52760 21133       41.0000   468       80.0000       41.0000 10847395   48.75%
  53207 21462        cutoff             80.0000       41.0000 11063673   48.75%
  53607 21430       70.0000   250       80.0000       41.0000 11039925   48.75%
  54002 21839       70.0000   300       80.0000       41.0000 11297254   48.75%
  54341 22043       66.0000   335       80.0000       41.0000 11416103   48.75%
  54726 22058       70.0000   352       80.0000       41.0000 11409243   48.75%
  55205 22187       60.0000   381       80.0000       41.0000 11487190   48.75%
Elapsed time = 618.51 sec. (412319.07 ticks, tree = 498.30 MB, solutions = 3)
  55701 22484       63.0000   376       80.0000       41.0000 11621203   48.75%
  56391 22486       50.0000   376       80.0000       41.0000 11620340   48.75%
  56995 22696       63.0000   421       80.0000       41.0000 11725373   48.75%
  57612 23271        cutoff             80.0000       41.0000 11991135   48.75%
  57944 23214       71.0000   349       80.0000       41.0000 11965672   48.75%
  58202 23477       60.0000   540       80.0000       41.0000 12084795   48.75%
  58517 23840       41.0000   325       80.0000       41.0000 12294904   48.75%
  58919 23810    infeasible             80.0000       41.0000 12281232   48.75%
  59285 23891       56.0000   495       80.0000       41.0000 12335878   48.75%
  59750 24188       61.0000   294       80.0000       41.0000 12548560   48.75%
Elapsed time = 679.43 sec. (450557.21 ticks, tree = 594.35 MB, solutions = 3)
  60179 24377       70.0000   435       80.0000       41.0000 12637478   48.75%
  60643 24451       50.0000   379       80.0000       41.0000 12663573   48.75%
  61057 24585    infeasible             80.0000       41.0000 12728599   48.75%
  61378 24763       70.0000   311       80.0000       41.0000 12824953   48.75%
  61662 25086       61.0000   371       80.0000       41.0000 12966840   48.75%
  61935 25181       51.4091   519       80.0000       41.0000 13030990   48.75%
  62340 25264       60.0000   352       80.0000       41.0000 13106308   48.75%
  62891 25365       60.0000   392       80.0000       41.0000 13200809   48.75%
  63509 25720       50.0000   472       80.0000       41.0000 13432725   48.75%
  63984 25739       61.0000   355       80.0000       41.0000 13447985   48.75%
Elapsed time = 738.68 sec. (488798.87 ticks, tree = 675.27 MB, solutions = 3)
  64304 26217       61.0000   352       80.0000       41.0000 13689582   48.75%
  64519 26312       51.0000   415       80.0000       41.0000 13748219   48.75%
  64781 26370       60.0000   325       80.0000       41.0000 13787542   48.75%
  65010 26501       41.3871   593       80.0000       41.0000 13892864   48.75%
  65299 26516       50.0000   530       80.0000       41.0000 13908015   48.75%
  65642 26695       70.0000   403       80.0000       41.0000 14078427   48.75%
  66123 26698       60.0000   393       80.0000       41.0000 14067256   48.75%
  66488 27010       61.0000   457       80.0000       41.0000 14286010   48.75%
  66822 27070       61.1962   494       80.0000       41.0000 14328149   48.75%
  67081 27321       61.0000   466       80.0000       41.0000 14465527   48.75%
Elapsed time = 799.31 sec. (527036.49 ticks, tree = 757.28 MB, solutions = 3)
  67307 27308       50.0000   456       80.0000       41.0000 14454435   48.75%
  67483 27530       51.1978   500       80.0000       41.0000 14646185   48.75%
  67751 27605       63.0000   303       80.0000       41.0000 14713574   48.75%
  67986 27541       51.0000   579       80.0000       41.0000 14645481   48.75%
  68142 27640       70.0000   374       80.0000       41.0000 14759287   48.75%
  68477 27757       64.0000   446       80.0000       41.0000 14834793   48.75%
  68791 27879        cutoff             80.0000       41.0000 14983637   48.75%
  69022 27988       60.0000   477       80.0000       41.0000 15107023   48.75%
  69233 28164       50.0000   518       80.0000       41.0000 15262310   48.75%
  69462 28124       60.0000   420       80.0000       41.0000 15235679   48.75%
Elapsed time = 859.15 sec. (565349.51 ticks, tree = 803.17 MB, solutions = 3)
  69700 28343       41.0000   581       80.0000       41.0000 15397256   48.75%
  69989 28435       70.0000   408       80.0000       41.0000 15532020   48.75%
  70371 28387       71.0000   459       80.0000       41.0000 15486262   48.75%
  70752 28466       70.0000   436       80.0000       41.0000 15558250   48.75%
  71019 28671       64.5000   442       80.0000       41.0000 15700435   48.75%
  71260 28753       60.0000   362       80.0000       41.0000 15764557   48.75%
  71456 28980    infeasible             80.0000       41.0000 15916870   48.75%
  71624 29026       52.9286   489       80.0000       41.0000 15954447   48.75%
  71784 29159    infeasible             80.0000       41.0000 16076822   48.75%
  72014 29240        cutoff             80.0000       41.0351 16195785   48.71%
Elapsed time = 918.27 sec. (603662.53 ticks, tree = 866.46 MB, solutions = 3)
  72270 29252       50.0000   389       80.0000       41.1111 16204602   48.61%
  72663 29364       70.0000   300       80.0000       41.1545 16364348   48.56%
  73057 29493       47.0000   379       80.0000       41.2647 16453364   48.42%
  73475 29558       72.0000   184       80.0000       41.2647 16488787   48.42%
  73831 29837       51.0000   340       80.0000       41.3082 16649531   48.36%
  74194 30050       52.0000   441       80.0000       41.3519 16779726   48.31%
  74501 30020       60.0000   317       80.0000       41.5114 16764748   48.11%
  74795 30140       43.0000   530       80.0000       41.8000 16859725   47.75%
  75030 30398       70.0000   342       80.0000       42.0000 17005996   47.50%
  75312 30559       72.0000   474       80.0000       42.0000 17083123   47.50%
Elapsed time = 978.78 sec. (641935.70 ticks, tree = 922.59 MB, solutions = 3)
  75554 30754    infeasible             80.0000       42.0000 17203308   47.50%
  75954 30751       52.0000   374       80.0000       42.0000 17196823   47.50%
  76474 31072       51.0000   452       80.0000       42.0000 17370563   47.50%
  76960 31206        cutoff             80.0000       42.0000 17428092   47.50%
  77504 31234       62.0000   374       80.0000       42.0000 17442777   47.50%
  77986 31351       52.0000   528       80.0000       42.0000 17492685   47.50%
  78343 31582       72.0000   341       80.0000       42.0000 17590474   47.50%
  78586 31992        cutoff             80.0000       42.0000 17790571   47.50%
  78806 32302       52.0000   328       80.0000       42.0000 17979290   47.50%
  79040 32287       50.0000   526       80.0000       42.0000 17968887   47.50%
Elapsed time = 1039.82 sec. (680175.25 ticks, tree = 1041.17 MB, solutions = 3)
  79238 32361        cutoff             80.0000       42.0000 18018462   47.50%
  79474 32536       42.0000   558       80.0000       42.0000 18180798   47.50%
  79821 32602       52.0000   469       80.0000       42.0000 18224212   47.50%
  80202 32677       50.0000   441       80.0000       42.0000 18265927   47.50%
  80668 32739       70.0000   298       80.0000       42.0000 18305747   47.50%
  81093 32775        cutoff             80.0000       42.0000 18333112   47.50%
  81502 33403       54.0000   472       80.0000       42.0000 18660398   47.50%
  81821 33178       60.0000   408       80.0000       42.0000 18542167   47.50%
  82098 33732       52.0000   346       80.0000       42.0000 18840290   47.50%
  82372 33679       50.0000   504       80.0000       42.0000 18808535   47.50%
Elapsed time = 1103.79 sec. (718486.62 ticks, tree = 1132.03 MB, solutions = 3)
  82600 33872       70.0000   321       80.0000       42.0000 18944066   47.50%
  82825 33916       52.0000   401       80.0000       42.0000 18969151   47.50%
  83129 34113       70.0000   348       80.0000       42.0000 19087129   47.50%
  83514 34102    infeasible             80.0000       42.0000 19089555   47.50%
  83811 34258       70.0000   454       80.0000       42.0000 19200476   47.50%
  84072 34519        cutoff             80.0000       42.0000 19407136   47.50%
  84250 34672       42.0000   558       80.0000       42.0000 19504106   47.50%
  84445 34657       72.0000   329       80.0000       42.0000 19485061   47.50%
  84639 34799       51.0000   471       80.0000       42.0000 19623966   47.50%
  84869 34890    infeasible             80.0000       42.0000 19702212   47.50%
Elapsed time = 1164.77 sec. (756755.73 ticks, tree = 1209.28 MB, solutions = 3)
  85090 34899       52.0000   369       80.0000       42.0000 19711168   47.50%
  85334 34939        cutoff             80.0000       42.0000 19755775   47.50%
  85556 35065        cutoff             80.0000       42.0000 19866148   47.50%
  85848 35207       51.0000   413       80.0000       42.0000 19960509   47.50%
  86211 35236        cutoff             80.0000       42.0000 19974277   47.50%
  86555 35334       70.0000   263       80.0000       42.0000 20051503   47.50%
  86919 35671       50.0000   547       80.0000       42.0094 20370049   47.49%
  87203 35678       55.0000   421       80.0000       42.0321 20379112   47.46%
  87464 35818       73.0000   457       80.0000       42.0411 20491671   47.45%
  87696 35957       53.0000   446       80.0000       42.0977 20588756   47.38%
Elapsed time = 1223.87 sec. (795021.09 ticks, tree = 1263.29 MB, solutions = 3)
  87916 36019       46.0000   402       80.0000       42.1814 20628147   47.27%
  88176 36058       51.0000   585       80.0000       42.2529 20656897   47.18%
  88578 36246    infeasible             80.0000       42.4737 20809118   46.91%
  89115 36288       52.0000   333       80.0000       42.5714 20846242   46.79%
  89626 36331        cutoff             80.0000       42.7143 20865771   46.61%
  90250 36516        cutoff             80.0000       42.9270 20981528   46.34%
  90724 36691       59.0000   456       80.0000       43.0000 21072172   46.25%
  91044 36863       52.0000   496       80.0000       43.0000 21149027   46.25%
  91288 37289       59.0000   376       80.0000       43.0000 21374470   46.25%
  91463 37531        cutoff             80.0000       43.0000 21570651   46.25%
Elapsed time = 1287.45 sec. (833291.95 ticks, tree = 1389.38 MB, solutions = 3)
  91725 37546       52.0000   500       80.0000       43.0000 21578983   46.25%
  91961 37542       60.0000   367       80.0000       43.0000 21563857   46.25%
  92210 37757        cutoff             80.0000       43.0000 21807595   46.25%
  92495 37770       57.0000   424       80.0000       43.0000 21817261   46.25%
  92796 37868       70.0000   353       80.0000       43.0000 21885351   46.25%
  93072 37938       64.0000   392       80.0000       43.0000 21951278   46.25%
  93393 38110       44.7647   514       80.0000       43.0000 22070847   46.25%
  93778 38237       64.0000   343       80.0000       43.0000 22143459   46.25%
  94310 38300       60.0000   430       80.0000       43.0000 22184071   46.25%
  94854 38365       55.0000   375       80.0000       43.0625 22221214   46.17%
Elapsed time = 1347.38 sec. (871511.99 ticks, tree = 1449.32 MB, solutions = 3)
  95286 38605       62.0000   474       80.0000       43.1176 22357187   46.10%
  95608 38821       64.0000   482       80.0000       43.3011 22481176   45.87%
  95896 39007       47.0000   372       80.0000       43.3684 22610860   45.79%
  96175 39020       50.0000   509       80.0000       43.5714 22619405   45.54%
  96416 39101       65.0000   391       80.0000       43.8000 22696736   45.25%
  96848 39256       61.0000   385       80.0000       44.0000 22818585   45.00%
  97362 39366    infeasible             80.0000       44.0000 22894119   45.00%
  97928 39576       51.0000   488       80.0000       44.0000 23006558   45.00%
  98396 39710       66.0000   382       80.0000       44.0000 23083126   45.00%
  98875 39628       48.0533   534       80.0000       44.2500 23035933   44.69%
Elapsed time = 1412.41 sec. (909765.59 ticks, tree = 1560.46 MB, solutions = 3)
  99239 39680       70.0000   331       80.0000       44.4286 23077185   44.46%
  99513 40178       51.0000   398       80.0000       45.0000 23360318   43.75%
  99742 40351       71.0000   452       80.0000       45.0000 23495605   43.75%
  99969 40382       69.0000   512       80.0000       45.0000 23529047   43.75%
 100225 40469       60.0000   374       80.0000       45.0000 23646753   43.75%
 100550 40518       61.0000   510       80.0000       45.0000 23676773   43.75%
 100980 40631       60.0000   390       80.0000       46.0000 23758331   42.50%
 101563 40688    infeasible             80.0000       46.0000 23795092   42.50%
 102064 40979    infeasible             80.0000       46.0000 23943698   42.50%
 102634 40856       71.0000   370       80.0000       46.0000 23898071   42.50%
Elapsed time = 1475.13 sec. (948023.01 ticks, tree = 1646.75 MB, solutions = 3)
 103098 41034       70.0000   280       80.0000       46.5000 23975061   41.87%
 103570 41405       58.0000   407       80.0000       47.0000 24159700   41.25%
 103881 41616    infeasible             80.0000       47.0000 24272410   41.25%
 104163 41994    infeasible             80.0000       47.0000 24465726   41.25%
 104479 42012       62.0000   390       80.0000       47.0000 24477225   41.25%
 104783 42084       51.0000   510       80.0000       47.7733 24530721   40.28%
 105259 42186       58.0000   485       80.0000       48.0000 24607885   40.00%
 105749 42637       67.0000   304       80.0000       48.0000 24887847   40.00%
 106244 42476        cutoff             80.0000       48.0000 24797095   40.00%
 106686 42537       60.0000   267       80.0000       48.0000 24860187   40.00%
Elapsed time = 1545.01 sec. (986253.75 ticks, tree = 1769.28 MB, solutions = 3)
 107231 43045       50.0000   437       80.0000       48.0000 25073804   40.00%
 107725 43208       57.0000   451       80.0000       48.0000 25137045   40.00%
 108155 43591       50.0000   363       80.0000       48.0000 25305212   40.00%
 108528 43888       68.0000   374       80.0000       48.0000 25446731   40.00%
 108910 43847       59.0000   406       80.0000       48.0000 25428116   40.00%
 109295 43951       51.0000   349       80.0000       48.0000 25483010   40.00%
 109826 44209       75.0000   350       80.0000       48.0000 25611898   40.00%
 110482 44311       68.0000   422       80.0000       48.0000 25669382   40.00%
 111194 44616       70.0000   305       80.0000       48.0000 25830133   40.00%
 111847 44455       53.0000   502       80.0000       48.0000 25746834   40.00%
Elapsed time = 1614.47 sec. (1024522.95 ticks, tree = 1929.07 MB, solutions = 3)
 112532 45057       79.0000   261       80.0000       48.0000 26017471   40.00%
Starting limited solution polishing.
 113018 45088       70.0000   325       80.0000       48.0000 26033890   40.00%
 113290 45164       70.0000   329       80.0000       48.0000 26079665   40.00%
 113525 45868    infeasible             80.0000       48.0000 26478754   40.00%
 113704 45953        cutoff             80.0000       49.0000 26568149   38.75%
 113899 45810        cutoff             80.0000       49.0000 26422675   38.75%
 114115 45963       60.0000   357       80.0000       49.0000 26585491   38.75%
 114331 46007       60.0000   499       80.0000       49.0000 26652801   38.75%
 114581 46063       60.0000   426       80.0000       49.0000 26745093   38.75%
 114848 46168        cutoff             80.0000       49.0000 26896190   38.75%
Elapsed time = 1685.29 sec. (1062912.91 ticks, tree = 2058.94 MB, solutions = 3)
Nodefile size = 6.87 MB (5.72 MB after compression)
 115165 46107    infeasible             80.0000       50.0000 26839353   37.50%
 115544 46255       51.0000   526       80.0000       50.0000 26946366   37.50%
 115927 46325       60.0000   431       80.0000       50.0000 27101331   37.50%
 116236 46352    infeasible             80.0000       50.0000 27135381   37.50%
 116557 46541       70.0000   318       80.0000       50.0000 27285701   37.50%
 116804 46754       70.0000   441       80.0000       50.0000 27539536   37.50%
 117118 46814    infeasible             80.0000       50.0000 27613917   37.50%
 117408 46845    infeasible             80.0000       50.0000 27679258   37.50%
 117736 46893       60.0000   360       80.0000       50.0000 27736329   37.50%
 118040 46915    infeasible             80.0000       50.0000 27760598   37.50%
Elapsed time = 1756.16 sec. (1101150.33 ticks, tree = 2103.10 MB, solutions = 3)
Nodefile size = 48.71 MB (40.54 MB after compression)
 118319 46952       60.0000   313       80.0000       50.0000 27790335   37.50%
 118694 47041       70.0000   382       80.0000       50.0000 27864218   37.50%
 119174 47138       70.0000   301       80.0000       50.0000 27923365   37.50%
 119680 47449       67.0000   354       80.0000       50.0000 28138374   37.50%
 120284 47559       60.0000   343       80.0000       50.0000 28210373   37.50%
 120935 47527       51.0000   393       80.0000       50.0000 28171967   37.50%
 121422 47763       68.0000   380       80.0000       50.0000 28334273   37.50%

GUB cover cuts applied:  1678
Clique cuts applied:  6
Cover cuts applied:  5622
Implied bound cuts applied:  835
Flow cuts applied:  11
Mixed integer rounding cuts applied:  356
Zero-half cuts applied:  11
Lift and project cuts applied:  10
Gomory fractional cuts applied:  46

Root node processing (before b&c):
  Real time             =    1.04 sec. (598.05 ticks)
Parallel b&c, 8 threads:
  Real time             = 1800.82 sec. (1129556.40 ticks)
  Sync time (average)   =  374.30 sec.
  Wait time (average)   =    0.04 sec.
                          ------------
Total (root+branch&cut) = 1801.86 sec. (1130154.45 ticks)
! --------------------------------------------------------
! Status: FEASIBLE (time limit or other stopping criterion reached)
! Best span = 80
! Labeling: 21 11 1 11 5 41 51 5 45 1 35 31 4 35 3 80 21 22 15 65 55 25 11 21 61 25 25 41 60 11 41 1 70 60 1 1 15 25 25 23 45 55 51 13 15 5 35 15 21 1 31 35 15 25 71 15 51 31 5 
! --------------------------------------------------------
! All verification passed
