! Solving for graph /home/truongxuanhieu/CPLEX-MIP-for-MinSpanLabeling/benchmarks/cabp/J-nos4.mtx.rnd
! Target value is set to 48
! Lower bound is set to 49
! Upper bound is set to 150
! Time limit is set to 1800
! Vertices mode is set to Has hole
! Target value mode is set to Cyclic Antibandwidth
Version identifier: 22.2.0.0 | 2026-05-04 | 5dff98e58
CPXPARAM_TimeLimit                               1800
Tried aggregator 2 times.
MIP Presolve eliminated 250 rows and 278 columns.
MIP Presolve modified 15024 coefficients.
Aggregator did 791 substitutions.
Reduced MIP has 1734 rows, 16212 columns, and 33953 nonzeros.
Reduced MIP has 15271 binaries, 348 generals, 0 SOSs, and 593 indicators.
Presolve time = 0.05 sec. (50.95 ticks)
Probing time = 0.14 sec. (73.19 ticks)
Tried aggregator 2 times.
Detecting symmetries...
Aggregator did 7 substitutions.
Reduced MIP has 1727 rows, 16205 columns, and 33946 nonzeros.
Reduced MIP has 15271 binaries, 440 generals, 0 SOSs, and 593 indicators.
Presolve time = 0.04 sec. (34.06 ticks)
Probing time = 0.02 sec. (6.85 ticks)
Clique table members: 17005.
MIP emphasis: balance optimality and feasibility.
MIP search method: dynamic search.
Parallel mode: deterministic, using up to 8 threads.
Root relaxation solution time = 0.04 sec. (30.46 ticks)

        Nodes                                         Cuts/
   Node  Left     Objective  IInf  Best Integer    Best Bound    ItCnt     Gap

      0     0       96.0000   263                     96.0000      407         
      0     0       96.0000   424                   Cuts: 531      711         
      0     0       96.0000   470                   Cuts: 354      984         
Detecting symmetries...
      0     2       96.0000   343                     96.0000      984         
Elapsed time = 1.79 sec. (1192.35 ticks, tree = 0.02 MB, solutions = 0)
    315   252      145.0000   243                     96.0000     9893         
    609   520      145.0000   185                     96.0000    16276         
   1175   820    infeasible                           96.0000    19811         
   1798  1277      145.0000   200                     96.0000    28149         
   2183  1647      146.0000   180                     96.0000    34232         
   2955  2134      145.0000   271                     96.0000    41152         
   3790  2699      144.0000   185                     96.0000    44377         
   4585  2996      150.0000   100                     96.0000    47221         
   4998  3285       96.0000   408                     96.0000    49961         
   7578  4641       96.0000   383                     96.0000    65867         
Elapsed time = 5.81 sec. (4297.10 ticks, tree = 28.63 MB, solutions = 0)
   9823  6093      144.0000   276                     96.0000    86901         
  12424  8458      144.0000   318                     96.0000   108255         
  15315  9946      145.0000   275                     96.0000   123847         
  17684 11683      150.0000   265                     96.0000   145152         
  20305 13176      145.0000   151                     96.0000   166282         
  23107 15045      144.0000   328                     96.0000   189021         
  25394 16193      144.0000   213                     96.0000   213607         
  28260 17667      150.0000    70                     97.0000   234911         
  30345 19096      145.0000   176                     97.0000   260497         
  33116 21688      145.0000   149                     97.0000   305161         
Elapsed time = 18.48 sec. (13839.97 ticks, tree = 138.89 MB, solutions = 0)
  35095 23105      145.0000   216                     97.0000   319587         
  37749 24914      144.0000   268                     97.0000   357543         
  39996 26148      150.0000   208                     98.0000   379373         
  41668 27328      150.0000   244                    102.0000   411853         
  44449 28738      150.0000   255                    102.0000   438239         
  46988 30451      144.0000   272                    102.0000   463982         
  48863 33034      144.0000   307                    108.0000   511825         
  51226 34543      145.0000   212                    112.0000   526311         
  53999 36377      150.0000   247                    114.5000   558564         
  56244 37622      145.0000   275                    120.0000   576972         
Elapsed time = 31.23 sec. (23379.34 ticks, tree = 245.48 MB, solutions = 0)

Performing restart 1

Repeating presolve.
Tried aggregator 1 time.
MIP Presolve eliminated 0 rows and 126 columns.
Reduced MIP has 1727 rows, 16079 columns, and 33694 nonzeros.
Reduced MIP has 15145 binaries, 440 generals, 0 SOSs, and 593 indicators.
Presolve time = 0.02 sec. (19.59 ticks)
Tried aggregator 1 time.
Reduced MIP has 1727 rows, 16079 columns, and 33694 nonzeros.
Reduced MIP has 15145 binaries, 440 generals, 0 SOSs, and 593 indicators.
Presolve time = 0.03 sec. (27.83 ticks)
Represolve time = 0.23 sec. (135.94 ticks)
  56423     0       96.0000   541                   Cuts: 531   592236         
  56423     0       96.0000   639                   Cuts: 531   593370         
  56423     0       96.0000   701                   Cuts: 529   594822         
  56423     0       97.0000   661                   Cuts: 503   597481         
  56423     0       97.0000   756                   Cuts: 531   598428         
  56423     2       97.0000   359                    121.0000   598428         
  57173   592      144.0000   187                    121.0000   604958         
  58889  1843      145.0000   151                    121.0000   613986         
  59749  2633      146.0000   290                    121.0000   630769         
  60603  3420    infeasible                          121.0000   649394         
  60874  3674      127.0000   457                    121.0000   657930         
  60923  3727      127.0000   429                    121.0000   666863         

Performing restart 2

Repeating presolve.
Tried aggregator 1 time.
MIP Presolve modified 14731 coefficients.
Reduced MIP has 1727 rows, 16079 columns, and 48573 nonzeros.
Reduced MIP has 15145 binaries, 440 generals, 0 SOSs, and 593 indicators.
Presolve time = 0.03 sec. (39.09 ticks)
Tried aggregator 1 time.
Reduced MIP has 1727 rows, 16079 columns, and 48573 nonzeros.
Reduced MIP has 15145 binaries, 440 generals, 0 SOSs, and 593 indicators.
Presolve time = 0.04 sec. (36.82 ticks)
Represolve time = 0.32 sec. (284.14 ticks)
  61669     0       97.2953   839                   Cuts: 531   688157         
  61669     0       98.0000   781                   Cuts: 531   689213         
  61669     0       98.8475   821                   Cuts: 531   690083         
  61669     0       99.0000   816                   Cuts: 531   691294         
  61669     0       99.0000   805                   Cuts: 531   692636         
  61669     0       99.0000   870                   Cuts: 531   694860         
  61669     0      100.0000   689                   Cuts: 255   696382         
  61669     0      100.0000   687                   Cuts: 531   697194         
  61669     0      100.0000   757                   Cuts: 531   698366         
  61669     0      100.3075   856                   Cuts: 530   699668         
  61669     2      101.0000   605                    121.0000   699668         
  61775    73      144.0000   274                    121.0000   702609         
  62044   241      145.0000   284                    121.0000   707291         
Elapsed time = 64.57 sec. (49491.77 ticks, tree = 0.79 MB, solutions = 0)
  62342   405      144.0000   183                    121.0000   711755         
  62767   559      144.0000   155                    144.0000   716331         
  63314   898      145.0000   242                    144.0000   727053         
  63537   995      146.0000   220                    144.0000   750233         
  63644  1034    infeasible                          144.0000   786545         
  63713  1059      144.0000   482                    144.0000   816471         
  63790  1071      145.0000   629                    144.0000   828757         
  63822  1116    infeasible                          144.0000   881799         
  63899  1132    infeasible                          144.0000   909634         
  64009  1184      146.0000   341                    144.0000   934483         
Elapsed time = 77.66 sec. (59137.76 ticks, tree = 6.68 MB, solutions = 0)
  64130  1240    infeasible                          144.0000   964188         
  64204  1277      144.0000   616                    144.0000   993886         
  64298  1335      144.0000   392                    144.0000  1017182         
  64435  1379      144.0000   401                    144.0000  1040671         
  64541  1450      144.0000   515                    144.0000  1070756         
  64648  1541      144.0000   483                    144.0000  1102814         
  64776  1561      144.0000   435                    144.0000  1116959         
  64903  1621      144.0000   649                    144.0000  1149944         
  64992  1725      149.0000   268                    144.0000  1184302         
  65030  1743      145.0000   536                    144.0000  1198268         
Elapsed time = 92.64 sec. (68824.10 ticks, tree = 12.63 MB, solutions = 0)
  65107  1779      144.0000   612                    144.0000  1225604         
  65167  1813      144.0000   520                    144.0000  1264897         
  65239  1823      144.0000   688                    144.0000  1274388         
  65264  1867      149.0000   650                    144.0000  1290004         
  65310  1909      145.0000   549                    144.0000  1319540         
  65387  1936      144.0000   375                    144.0000  1326577         
  65474  1974    infeasible                          144.0000  1375559         
  65496  2015      144.0000   505                    144.0000  1397597         
  65521  2048      144.0000   740                    144.0000  1428549         
  65546  2062      144.0000   525                    144.0000  1438601         
Elapsed time = 107.73 sec. (78591.42 ticks, tree = 16.78 MB, solutions = 0)
  65594  2086      144.0000   658                    144.0000  1468384         
  65627  2098      145.0000   488                    144.0000  1482660         
  65659  2122      147.6522   552                    144.0000  1508049         
  65683  2135      144.0000   566                    144.0000  1550598         
  65702  2143      144.0000   535                    144.0000  1552028         
  65738  2169      144.0000   584                    144.0000  1590801         
  65784  2184    infeasible                          144.0000  1615250         
  65840  2201      150.0000   539                    144.0000  1640699         
  65870  2232      144.0000   614                    144.0000  1661754         
  65896  2262      144.0000   584                    144.0000  1678146         
Elapsed time = 124.18 sec. (88413.91 ticks, tree = 20.09 MB, solutions = 0)
  65932  2309      149.0000   461                    144.0000  1719544         
  65967  2318      149.5000   529                    144.0000  1728425         
  66001  2326    infeasible                          144.0000  1751399         
  66029  2342      144.0000   588                    144.0000  1766015         
  66069  2384      146.0000   477                    144.0000  1819954         
  66092  2389      144.0000   777                    144.0000  1830964         
  66117  2420    infeasible                          144.0000  1849045         
  66146  2440      144.0000   656                    144.0000  1871998         
  66196  2446    infeasible                          144.0000  1871611         
  66232  2454      144.0000   678                    144.0000  1880185         
Elapsed time = 140.19 sec. (98130.07 ticks, tree = 22.24 MB, solutions = 0)
  66275  2471      144.0000   532                    144.0000  1902355         
  66307  2500      144.0000   518                    144.0000  1928516         
  66339  2540      145.0000   564                    144.0000  1975373         
  66370  2564      145.0000   452                    144.0000  2003706         
  66399  2564    infeasible                          144.0000  2017050         
  66424  2598      146.0000   504                    144.0000  2076639         
  66474  2617    infeasible                          144.0000  2087875         
  66513  2629    infeasible                          144.0000  2089767         
  66553  2642      146.0000   580                    144.0000  2130018         
  66667  2725      144.0000   729                    144.0000  2226758         
Elapsed time = 159.03 sec. (110676.50 ticks, tree = 26.98 MB, solutions = 0)
  66733  2756      144.0000   678                    144.0000  2289079         
  66877  2823      145.6667   550                    144.0000  2370250         
  67073  2906      148.0000   482                    144.0000  2467117         
  67151  3038      149.0000   334                    144.0000  2585125         
  67279  3053      144.0000   708                    144.0000  2618320         
  67346  3149      144.0000   825                    144.0000  2743428         
  67408  3181      144.0000   753                    144.0000  2799995         
  67544  3240      144.0000   641                    144.0000  2908704         
  67651  3342      144.0000   674                    144.0000  2999036         
  67730  3365    infeasible                          144.0000  3065566         
Elapsed time = 216.50 sec. (149384.45 ticks, tree = 40.72 MB, solutions = 0)
  67808  3399      144.0000   634                    144.0000  3144144         
  67920  3511      150.0000   488                    144.0000  3250701         
  68003  3531      145.0000   630                    144.0000  3311463         
  68071  3596      144.0000   693                    144.0000  3416626         
  68138  3633      145.0000   674                    144.0000  3473542         
  68223  3694      144.0000   707                    144.0000  3595746         
  68335  3750      145.0000   679                    144.0000  3707990         
  68423  3791      144.0000   802                    144.0000  3744728         
  68483  3856      144.0000   608                    144.0000  3842169         
  68570  3870    infeasible                          144.0000  3860127         
Elapsed time = 273.91 sec. (188062.86 ticks, tree = 52.38 MB, solutions = 0)
  68653  3906    infeasible                          144.0000  3966986         
  68729  3958      144.0000   420                    144.0000  4064842         
  68819  4018      144.0000   818                    144.0000  4155527         
  68931  4039      144.0000   681                    144.0000  4177236         
  69009  4111      150.0000   549                    144.0000  4242753         
  69087  4146      144.0000   564                    144.0000  4325036         
  69169  4183      144.0000   808                    144.0000  4405967         
  69239  4268      144.0000   853                    144.0000  4535176         
  69306  4295      144.0000   801                    144.0000  4571360         
  69363  4327      146.0000   775                    144.0000  4629550         
Elapsed time = 332.60 sec. (226639.44 ticks, tree = 62.36 MB, solutions = 0)
  69420  4361      149.0000   737                    144.0000  4702713         
  69452  4415      144.0000   703                    144.0000  4841427         
  69509  4442      145.0000   620                    144.0000  4925734         
  69576  4467      150.0000   725                    144.0000  4960114         
  69648  4501      144.0000   598                    144.0000  4993087         
  69718  4515      146.0000   594                    144.0000  5041558         
  69802  4583      146.0000   761                    144.0000  5161918         
  69889  4627      145.0000   762                    144.0000  5271728         
  69988  4691      144.0000   542                    144.0000  5310481         
  70068  4761      144.0000   753                    144.0000  5352848         
Elapsed time = 391.18 sec. (265433.03 ticks, tree = 73.35 MB, solutions = 0)
  70151  4840      144.0000   649                    144.0000  5473484         
  70228  4871      144.0000   783                    144.0000  5526643         
  70374  4898      150.0000   486                    144.0000  5593395         
  70501  4926      144.0000   634                    144.0000  5652174         
  70564  4962      147.0000   566                    144.0000  5686597         
  70644  5065    infeasible                          144.0000  5817321         
  70746  5102      144.0000   567                    144.0000  5848350         
  70843  5113      144.0000   828                    144.0000  5921606         
  70906  5148      144.0000   684                    144.0000  5966638         
  70964  5194      146.0000   610                    144.0000  6112038         
Elapsed time = 443.28 sec. (303899.42 ticks, tree = 94.34 MB, solutions = 0)
  71034  5208      148.0000   570                    144.0000  6180298         
  71115  5234      146.0000   725                    144.0000  6308738         
  71193  5258      148.0000   361                    144.0000  6295240         
  71290  5283      148.0000   770                    144.0000  6442701         
  71412  5315      145.0000   737                    144.0000  6520770         
  71516  5315      145.0000   711                    144.0000  6505936         
  71587  5402      148.0000   590                    144.0000  6655975         
  71634  5421      144.0000   805                    144.0000  6696509         
  71689  5445      145.0000   739                    144.0000  6763271         
  71734  5455      145.0000   588                    144.0000  6774751         
Elapsed time = 499.72 sec. (342609.14 ticks, tree = 109.34 MB, solutions = 0)
  71810  5460    infeasible                          144.0000  6919032         
  71877  5469      145.0000   725                    144.0000  7000436         
  71968  5464      144.0000   768                    144.0000  6998943         
  72092  5528      144.0000   678                    144.0000  7075439         
  72221  5528      144.0000   743                    144.0000  7084286         
  72320  5586      144.0000   704                    144.0000  7238006         
  72404  5672      146.0000   777                    144.0000  7315806         
  72492  5708      146.0000   482                    144.0000  7355791         
  72611  5719      145.0000   606                    144.0000  7385609         
  72698  5786    infeasible                          144.0000  7552205         
Elapsed time = 557.39 sec. (381041.96 ticks, tree = 122.86 MB, solutions = 0)
  72767  5785      144.0000   856                    144.0000  7559459         
  72838  5831      149.0000   338                    144.0000  7607834         
  72916  5840      145.0000   703                    144.0000  7667630         
  72993  5896      150.0000   683                    144.0000  7792724         
  73049  5950      144.0000   763                    144.0000  7925726         
  73105  5957      145.0000   575                    144.0000  7952116         
  73208  5963    infeasible                          144.0000  7959418         
  73310  5991    infeasible                          144.0000  8026283         
  73391  5998    infeasible                          144.0000  8075841         
  73478  6075      145.0000   664                    144.0000  8233057         
Elapsed time = 614.28 sec. (419870.42 ticks, tree = 137.07 MB, solutions = 0)
  73594  6146      145.0000   434                    144.0000  8310180         
  73681  6156      144.0000   751                    144.0000  8316646         
  73885  6217      148.0000   350                    144.0000  8377241         
  74152  6261      146.0000   354                    144.0000  8382820         
  74412  6489      145.0000   455                    144.0000  8564517         
  74611  6478      144.0000   716                    144.0000  8548460         
  74745  6546    infeasible                          144.0000  8648392         
  74806  6668      144.0000   466                    144.0000  8730187         
  74883  6603    infeasible                          144.0000  8700088         
  74971  6767    infeasible                          144.0000  8863162         
Elapsed time = 668.27 sec. (458326.74 ticks, tree = 183.58 MB, solutions = 0)
  75046  6760      145.0000   830                    144.0000  8842323         
  75124  6822      150.0000   124                    144.0000  8884160         
  75228  6899      144.0000   728                    144.0000  9084275         
  75439  6919      144.0000   310                    144.0000  9105907         
  75841  6923      149.0000   342                    144.0000  9126831         
  76071  6972    infeasible                          144.0000  9173793         
  76212  6979    infeasible                          144.0000  9180911         
  76465  7245      146.0000   241                    144.0000  9294550         
  76707  7191      144.0000   661                    144.0000  9286621         
  76916  7480      149.0000   336                    144.0000  9471241         
Elapsed time = 722.32 sec. (496824.12 ticks, tree = 226.40 MB, solutions = 0)
  77101  7500      145.0000   381                    144.0000  9474935         
  77262  7547      145.0000   660                    144.0000  9528204         
  77385  7681    infeasible                          144.0000  9605018         
  77517  7703      144.0000   451                    144.0000  9642397         
  77712  7851      150.0000   327                    144.0000  9777474         
  77864  7809      146.0000   553                    144.0000  9730068         
  78109  7972      145.0000   426                    144.0000  9865840         
  78387  8008      147.0000   421                    144.0000  9901441         
  78655  8062      150.0000   462                    144.0000  9929697         
  78898  8263      146.0000   831                    144.0000 10079213         
Elapsed time = 778.09 sec. (535218.76 ticks, tree = 266.53 MB, solutions = 0)
  79050  8190      145.0000   476                    144.0000 10044705         
  79162  8304    infeasible                          144.0000 10116618         
  79254  8482      145.0000   486                    144.0000 10245735         
  79381  8503      144.0000   514                    144.0000 10299113         
  79550  8560      148.0000   334                    144.0000 10350874         
  79703  8517      144.0000   492                    144.0000 10292891         
  79891  8633      144.0000   393                    144.0000 10427944         
  80065  8615      144.0000   675                    144.0000 10411801         
  80152  8647      145.0000   711                    144.0000 10476657         
  80359  8662      148.0000   338                    144.0000 10484030         
Elapsed time = 834.66 sec. (573625.65 ticks, tree = 294.63 MB, solutions = 0)
  80541  8825      145.0000   666                    144.0000 10680342         
  80663  8804      144.0000   515                    144.0000 10635753         
  80774  8934      144.0000   826                    144.0000 10847049         
  80887  8890    infeasible                          144.0000 10788574         
  80988  9030      150.0000   369                    144.0000 10940437         
  81098  9081      145.0000   455                    144.0000 10977798         
  81203  9168      144.0000   897                    144.0000 11072021         
  81284  9109    infeasible                          144.0000 11023369         
  81383  9209      144.0000   662                    144.0000 11117939         
  81555  9259    infeasible                          144.0000 11145287         
Elapsed time = 896.78 sec. (612164.63 ticks, tree = 331.40 MB, solutions = 0)
  81753  9294      144.0000   505                    144.0000 11243384         
  81929  9278      148.0000   543                    144.0000 11225615         
  82094  9486      145.0000   472                    144.0000 11379177         
  82235  9491      144.0000   428                    144.0000 11390644         
  82328  9705      145.0000   381                    144.0000 11629952         
  82425  9706    infeasible                          144.0000 11633845         
  82509  9675    infeasible                          144.0000 11602807         
  82568  9748    infeasible                          144.0000 11773950         
  82641  9764    infeasible                          144.0000 11802411         
  82714  9801      146.0000   678                    144.0000 11860246         
Elapsed time = 956.26 sec. (650561.81 ticks, tree = 357.54 MB, solutions = 0)
  82794  9804    infeasible                          144.0000 11867334         
  82894  9851    infeasible                          144.0000 11938822         
  83015  9881      144.0000   471                    144.0000 11985760         
  83188  9897      148.0000   431                    144.0000 11994112         
  83381  9916      148.0000   436                    144.0000 12001073         
  83562  9940      149.0000   685                    144.0000 12084105         
  83781 10102      145.0000   512                    144.0000 12221535         
  83967 10172      148.0000   457                    144.0000 12259931         
  84148 10179      144.0000   438                    144.0000 12299811         
  84312 10288    infeasible                          144.0000 12414546         
Elapsed time = 1008.49 sec. (688825.87 ticks, tree = 393.28 MB, solutions = 0)
  84404 10461      144.0000   463                    144.0000 12505913         
  84478 10387      146.0000   801                    144.0000 12484240         
  84535 10522      144.0000   570                    144.0000 12570274         
  84621 10543      144.0000   609                    144.0000 12616597         
  84721 10601    infeasible                          144.0000 12777133         
  84812 10552      144.0000   782                    144.0000 12682989         
  84896 10588      145.5000   667                    144.0000 12710574         
  85001 10663      144.0000   528                    144.0000 12928521         
  85122 10675      144.0000   610                    144.0000 12953223         
  85217 10641      148.0000   499                    144.0000 12853122         
Elapsed time = 1075.93 sec. (727333.35 ticks, tree = 413.07 MB, solutions = 0)
  85369 10697      150.0000   441                    144.0000 13011087         
  85587 10689    infeasible                          144.0000 13000587         
  85781 10785      146.0000   483                    144.0000 13130946         
  85972 10865      144.0000   774                    144.0000 13224716         
  86192 11042    infeasible                          144.0000 13324577         
  86352 10846      145.0000   456                    144.0000 13212231         
  86546 11094      144.0000   714                    144.0000 13368302         
  86774 11129    infeasible                          144.0000 13346053         
  86916 11106    infeasible                          144.0000 13380011         
  87061 11365    infeasible                          144.0000 13590607         
Elapsed time = 1130.07 sec. (765715.11 ticks, tree = 468.12 MB, solutions = 0)
  87179 11557      145.5000   568                    144.0000 13691525         
  87292 11382    infeasible                          144.0000 13560073         
  87422 11541      145.0000   425                    144.0000 13662119         
  87597 11548      144.0000   616                    144.0000 13684399         
  87954 11788    infeasible                          144.0000 13853067         
  88330 11936      147.0000    39                    144.0000 13862952         
  88725 12005    infeasible                          144.0000 13875933         
  89227 11884    infeasible                          144.0000 13929639         
  89597 11862    infeasible                          144.0000 14041490         
  89876 11972    infeasible                          144.0000 13957132         
Elapsed time = 1189.60 sec. (803981.68 ticks, tree = 496.79 MB, solutions = 0)
  90176 11990    infeasible                          144.0000 14043713         
  90417 12281      146.0000   205                    144.0000 14190310         
  90644 12300    infeasible                          144.0000 14173435         
  90836 12512      144.0000   866                    144.0000 14260249         
  91001 12783      144.0000   283                    144.0000 14405861         
  91205 12830      144.0000   251                    144.0000 14486166         
  91331 12972      145.0000   300                    144.0000 14724064         
  91522 12979    infeasible                          144.0000 14727398         
  91707 13005      146.0000   628                    144.0000 14762677         
  91796 13004      148.0000   549                    144.0000 14808535         
Elapsed time = 1244.89 sec. (842394.32 ticks, tree = 510.90 MB, solutions = 0)
  91912 13008      145.0000   561                    144.0000 14815073         
  92008 13130      149.0000   570                    144.0000 15006755         
  92095 13141    infeasible                          144.0000 15039994         
  92174 13165      144.0000   864                    144.0000 15086839         
  92282 13097      150.0000   296                    144.0000 14996309         
  92432 13166    infeasible                          144.0000 15084784         
  92567 13172    infeasible                          144.0000 15092658         
  92687 13226      149.0000   429                    144.0000 15209697         
  92802 13324      144.0000   567                    144.0000 15325185         
  92897 13330      150.0000   477                    144.0000 15292298         
Elapsed time = 1299.31 sec. (880758.04 ticks, tree = 534.50 MB, solutions = 0)
  93013 13267      144.0000   712                    144.0000 15268159         
  93116 13345      144.0000   825                    144.0000 15377814         
  93183 13510      149.0000   639                    144.0000 15590330         
  93249 13425      146.0000   784                    144.0000 15484224         
  93318 13600    infeasible                          144.0000 15750350         
  93366 13662      150.0000   441                    144.0000 15822685         
  93416 13677      147.0000   618                    144.0000 15857673         
  93472 13591      150.0000   555                    144.0000 15737206         
  93535 13708      146.6667   650                    144.0000 15925280         
  93602 13680      146.0000   793                    144.0000 15848814         
Elapsed time = 1360.26 sec. (919538.26 ticks, tree = 558.88 MB, solutions = 0)
  93679 13710      144.0000   570                    144.0000 15958284         
  93745 13750    infeasible                          144.0000 16043206         
  93831 13797      144.0000   817                    144.0000 16099453         
  93892 13754      144.0000   814                    144.0000 16028371         
  93970 13799    infeasible                          144.0000 16114509         
  94036 13874      144.0000   626                    144.0000 16246466         
  94139 13863      150.0000   624                    144.0000 16230176         
  94256 13962      144.0000   440                    144.0000 16395215         
  94411 13898    infeasible                          144.0000 16298039         
  94589 14061      144.0000   642                    144.0000 16538727         
Elapsed time = 1416.55 sec. (958198.10 ticks, tree = 581.32 MB, solutions = 0)
  94752 14078    infeasible                          144.0000 16545930         
  94912 13994      144.0000   447                    144.0000 16444891         
  95068 14094      144.0000   491                    144.0000 16559105         
  95238 14224    infeasible                          144.0000 16758253         
  95394 14219      144.0000   624                    144.0000 16732031         
  95538 14227      144.0000   460                    144.0000 16766975         
  95629 14415      146.5000   754                    144.0000 17011323         
  95713 14315      145.0000   512                    144.0000 16891583         
  95789 14354      144.0000   818                    144.0000 16932990         
  95878 14315      144.0000   689                    144.0000 16903757         
Elapsed time = 1476.62 sec. (996554.47 ticks, tree = 602.91 MB, solutions = 0)
  95967 14371      147.0000   766                    144.0000 16941504         
  96063 14471      146.0000   712                    144.0000 17244524         
  96174 14508    infeasible                          144.0000 17301803         
  96242 14509      144.0000   889                    144.0000 17307374         
  96323 14536    infeasible                          144.0000 17339381         
  96369 14541      144.0000   710                    144.0000 17376113         
  96431 14502    infeasible                          144.0000 17310532         
  96529 14571      148.0000   571                    144.0000 17477878         
  96646 14619    infeasible                          144.0000 17589545         
  96769 14573    infeasible                          144.0000 17430938         
Elapsed time = 1534.16 sec. (1035013.78 ticks, tree = 622.59 MB, solutions = 0)
  96956 14631      145.0000   502                    144.0000 17628003         
  97117 14622      145.0000   479                    144.0000 17546372         
  97281 14813      144.0000   799                    144.0000 17808077         
  97396 14817    infeasible                          144.0000 17814219         
  97493 14783      144.0000   797                    144.0000 17789357         
  97598 14865      148.6667   508                    144.0000 17866333         
  97726 14867    infeasible                          144.0000 17873238         
  97798 14870      146.0000   636                    144.0000 17877872         
  97864 15116      144.0000   697                    144.0000 18180629         
  97948 15001      144.0000   837                    144.0000 18017400         
Elapsed time = 1590.24 sec. (1073513.90 ticks, tree = 647.99 MB, solutions = 0)
  98050 15158      144.0000   618                    144.0000 18257564         
  98120 15168      145.0000   798                    144.0000 18293198         
  98185 15144    infeasible                          144.0000 18236757         
  98271 15173      144.0000   554                    144.0000 18302756         
  98389 15273      144.0000   712                    144.0000 18438244         
  98499 15335    infeasible                          144.0000 18537371         
  98600 15336    infeasible                          144.0000 18563275         
  98729 15292    infeasible                          144.0000 18498611         
  98868 15250      144.0000   629                    144.0000 18400355         
  98980 15364      144.0000   525                    144.0000 18578031         
Elapsed time = 1649.02 sec. (1112139.76 ticks, tree = 679.26 MB, solutions = 0)
  99109 15509      148.0000   586                    144.0000 18812073         
  99223 15518      148.0000   493                    144.0000 18822468         
  99348 15403      145.0000   592                    144.0000 18667048         
  99470 15618      144.0000   601                    144.0000 18974322         
  99576 15433      145.0000   621                    144.0000 18685444         
  99687 15750      144.0000   646                    144.0000 19087053         
  99791 15632      144.0000   570                    144.0000 19010056         
  99886 15718      144.0000   803                    144.0000 19049381         
  99979 15913      148.0000   546                    144.0000 19296648         
 100082 15902    infeasible                          144.0000 19256129         
Elapsed time = 1701.64 sec. (1150445.40 ticks, tree = 717.84 MB, solutions = 0)
 100165 15847      150.0000   537                    144.0000 19212725         
 100236 15957      148.0000   411                    144.0000 19313134         
 100303 15907      145.6667   826                    144.0000 19277656         
 100398 16021    infeasible                          144.0000 19523757         
 100494 15945      149.0000   615                    144.0000 19379837         
*100643+16180                          150.0000      144.0000             4.00%
 100649 15082      145.0000   511      150.0000      144.0000 19702681    4.00%
*100696+15084                          149.0000      144.0000             3.36%
Starting limited solution polishing.
 100792 15148      149.0000    21      149.0000      144.0000 19740578    3.36%
 100881 14012      145.0000   216      149.0000      144.0000 19749187    3.36%
*100935+14014                          148.0000      144.0000             2.70%
 101043 12453      146.0000   723      148.0000      144.0000 19834585    2.70%
*101245 12495      integral     0      147.0000      144.0000 19941075    2.04%
 101249 14031      146.6667   431      147.0000      144.0000 19763506    2.04%
Elapsed time = 1762.81 sec. (1188894.12 ticks, tree = 628.77 MB, solutions = 5)
 101420 14053      145.0000   495      147.0000      144.0000 19843977    2.04%
 101636 11365        cutoff            147.0000      144.0000 19981929    2.04%
 101852 12520      147.0000   374      147.0000      144.0000 19931565    2.04%
 102035 12523      144.0000   511      147.0000      144.0000 19939106    2.04%
 102216 12533      145.4062   508      147.0000      144.0000 19946922    2.04%
 102369 11532      144.0000   616      147.0000      144.0000 20203249    2.04%
 102510 11530    infeasible            147.0000      144.0000 20212604    2.04%
 102546 11371      144.0000   787      147.0000      144.0000 20032963    2.04%

GUB cover cuts applied:  1837
Clique cuts applied:  15
Cover cuts applied:  3224
Implied bound cuts applied:  1905
Flow cuts applied:  34
Mixed integer rounding cuts applied:  1034
Zero-half cuts applied:  19
Lift and project cuts applied:  25
Gomory fractional cuts applied:  91

Root node processing (before b&c):
  Real time             =    1.77 sec. (1190.44 ticks)
Parallel b&c, 8 threads:
  Real time             = 1798.45 sec. (1219473.24 ticks)
  Sync time (average)   =  380.61 sec.
  Wait time (average)   =    0.04 sec.
                          ------------
Total (root+branch&cut) = 1800.22 sec. (1220663.68 ticks)
! --------------------------------------------------------
! Status: FEASIBLE (time limit or other stopping criterion reached)
! Best span = 147
! Labeling: 4 147 4 3 1 50 101 5 100 98 50 101 50 98 56 2 50 51 49 98 145 98 52 98 4 106 98 50 103 53 104 147 50 50 2 50 103 4 101 2 2 1 51 98 49 2 100 147 49 50 146 8 55 53 49 102 99 50 1 99 147 51 147 50 52 50 67 142 98 57 1 98 146 101 97 53 101 51 98 2 99 2 2 2 108 60 50 7 97 147 2 98 50 99 99 19 97 50 44 99 
! --------------------------------------------------------
! All verification passed
