! Solving for graph /home/truongxuanhieu/CPLEX-MIP-for-MinSpanLabeling/benchmarks/cabp/O-impcol_d.mtx.rnd
! Target value is set to 157
! Lower bound is set to 158
! Upper bound is set to 638
! Time limit is set to 1800
! Vertices mode is set to Has hole
! Target value mode is set to Cyclic Antibandwidth
Version identifier: 22.2.0.0 | 2026-05-04 | 5dff98e58
CPXPARAM_TimeLimit                               1800
Tried aggregator 2 times.
MIP Presolve eliminated 1268 rows and 1169 columns.
MIP Presolve modified 271256 coefficients.
Aggregator did 3809 substitutions.
Reduced MIP has 8462 rows, 277175 columns, and 561958 nonzeros.
Reduced MIP has 272523 binaries, 1693 generals, 0 SOSs, and 2959 indicators.
Presolve time = 0.79 sec. (1170.20 ticks)
Probing time = 1.11 sec. (511.77 ticks)
Tried aggregator 1 time.
Detecting symmetries...
Reduced MIP has 8462 rows, 277175 columns, and 561958 nonzeros.
Reduced MIP has 272523 binaries, 2118 generals, 0 SOSs, and 2959 indicators.
Presolve time = 0.60 sec. (406.44 ticks)
Probing time = 0.19 sec. (64.22 ticks)
Clique table members: 69877.
MIP emphasis: balance optimality and feasibility.
MIP search method: dynamic search.
Parallel mode: deterministic, using up to 8 threads.
Root relaxation solution time = 0.49 sec. (379.71 ticks)

        Nodes                                         Cuts/
   Node  Left     Objective  IInf  Best Integer    Best Bound    ItCnt     Gap

      0     0      314.0000  1005                    314.0000     1248         
      0     0      314.0000  2365                  Cuts: 2215     2594         
      0     0      314.0000  2400                  Cuts: 2215     3498         
Detecting symmetries...
      0     2      314.0000  2031                    314.0000     3498         
Elapsed time = 35.09 sec. (39361.15 ticks, tree = 0.02 MB, solutions = 0)
      6     8      314.0000  1502                    314.0000     3861         
     13    12      315.0000  1654                    314.0000     4614         
     41    20      315.0000  1770                    314.0000     7253         
     77    44      471.0000  1472                    314.0000    10950         
    114    92      471.0000  1440                    314.0000    15110         
    149   119      471.0000  1435                    314.0000    17625         
    161   145      472.0000  1401                    314.0000    19385         
    163   120      472.0000  1352                    314.0000    17649         
    177   164      472.0000  1357                    314.0000    20561         
    278   231      471.0000  1419                    314.0000    25256         
Elapsed time = 41.68 sec. (43091.08 ticks, tree = 21.53 MB, solutions = 0)
    411   319      472.0000  1323                    314.0000    29989         
    546   474      629.0000  1187                    314.0000    37317         
    658   553      629.0000  1164                    314.0000    40783         
    753   675      629.0000  1169                    314.0000    46328         
    894   737      629.0000  1144                    314.0000    47970         
   1041   910      472.0000  1171                    314.0000    50163         
   1174  1051      628.0000  1213                    314.0000    52235         
   1296  1169      472.0000  1139                    314.0000    55644         
   1316  1267      472.0000  1235                    314.0000    57731         
   1386  1295      472.0000   991                    314.0000    58897         
Elapsed time = 57.17 sec. (52704.87 ticks, tree = 200.16 MB, solutions = 0)
   1525  1371      629.0000   964                    314.0000    60158         
   1675  1405      472.0000   989                    314.0000    61424         
   1837  1656    infeasible                          314.0000    67397         
   1996  1813      629.0000   873                    314.0000    73080         
   2150  1917      629.0000  1340                    314.0000    79861         
   2283  2076      629.0000   945                    314.0000    86132         
   2427  2171      497.0000  1230                    314.0000    88444         
   2602  2326      629.0000  1293                    314.0000    91013         
   2761  2413      497.0000  1384                    314.0000    92006         
   2891  2591      628.0000  1295                    314.0000    94117         
Elapsed time = 70.31 sec. (62277.42 ticks, tree = 431.93 MB, solutions = 0)
   2960  2698      629.0000  1169                    314.0000    95503         
   2997  2833      628.0000  1287                    314.0000    98762         
   3099  2881      629.0000  1059                    314.0000    98926         
   3267  3011      629.0000  1124                    314.0000   105371         
   3441  3082      497.0000  1357                    314.0000   107245         
   3635  3234      628.0000  1146                    314.0000   109930         
   3992  3493      497.0000  1348                    314.0000   113620         
   4305  3483      629.0000   630                    314.0000   113960         
   4477  3878      629.0000   930                    314.0000   115119         
   4666  4128      472.0000  1466                    314.0000   119810         
Elapsed time = 86.82 sec. (72170.24 ticks, tree = 707.09 MB, solutions = 0)
   4868  4234      629.0000   890                    314.0000   119995         
   5086  4479      629.0000   888                    314.0000   121970         
   5305  4568      472.0000  1185                    314.0000   124528         
   5574  4566      628.0000   987                    314.0000   124398         
   5868  4629      472.0000  1285                    314.0000   125608         
   6082  4669      629.0000   851                    314.0000   125820         
   6289  4721      472.0000  1396                    314.0000   129738         
   6506  4760      629.0000   757                    314.0000   129924         
   6719  4887      471.0000  1342                    314.0000   133162         
   6951  4895    infeasible                          314.0000   133235         
Elapsed time = 102.62 sec. (81734.44 ticks, tree = 840.31 MB, solutions = 0)
   7022  4913    infeasible                          314.0000   133388         
   7084  4980      472.0000  1266                    314.0000   134241         
   7246  4998      472.0000  1339                    314.0000   138472         
   7452  5029      471.0000  1544                    314.0000   147353         
   7678  5097      472.0000  1393                    314.0000   146930         
   7875  5290      471.0000  1416                    314.0000   158187         
   8054  5279      472.0000  1343                    314.0000   157460         
   8263  5613      628.0000  1317                    314.0000   166563         
   8471  5667      472.0000  1286                    314.0000   167165         
   8626  5811      472.0000  1441                    314.0000   168384         
Elapsed time = 115.36 sec. (92142.50 ticks, tree = 1000.48 MB, solutions = 0)
   8852  5873    infeasible                          314.0000   168380         
   9083  5918      629.0000   678                    314.0000   170690         
   9318  5998      472.0000  1263                    314.0000   173741         
   9561  6270      497.0000  1500                    314.0000   179268         
   9810  6405      471.0000  1570                    314.0000   181189         
  10054  6444      471.0000  1562                    314.0000   181197         
  10296  6648      472.0000  1296                    314.0000   182316         
  10528  6751      471.0000  1426                    314.0000   182826         
  10778  7031    infeasible                          314.0000   185494         
  10990  7018      472.0000  1461                    314.0000   186673         
Elapsed time = 127.81 sec. (101709.37 ticks, tree = 1211.12 MB, solutions = 0)
  11227  7210      472.0000  1200                    314.0000   190473         
  11448  7447      472.0000  1399                    314.0000   199254         
  11661  7462      472.0000  1397                    314.0000   199355         
  11894  7676      472.0000  1319                    314.0000   203756         
  11980  7702      472.0000  1329                    314.0000   204232         
  11985  7691      628.0000  1232                    314.0000   204772         
  12071  7899    infeasible                          314.0000   208897         
  12271  7951      471.0000  1512                    314.0000   210236         
  12487  7915    infeasible                          314.0000   210488         
  12740  8141    infeasible                          314.0000   214510         
Elapsed time = 144.53 sec. (112145.60 ticks, tree = 1408.01 MB, solutions = 0)
  12963  8333      472.0000  1463                    314.0000   221374         
  13173  8445      628.0000  1262                    314.0000   221627         
  13392  8730      471.0000  1461                    314.0000   226689         
  13677  8766      628.0000  1342                    314.0000   224338         
  13954  8784      471.0000  1426                    314.0000   228460         
  14253  9107      628.0000  1345                    314.0000   230166         
  14484  9202      628.0000  1263                    314.0000   232179         
  14702  9630      628.0000  1261                    314.0000   236640         
  14931  9666      471.0000  1347                    314.0000   236626         
  15151  9643      628.0000  1034                    314.0000   236794         
Elapsed time = 155.51 sec. (121710.57 ticks, tree = 1675.36 MB, solutions = 0)
  15370  9954      628.0000  1359                    314.0000   250625         
  15617 10000      628.0000  1364                    314.0000   250628         
  15844 10126    infeasible                          314.0000   251332         
  16100 10217      628.0000  1396                    314.0000   253623         
  16326 10328      472.0000  1574                    314.0000   254166         
  16552 10322    infeasible                          314.0000   252872         
  16799 10668      472.0000  1477                    314.0000   260702         
  17011 10873      472.0000  1380                    314.0000   261224         
  17250 10801      628.0000  1287                    314.0000   260839         
  18198 11732      472.0000  1388                    314.0000   276766         
Elapsed time = 170.37 sec. (134124.79 ticks, tree = 2050.58 MB, solutions = 0)
  19066 11959      472.0000  1327                    314.0000   279010         
  19566 12265      314.0000  1867                    314.0000   283571         
  20653 12816      629.0000  1413                    314.0000   291862         
  21663 13751      628.0000   916                    314.0000   300170         
  22543 14262      472.0000  1216                    314.0000   310386         
  23393 14579      628.0000  1301                    314.0000   316287         
  24423 15251      472.0000  1135                    314.0000   332872         
  25323 15813      628.0000  1466                    314.0000   347268         
  26362 16595      472.0000  1405                    314.0000   354005         
  27349 17200      471.0000  1579                    314.0000   364739         
Elapsed time = 227.10 sec. (174149.01 ticks, tree = 3028.58 MB, solutions = 0)
Nodefile size = 964.48 MB (375.03 MB after compression)
  27948 17693      472.0000  1374                    314.0000   367756         
  28402 18097    infeasible                          314.0000   379257         
  29367 18513      471.0000  1305                    314.0000   391545         
  30418 19407    infeasible                          314.0000   401870         
  31417 19745      471.0000  1358                    314.0000   406593         
  32360 20559      471.0000  1510                    314.0000   418625         
  33321 21488      472.0000  1376                    314.0000   434404         
  34333 21798      472.0000  1205                    314.0000   437627         
  35305 22707      472.0000  1396                    314.0000   448567         
  36195 23377      472.0000  1373                    314.0000   460343         
Elapsed time = 283.94 sec. (214169.55 ticks, tree = 4123.74 MB, solutions = 0)
Nodefile size = 2052.68 MB (808.65 MB after compression)
  37235 23917      628.0000  1374                    314.0000   470290         
  38241 24630      472.0000  1299                    314.0000   482867         
  38753 25060    infeasible                          314.0000   490996         
  38871 25766    infeasible                          314.0000   507034         
  39402 25767    infeasible                          314.0000   508154         
  40269 25828      473.0000  1557                    314.0000   513633         
  41196 26076      472.0000  1189                    314.0000   517956         
  42141 26951      472.0000  1333                    315.0000   536004         
  43226 27354      503.0000  1429                    315.0000   540759         
  44194 28152      472.0000  1308                    315.0000   554068         
Elapsed time = 342.53 sec. (252360.72 ticks, tree = 4994.47 MB, solutions = 0)
Nodefile size = 2921.31 MB (1163.97 MB after compression)
  45250 28515    infeasible                          315.0000   559931         
  46235 29761      472.0000  1291                    315.0000   577584         
  47249 30122      472.0000  1389                    315.0000   579972         
  48375 31198      471.0000  1527                    315.0000   594490         
  49408 32132      471.0000  1602                    315.0000   603467         
  50353 32277      471.0000  1313                    315.0000   606664         
  51328 33645      471.0000  1430                    315.0000   628218         
  52421 34357      471.0000  1548                    315.0000   635620         
  52921 34703      398.0000  1719                    315.0000   639138         
  53334 34967      613.0000  1429                    315.0000   641714         
Elapsed time = 400.89 sec. (292452.09 ticks, tree = 6279.70 MB, solutions = 0)
Nodefile size = 4209.30 MB (1675.14 MB after compression)
  54088 35632    infeasible                          315.0000   653418         
  54970 35850      472.0000  1218                    315.0000   659991         
  55930 36357      473.0000  1164                    315.0000   676466         
  56883 36616      472.0000  1366                    315.0000   679929         
  57847 37562      471.0000  1555                    315.0000   692661         
  59085 38082      315.0000  1976                    315.0000   703117         
  60106 38749      472.0000  1299                    315.0000   709889         
  60959 39356      472.0000  1135                    315.0000   721891         
  61992 40673      471.0000  1537                    315.0000   741455         
  63191 40891      472.0000  1486                    315.0000   743651         
Elapsed time = 443.18 sec. (330646.79 ticks, tree = 7385.15 MB, solutions = 0)
Nodefile size = 5292.37 MB (2106.82 MB after compression)
  64330 41720      472.0000  1486                    315.0000   751012         
  65236 42212      628.0000  1241                    315.0000   759755         
  66121 43067      472.0000  1393                    315.0000   770752         
  67144 44041    infeasible                          315.0000   781153         
  68182 44078      601.0000  1442                    315.0000   783593         
  69148 44686      628.0000  1332                    315.0000   792238         
  70108 45576      628.0000  1170                    315.0000   802553         
  71011 46140      516.0000  1443                    315.0000   812190         
  72101 46296      315.0000  1948                    315.0000   814686         
  73212 46520      471.0000  1493                    315.0000   819760         
Elapsed time = 487.43 sec. (368819.27 ticks, tree = 8410.46 MB, solutions = 0)
Nodefile size = 6340.61 MB (2523.34 MB after compression)
  74121 46980      472.0000  1339                    315.0000   825623         
  75000 47777      472.0000  1284                    315.0000   835298         
  76033 48701      472.0000   937                    315.0000   838909         
  77056 49274      628.0000  1450                    315.0000   848905         
  78065 49610      472.0000  1172                    315.0000   857590         
  78975 50220      472.0000  1213                    315.0000   869815         
  79912 50637    infeasible                          315.0000   873745         
  80707 51276    infeasible                          315.0000   876692         
  80817 51686    infeasible                          315.0000   885084         
  80951 51784      471.0000  1505                    315.0000   885269         
Elapsed time = 546.55 sec. (407035.46 ticks, tree = 9370.71 MB, solutions = 0)
Nodefile size = 7281.40 MB (2902.77 MB after compression)
  81587 51838    infeasible                          315.0000   887937         
  82448 52101      628.0000  1369                    315.0000   890340         
  83492 52723      628.0000  1342                    315.0000   899372         
  84495 53554    infeasible                          315.0000   907507         
  85492 54246      628.0000  1208                    315.0000   909541         
  86528 55149      348.5000  2385                    315.0000   916050         
  87537 55634      472.0000  1187                    315.0000   923264         
  88481 55923      471.0000  1480                    315.0000   927321         
  89391 57027      471.0000  1556                    315.0000   942299         
  90399 57192      471.0000  1500                    315.0000   944100         
Elapsed time = 597.78 sec. (445222.88 ticks, tree = 10391.97 MB, solutions = 0)
Nodefile size = 8289.04 MB (3331.11 MB after compression)
  91521 57653      471.0000  1290                    315.0000   956779         
  92411 58212      628.0000  1341                    315.0000   963246         
  93383 58920      472.0000  1334                    315.0000   969284         
  94552 59299      629.0000  1404                    315.0000   974256         
  95718 60073      629.0000  1404                    315.0000   978501         
  96795 60854      629.0000  1243                    315.0000   985108         
  97677 61119      472.0000  1235                    315.0000   987900         
  98624 62273      472.0000  1026                    315.0000  1001700         
  99550 63114      606.0000  1458                    315.0000  1008143         
 100569 63233      604.0000  1459                    315.0000  1011756         
Elapsed time = 639.76 sec. (483396.53 ticks, tree = 11532.66 MB, solutions = 0)
Nodefile size = 9458.16 MB (3842.44 MB after compression)
 101533 63609      472.0000  1419                    315.0000  1027404         
 102501 64360      481.0000  1434                    315.0000  1034589         
 103512 64474      629.0000  1329                    315.0000  1037429         
 104641 65379      629.0000  1354                    315.0000  1044094         
 105692 65883      472.0000  1362                    315.0000  1049227         
 106611 66362      628.0000  1410                    315.0000  1055046         
 107615 67238      628.0000  1230                    315.0000  1063950         
 108839 67949      553.0000  1396                    315.0000  1066765         
 110015 68388    infeasible                          315.0000  1067894         
 111050 69374      472.0000  1192                    315.0000  1071566         
Elapsed time = 682.90 sec. (521576.25 ticks, tree = 12702.70 MB, solutions = 0)
Nodefile size = 10625.04 MB (4329.86 MB after compression)
 112001 70323      474.0000  1303                    315.0000  1081632         
 113025 70827      593.0000  1343                    315.0000  1084124         
 113992 71294      471.0000  1580                    315.0000  1087035         
 114159 71430    infeasible                          315.0000  1088549         
 114499 72218      471.0000  1597                    315.0000  1096748         
 115293 72541    infeasible                          315.0000  1101692         
 116254 72961      628.0000  1418                    315.0000  1108656         
 117182 73110      472.0000  1409                    315.0000  1112965         
 118272 73896      628.0000  1459                    315.0000  1119331         
 119341 75153      578.0000  1415                    315.0000  1130824         
Elapsed time = 748.23 sec. (561514.23 ticks, tree = 13795.38 MB, solutions = 0)
Nodefile size = 11711.76 MB (4801.55 MB after compression)
 120294 75267      629.0000  1354                    315.0000  1133248         
 121307 76106      628.0000  1401                    315.0000  1146581         
 122226 76836      478.0000  1232                    315.0000  1155065         
 123235 77547      472.0000  1409                    315.0000  1160138         
 124370 78196    infeasible                          315.0000  1168457         
 125536 78612      471.0000  1540                    315.0000  1170485         
 126509 79415      628.0000  1334                    315.0000  1180590         
 127479 79871      472.0000  1400                    315.0000  1189305         
 128620 81169      582.0000  1435                    315.0000  1202226         
 129623 81572    infeasible                          315.0000  1207836         
Elapsed time = 790.58 sec. (599682.86 ticks, tree = 15015.18 MB, solutions = 0)
Nodefile size = 12938.89 MB (5328.27 MB after compression)
 130628 82421      471.0000  1532                    315.0000  1217316         
 131607 83282      471.0000  1468                    315.0000  1229269         
 132589 83947      637.0000  1069                    315.0000  1232527         
 133599 84382      472.0000  1139                    315.0000  1238667         
 134516 85362      613.0000  1426                    315.0000  1245954         
 135459 85700    infeasible                          315.0000  1258254         
 136363 85866    infeasible                          315.0000  1259079         
 137339 86499      471.0000  1509                    315.0000  1270823         
 138444 87246      483.0000  1503                    315.0000  1280696         
 139568 88135      628.0000  1435                    315.0000  1287324         
Elapsed time = 833.51 sec. (637866.41 ticks, tree = 16263.21 MB, solutions = 0)
Nodefile size = 14188.69 MB (5861.41 MB after compression)
 140589 88560      629.0000  1239                    315.0000  1290024         
 141582 88825      629.0000  1093                    315.0000  1291538         
 142565 89715      629.0000  1122                    315.0000  1303407         
 143599 90383      471.0000  1468                    315.0000  1316341         
 144084 90774    infeasible                          315.0000  1322048         
 144091 90823    infeasible                          315.0000  1323916         
 144498 91201    infeasible                          315.0000  1329632         
 145294 91676      629.0000  1395                    315.0000  1335225         
 146279 92117      629.0000  1269                    315.0000  1342754         
 147326 93075      471.0000  1466                    315.0000  1350353         
Elapsed time = 896.34 sec. (677484.03 ticks, tree = 17204.18 MB, solutions = 0)
Nodefile size = 15107.58 MB (6249.93 MB after compression)
 148339 93313      629.0000  1311                    315.0000  1354792         
 149256 94323      472.0000  1366                    315.0000  1372493         
 150128 94885    infeasible                          315.0000  1376405         
 151019 95910    infeasible                          315.0000  1392899         
 152044 96039      472.0000  1373                    315.0000  1396233         
 152978 96427      472.0000  1301                    315.0000  1402143         
 153775 97574      471.0000  1491                    315.0000  1427706         
 154720 97902    infeasible                          315.0000  1431570         
 155777 98381      565.0000  1441                    315.0000  1437179         
 156935 98695      471.0000  1459                    315.0000  1440959         
Elapsed time = 939.85 sec. (715669.92 ticks, tree = 18277.87 MB, solutions = 0)
Nodefile size = 16189.86 MB (6704.72 MB after compression)
 157902 99943      472.0000  1332                    315.0000  1458017         
 158766 100275      561.0000  1222                    315.0000  1462129         
 159785 100928    infeasible                          315.0000  1472146         
 160863 101499      628.0000  1476                    315.0000  1476806         
 161915 102504      471.0000  1509                    315.0000  1490883         
 162864 102948      472.0000  1285                    315.0000  1499181         
 163724 103434      472.0000  1234                    315.0000  1505602         
 164734 104328      471.0000  1482                    315.0000  1513756         
 165744 104892    infeasible                          315.0000  1525008         
 166652 105675      472.0000  1389                    315.0000  1535559         
Elapsed time = 984.16 sec. (753858.97 ticks, tree = 19597.27 MB, solutions = 0)
Nodefile size = 17521.04 MB (7282.07 MB after compression)
 167588 106241      471.0000  1510                    315.0000  1551355         
 168434 106769      628.0000  1313                    315.0000  1566108         
 169348 107311      637.0000  1201                    315.0000  1571434         
 170404 108166      472.0000  1407                    315.0000  1582919         
 171631 108396    infeasible                          315.0000  1585701         
 172549 109011    infeasible                          315.0000  1592592         
 173438 109978      628.0000  1435                    315.0000  1604911         
 174474 110985      629.0000  1179                    315.0000  1618360         
 175619 111279      472.0000  1285                    315.0000  1622818         
 176735 112408      471.0000  1460                    315.0000  1636052         
Elapsed time = 1027.01 sec. (792023.94 ticks, tree = 20878.76 MB, solutions = 0)
Nodefile size = 18795.76 MB (7829.67 MB after compression)
 177752 112990      629.0000  1189                    315.0000  1642792         
 178588 114010      472.0000  1289                    315.0000  1656462         
 179460 114932    infeasible                          315.0000  1671528         
 180726 115509      472.0000  1412                    315.0000  1686251         
 181799 115537      591.0000  1449                    315.0000  1687814         
 182743 116560      472.0000  1259                    315.0000  1697452         
 183612 116839      472.0000  1298                    315.0000  1706385         
 184588 117172      472.0000  1503                    315.0000  1710958         
 185662 118009    infeasible                          315.0000  1726420         
 186187 118386    infeasible                          315.0000  1728803         
Elapsed time = 1088.87 sec. (834339.43 ticks, tree = 22018.37 MB, solutions = 0)
Nodefile size = 19942.16 MB (8334.74 MB after compression)
 186460 119443      471.0000  1527                    315.0000  1734326         
 187537 119538      471.0000  1500                    315.0000  1734449         
 188211 119715      472.0000  1425                    315.0000  1736589         

Performing restart 1

Repeating presolve.
Tried aggregator 1 time.
Reduced MIP has 8462 rows, 277175 columns, and 561958 nonzeros.
Reduced MIP has 272523 binaries, 2118 generals, 0 SOSs, and 2959 indicators.
Presolve time = 0.39 sec. (271.24 ticks)
Tried aggregator 1 time.
Reduced MIP has 8462 rows, 277175 columns, and 561958 nonzeros.
Reduced MIP has 272523 binaries, 2118 generals, 0 SOSs, and 2959 indicators.
Presolve time = 0.61 sec. (418.39 ticks)
Represolve time = 2.93 sec. (1505.72 ticks)
 188236     0      314.0000  2474                  Cuts: 2215  1747603         
 188236     0      314.0000  2714                  Cuts: 2215  1751575         
 188236     0      314.0000  2815                  Cuts: 2215  1758130         
 188236     0      314.0000  2841                  Cuts: 2215  1765031         
 188236     2      314.0000  2116                    315.0000  1765031         
 188330    73      392.5000  2361                    315.0000  1775934         
 188826   469      471.0000  1532                    315.0000  1805485         
 189509  1033      471.0000  1412                    315.0000  1813009         
 190140  1610      471.0000  1410                    315.0000  1819163         
 190723  2166      550.0000  1345                    315.0000  1828768         
 190749  2210    infeasible                          315.0000  1832177         
Elapsed time = 1278.73 sec. (1051787.25 ticks, tree = 360.06 MB, solutions = 0)
 190755  2273    infeasible                          315.0000  1835405         
 190767  2276      472.0000  1679                    315.0000  1840428         
 190836  2324      483.0000  1662                    315.0000  1841715         
 191077  2499      471.0000  1518                    315.0000  1851955         
 191488  2782      483.0000  1424                    315.0000  1862082         
 191933  3310      628.0000  1004                    315.0000  1877910         
 192434  3682      485.0000  1542                    315.0000  1888076         
 192962  4263    infeasible                          315.0000  1893858         
 193344  4567      314.0000  1931                    315.0000  1902711         
 193729  4860      630.0000  1014                    315.0000  1928183         
Elapsed time = 1358.56 sec. (1095319.89 ticks, tree = 836.11 MB, solutions = 0)
 194164  5223      474.0000  1630                    315.0000  1948149         
 194470  5652      629.0000  1401                    315.0000  1978924         
 194835  5832      472.0000  1555                    315.0000  1997218         
 195196  6212      472.0000  1586                    315.0000  2033738         
 195540  6733      472.0000  1502                    315.0000  2072693         
 195876  6943      472.0000  1661                    315.0000  2097542         
 196309  7151      629.0000  1351                    315.0000  2108362         
 196345  7401    infeasible                          315.0000  2124884         
 196552  7571      487.0000  1449                    315.0000  2131253         
 196859  7737      630.0000  1401                    315.0000  2139294         
Elapsed time = 1432.85 sec. (1140527.83 ticks, tree = 1363.10 MB, solutions = 0)
 197268  8250      632.0000  1381                    315.0000  2157770         
 197757  8662    infeasible                          315.0000  2165415         
 198119  8945      629.0000  1439                    315.0000  2181909         
 198640  9246      473.0000  1423                    315.0000  2197194         
 199116  9692      472.0000  1811                    315.0000  2217505         
 199542 10181      472.0000  1596                    315.0000  2227034         
 200125 10547      473.0000  1476                    315.0000  2244097         
 200560 10899      472.0000  1339                    315.0000  2258800         

Performing restart 2

Repeating presolve.
Tried aggregator 1 time.
MIP Presolve modified 319 coefficients.
Reduced MIP has 8462 rows, 277175 columns, and 638670 nonzeros.
Reduced MIP has 272523 binaries, 2118 generals, 0 SOSs, and 2959 indicators.
Presolve time = 0.43 sec. (340.15 ticks)
Tried aggregator 1 time.
Reduced MIP has 8462 rows, 277175 columns, and 638670 nonzeros.
Reduced MIP has 272523 binaries, 2118 generals, 0 SOSs, and 2959 indicators.
Presolve time = 0.69 sec. (453.33 ticks)
Represolve time = 5.07 sec. (3186.28 ticks)
 200677     0      314.0000  2685                  Cuts: 2215  2301599         
 200677     0      314.0000  2756                  Cuts: 2215  2307249         
 200677     0      314.0000  2867                  Cuts: 2215  2316914         
 200677     0      314.0000  2862                  Cuts: 2215  2323533         
 200677     0      314.0000  2891                  Cuts: 2153  2333739         
 200677     0      314.0000  2919                  Cuts: 2215  2343038         

GUB cover cuts applied:  279
Clique cuts applied:  2
Cover cuts applied:  156
Implied bound cuts applied:  1444
Flow cuts applied:  7
Mixed integer rounding cuts applied:  2279
Zero-half cuts applied:  65
Gomory fractional cuts applied:  14

Root node processing (before b&c):
  Real time             =   34.88 sec. (39290.24 ticks)
Parallel b&c, 8 threads:
  Real time             = 1765.88 sec. (1692482.23 ticks)
  Sync time (average)   =  411.18 sec.
  Wait time (average)   =    0.12 sec.
                          ------------
Total (root+branch&cut) = 1800.76 sec. (1731772.47 ticks)
! --------------------------------------------------------
! Problem is UNKNOWN
! CPLEX Status = AbortTimeLim
! --------------------------------------------------------
