! Solving for graph /home/truongxuanhieu/CPLEX-MIP-for-MinSpanLabeling/benchmarks/cabp/P-can__445.mtx.rnd
! Target value is set to 130
! Lower bound is set to 131
! Upper bound is set to 668
! Time limit is set to 1800
! Vertices mode is set to Has hole
! Target value mode is set to Cyclic Antibandwidth
Version identifier: 22.2.0.0 | 2026-05-04 | 5dff98e58
CPXPARAM_TimeLimit                               1800
Tried aggregator 2 times.
MIP Presolve eliminated 1683 rows and 1224 columns.
MIP Presolve modified 297371 coefficients.
Aggregator did 4699 substitutions.
Reduced MIP has 10637 rows, 304990 columns, and 619723 nonzeros.
Reduced MIP has 299053 binaries, 2128 generals, 0 SOSs, and 3809 indicators.
Presolve time = 0.82 sec. (1426.04 ticks)
Probing time = 1.04 sec. (554.85 ticks)
Tried aggregator 1 time.
Detecting symmetries...
Reduced MIP has 10637 rows, 304990 columns, and 619723 nonzeros.
Reduced MIP has 299053 binaries, 2573 generals, 0 SOSs, and 3809 indicators.
Presolve time = 0.64 sec. (440.77 ticks)
Probing time = 0.20 sec. (69.68 ticks)
Clique table members: 73285.
MIP emphasis: balance optimality and feasibility.
MIP search method: dynamic search.
Parallel mode: deterministic, using up to 8 threads.
Root relaxation solution time = 0.60 sec. (435.47 ticks)

        Nodes                                         Cuts/
   Node  Left     Objective  IInf  Best Integer    Best Bound    ItCnt     Gap

      0     0      260.0000  1205                    260.0000     1683         
      0     0      260.0000  2717                  Cuts: 2759     3280         
      0     0      260.0000  1911                  Cuts: 2759     4736         
      0     0      260.0000  2166                  Cuts: 2759     6247         
Detecting symmetries...
      0     2      260.0000  2095                    260.0000     6247         
Elapsed time = 37.91 sec. (44548.23 ticks, tree = 0.02 MB, solutions = 0)
      5     7      260.0000  1972                    260.0000     6556         
     10     5      260.0000  1956                    260.0000     6607         
     22    18      260.0000  1941                    260.0000     9369         
     53    38      260.0000  2096                    260.0000    16188         
     74    66      260.0000  2129                    260.0000    20713         
     94    72      390.0000  1855                    260.0000    22374         
    120    93      304.0000  1987                    260.0000    25998         
    138   103      260.0000  2063                    260.0000    29233         
    146   136      276.0000  2027                    260.0000    33552         
    147   129      390.0000  1822                    260.0000    32675         
Elapsed time = 44.58 sec. (48141.55 ticks, tree = 12.57 MB, solutions = 0)
    167   155      390.0000  1748                    260.0000    38018         
    305   192      390.0000  1831                    260.0000    42350         
    418   359      390.0000  1751                    260.0000    50019         
    499   420      521.0000  1636                    260.0000    51674         
    589   512      391.0000  1512                    260.0000    53785         
    694   614      666.0000  1586                    260.0000    55677         
    827   670      391.0000  1603                    260.0000    57026         
    969   757      521.0000  1387                    260.0000    58141         
   1090   937      521.0000  1438                    260.0000    61314         
   1214  1094      391.0000  1564                    260.0000    63695         
Elapsed time = 57.01 sec. (57785.23 ticks, tree = 190.71 MB, solutions = 0)
   1334  1199      521.0000  1335                    260.0000    65506         
   1462  1360      651.0000  1513                    260.0000    68900         
   1586  1377      651.0000  1438                    260.0000    69128         
   1703  1527      651.0000  1266                    260.0000    71103         
   1822  1643      521.0000  1285                    260.0000    72944         
   1917  1736      651.0000  1408                    260.0000    74240         
   2017  1844      651.0000  1369                    260.0000    75537         
   2159  1917      521.0000  1240                    260.0000    76425         
   2292  2029      651.0000  1235                    260.0000    77753         
   2406  2246      651.0000  1080                    260.0000    80273         
Elapsed time = 69.60 sec. (67374.89 ticks, tree = 425.38 MB, solutions = 0)
   2522  2318      651.0000  1147                    260.0000    81282         
   2648  2363      651.0000  1033                    260.0000    81865         
   2741  2538      651.0000  1117                    260.0000    84266         
   2848  2634      651.0000   988                    260.0000    85311         
   2953  2763      521.0000  1149                    260.0000    88666         
   3089  2868      390.0000  1783                    260.0000    90303         
   3226  2921      651.0000   927                    260.0000    91058         
   3344  3142      521.0000  1072                    260.0000    96503         
   3487  3240      391.0000  1633                    260.0000    98173         
   3610  3403      651.0000   780                    260.0000   100286         
Elapsed time = 81.73 sec. (76980.94 ticks, tree = 662.60 MB, solutions = 0)
   3753  3475      651.0000   960                    260.0000   101675         
   3888  3545      651.0000   870                    260.0000   102635         
   3989  3800      651.0000   761                    260.0000   107666         
   4163  3845      520.0000  1565                    260.0000   110530         
   4400  3959    infeasible                          260.0000   111295         
   4675  4079      651.0000   672                    260.0000   112169         
   4969  4153    infeasible                          260.0000   112767         
   5167  4235      391.0000  1814                    260.0000   115892         
   5318  4465      390.0000  1609                    260.0000   117507         
   5472  4507    infeasible                          260.0000   120478         
Elapsed time = 94.57 sec. (86577.33 ticks, tree = 887.35 MB, solutions = 0)
   5676  4612      390.0000  1738                    260.0000   121765         
   5906  4655      391.0000  1806                    260.0000   122018         
   6137  4684      651.0000   685                    260.0000   122168         
   6375  4751      391.0000  1538                    260.0000   122741         
   6621  4839    infeasible                          260.0000   124134         
   6823  4847    infeasible                          260.0000   124167         
   7003  4884      651.0000   662                    260.0000   124527         
   7244  4921      651.0000   551                    260.0000   125722         
   7492  4961    infeasible                          260.0000   126353         
   7757  5006      651.0000   783                    260.0000   127133         
Elapsed time = 106.23 sec. (96166.33 ticks, tree = 983.01 MB, solutions = 0)
   8037  4992    infeasible                          260.0000   127102         
   8302  5008    infeasible                          260.0000   127230         
   8518  5066      651.0000   662                    260.0000   129608         
   8715  5107      391.0000  1513                    260.0000   129831         
   8920  5160      391.0000  1513                    260.0000   130874         
   9124  5166    infeasible                          260.0000   131478         
   9370  5196      651.0000   680                    260.0000   131658         
   9637  5239      391.0000  1504                    260.0000   132657         
   9907  5221      651.0000   662                    260.0000   132467         
  10109  5317      390.0000  1772                    260.0000   133914         
Elapsed time = 115.68 sec. (105766.47 ticks, tree = 1041.33 MB, solutions = 0)
  10335  5401      390.0000  1693                    260.0000   134742         
  10554  5391    infeasible                          260.0000   134813         
  10779  5431      651.0000   749                    260.0000   135192         
  11018  5559      521.0000  1437                    260.0000   135923         
  11258  5558    infeasible                          260.0000   135983         
  11519  5658      521.0000  1423                    260.0000   136450         
  11758  5708      390.0000  1616                    260.0000   140680         
  11939  5739      651.0000   661                    260.0000   140572         
  12134  5856      390.0000  1681                    260.0000   148752         
  12330  5859    infeasible                          260.0000   148714         
Elapsed time = 124.82 sec. (115334.82 ticks, tree = 1145.40 MB, solutions = 0)
  12521  5921      651.0000   672                    260.0000   149275         
  12762  5982      390.0000  1556                    260.0000   150566         
  13008  6060      651.0000   678                    260.0000   152959         
  13284  6102      391.0000  1855                    260.0000   153235         
  13530  6064    infeasible                          260.0000   153077         
  13756  6214      520.0000  1585                    260.0000   155482         
  14000  6205    infeasible                          260.0000   155539         
  14248  6294      651.0000   749                    260.0000   156610         
  14457  6292    infeasible                          260.0000   156477         
  14683  6429      651.0000   749                    260.0000   158329         
Elapsed time = 134.37 sec. (124898.77 ticks, tree = 1254.57 MB, solutions = 0)
  14915  6484      392.0000  1635                    260.0000   160984         
  15189  6511    infeasible                          260.0000   161212         
  15466  6602      390.0000  1590                    260.0000   162121         
  15693  6643      521.0000  1382                    260.0000   163661         
  15917  6643    infeasible                          260.0000   163619         
  16139  6886      521.0000  1377                    260.0000   165582         
  16355  6893    infeasible                          260.0000   165651         
  16578  6900      391.0000  1482                    260.0000   165918         
  16798  7099      390.0000  1751                    260.0000   167740         
  17810  7156    infeasible                          260.0000   170465         
Elapsed time = 146.16 sec. (137346.42 ticks, tree = 1394.06 MB, solutions = 0)
  18637  7370      521.0000  1369                    260.0000   174171         
  19642  7635      521.0000  1368                    260.0000   177686         
  20520  7906      406.0000  1775                    260.0000   183360         
  21322  8038      390.0000  1674                    260.0000   187664         
  21488  8118    infeasible                          260.0000   195061         
  21489  8104      390.0000  1808                    260.0000   191440         
  21490  8101      276.0000  2087                    260.0000   191677         
  21757  8185      390.0000  1524                    260.0000   198202         
  22412  8550      390.0000  1315                    260.0000   220900         
  23199  9233      391.0000  1323                    260.0000   227753         
Elapsed time = 226.60 sec. (183520.96 ticks, tree = 1807.06 MB, solutions = 0)
  24076  9500      520.0000  1347                    260.0000   229138         
  24908  9775      520.0000  1274                    260.0000   230984         
  25859 10394    infeasible                          260.0000   241539         
  26643 10862      520.0000  1505                    260.0000   246490         
  27524 11092      391.0000  1777                    260.0000   252468         
  28463 11330      390.0000  1596                    260.0000   254827         
  29387 11683    infeasible                          260.0000   261243         
  30182 12148      390.0000  1855                    260.0000   266092         
  30918 12652      391.0000  1576                    260.0000   275063         
  31782 12825      521.0000  1623                    260.0000   279577         
Elapsed time = 273.93 sec. (221709.76 ticks, tree = 2533.51 MB, solutions = 0)
Nodefile size = 443.59 MB (167.94 MB after compression)
  32690 13732    infeasible                          260.0000   301207         
  33529 14173      390.0000  1800                    260.0000   310388         
  34510 14280      391.0000  1195                    260.0000   312775         
  35422 14466      391.0000  1546                    260.0000   315035         
  36356 15197    infeasible                          260.0000   330026         
  37276 15325    infeasible                          260.0000   331257         
  38203 16100    infeasible                          260.0000   347864         
  39030 16162      391.0000  1180                    260.0000   348882         
  39875 16447      390.0000  1829                    260.0000   357220         
  40729 16909      390.0000  1625                    260.0000   365567         
Elapsed time = 314.80 sec. (259903.30 ticks, tree = 3350.71 MB, solutions = 0)
Nodefile size = 1263.06 MB (475.41 MB after compression)
  41599 17403      260.0000  2115                    260.0000   382990         
  42568 18013      520.0000  1420                    260.0000   395833         
  43279 18745      390.0000  1728                    260.0000   402983         
  43988 19570      391.0000  1733                    260.0000   434731         
  44884 20058      391.0000  1884                    260.0000   443659         
  45881 20961      520.0000  1802                    260.0000   451796         
  46784 21741      390.0000  1804                    260.0000   456353         
  47605 21978      260.0000  2192                    260.0000   462473         
  48173 22694      391.0000  1655                    260.0000   476164         

Performing restart 1

Repeating presolve.
Tried aggregator 1 time.
Reduced MIP has 10637 rows, 304990 columns, and 619723 nonzeros.
Reduced MIP has 299053 binaries, 2573 generals, 0 SOSs, and 3809 indicators.
Presolve time = 0.36 sec. (300.36 ticks)
Tried aggregator 1 time.
Reduced MIP has 10637 rows, 304990 columns, and 619723 nonzeros.
Reduced MIP has 299053 binaries, 2573 generals, 0 SOSs, and 3809 indicators.
Presolve time = 0.64 sec. (454.82 ticks)
Represolve time = 2.75 sec. (1630.40 ticks)
  48240     0      260.0000  2004                  Cuts: 2759   491389         
  48240     0      260.0000  2151                  Cuts: 2759   493736         
  48240     0      260.0000  2659                  Cuts: 2759   498300         
  48240     0      260.0000  2660                  Cuts: 1152   501964         
  48240     2      260.0000  2755                    260.0000   501964         
Elapsed time = 504.13 sec. (508056.24 ticks, tree = 0.02 MB, solutions = 0)
  48390   105      390.0000  1934                    260.0000   521216         
  48732   426      390.0000  1964                    260.0000   533267         
  49300   954      391.0000  1884                    260.0000   548327         
  49832  1473      390.0000  1866                    260.0000   564631         
  49928  1572    infeasible                          260.0000   566304         
  49934  1641    infeasible                          260.0000   567913         
  49949  1661      565.0000  1789                    260.0000   570120         
  50180  1754      390.0000  1954                    260.0000   576252         
  50676  2015      521.0000  1748                    260.0000   593017         
  51145  2503      457.0000  1808                    260.0000   598264         
Elapsed time = 590.69 sec. (555659.12 ticks, tree = 470.51 MB, solutions = 0)
  51711  3044      392.0000  1839                    260.0000   609276         
  52164  3568      521.0000  1646                    260.0000   616233         
  52593  4133      521.0000  1400                    260.0000   625909         
  52988  4371      521.0000  1610                    260.0000   631760         
  53410  4781      392.0000  1897                    260.0000   642057         
  53749  5105      609.0000  1452                    260.0000   647669         
  54093  5484      651.0000  1519                    260.0000   655577         
  54461  5736      520.0000  1922                    260.0000   683620         
  54948  6094      522.0000  1946                    260.0000   696184         
  55412  6477      643.0000  1745                    260.0000   701550         
Elapsed time = 641.54 sec. (593904.51 ticks, tree = 1283.49 MB, solutions = 0)
  55773  6832      520.0000  1952                    260.0000   710683         
  56244  7378      520.0000  1824                    260.0000   727088         
  56757  7629      652.0000  1544                    260.0000   733918         
  57223  7969      550.0000  1504                    260.0000   743152         
  57701  8424      521.0000  1646                    260.0000   747207         
  58082  8922      650.0000  1879                    260.0000   765896         

Performing restart 2

Repeating presolve.
Tried aggregator 1 time.
MIP Presolve modified 334 coefficients.
Reduced MIP has 10637 rows, 304990 columns, and 678519 nonzeros.
Reduced MIP has 299053 binaries, 2573 generals, 0 SOSs, and 3809 indicators.
Presolve time = 0.44 sec. (367.39 ticks)
Tried aggregator 1 time.
Reduced MIP has 10637 rows, 304990 columns, and 678519 nonzeros.
Reduced MIP has 299053 binaries, 2573 generals, 0 SOSs, and 3809 indicators.
Presolve time = 0.67 sec. (486.38 ticks)
Represolve time = 5.53 sec. (3788.85 ticks)
  58127     0      260.0000  2693                  Cuts: 2759   787562         
  58127     0      260.0000  2352                  Cuts: 2759   790588         
  58127     0      260.0000  2722                  Cuts: 2759   795969         
  58127     0      260.0000  2544                  Cuts: 2617   802234         
  58127     0      260.0000  2845                  Cuts: 2759   809862         
  58127     0      260.0000  3282                  Cuts: 2135   823162         
  58127     0      260.0000  2613                  Cuts: 2759   832904         
  58127     0      260.0000  3463                  Cuts: 2759   844579         
  58127     0      260.0000  3320                  Cuts: 2759   853181         
  58127     0      260.0000  3443                  Cuts: 2759   863808         
  58127     2      260.0000  2929                    260.0000   863808         
  58140    14      390.0000  1901                    260.0000   868187         
  58205    32      520.0000  1785                    260.0000   869373         
  58269   126      449.0000  2495                    260.0000   907624         
Elapsed time = 1163.11 sec. (1367635.05 ticks, tree = 12.33 MB, solutions = 0)
  58375   205      520.0000  1936                    260.0000   917187         
  58500   285      520.0000  1989                    260.0000   921113         
  58618   404      522.0000  1983                    260.0000   924235         
  58733   526      522.0000  1891                    260.0000   927918         
  58857   677      521.0000  1891                    260.0000   931061         
  58988   746      520.0000  1817                    260.0000   932805         
  59115   898      521.0000  1785                    260.0000   935676         
  59242  1039      521.0000  1831                    260.0000   938640         
  59368  1095      520.0000  1803                    260.0000   939453         
  59486  1286      650.0000  1676                    260.0000   943500         
Elapsed time = 1230.17 sec. (1406132.28 ticks, tree = 236.29 MB, solutions = 0)
  59605  1354      521.0000  1791                    260.0000   945777         
  59722  1458      522.0000  1759                    260.0000   948236         
  59828  1636      650.0000  1581                    260.0000   951869         
  59941  1670      650.0000  1516                    260.0000   952457         
  60050  1834      390.0000  2186                    260.0000   962463         
  60151  1949    infeasible                          260.0000   965023         
  60248  1976      520.0000  1576                    260.0000   965350         
  60351  2061      520.0000  1550                    260.0000   968888         
  60444  2216      533.0000  1536                    260.0000   979813         
  60548  2294      521.0000  1972                    260.0000   993141         
Elapsed time = 1302.43 sec. (1444622.17 ticks, tree = 450.10 MB, solutions = 0)
  60665  2363      391.0000  2092                    260.0000   994943         
  60781  2441      533.0000  1431                    260.0000  1008768         
  60899  2594      520.0000  1792                    260.0000  1012431         
  61017  2699      521.0000  1927                    260.0000  1016618         
  61135  2861      520.0000  1725                    260.0000  1020446         
  61236  2920      521.0000  1789                    260.0000  1021354         
  61346  3080      390.0000  2180                    260.0000  1031965         
  61459  3096      390.0000  2224                    260.0000  1032413         
  61568  3192      580.0000  1708                    260.0000  1034153         
  61679  3381      521.0000  1867                    260.0000  1037883         
Elapsed time = 1370.26 sec. (1483128.11 ticks, tree = 679.66 MB, solutions = 0)
  61789  3452      521.0000  1660                    260.0000  1039471         
  61883  3578      521.0000  1740                    260.0000  1042359         
  61969  3625      523.0000  1712                    260.0000  1043280         
  62051  3736      523.0000  1758                    260.0000  1052571         
  62128  3824      594.0000  1596                    260.0000  1064469         
  62218  3947      523.0000  1682                    260.0000  1077855         
  62332  3943      651.0000  1526                    260.0000  1078058         
  62449  4126      503.0000  2137                    260.0000  1094006         
  62555  4218      648.0000  1469                    260.0000  1096444         
  62667  4294      521.0000  1928                    260.0000  1102513         
Elapsed time = 1443.59 sec. (1521408.44 ticks, tree = 876.08 MB, solutions = 0)
  62784  4367      520.0000  1874                    260.0000  1105136         
  62906  4526      521.0000  1845                    260.0000  1114110         
  63003  4707      521.0000  1804                    260.0000  1118375         
  63080  4791      649.0000  1594                    260.0000  1130076         
  63182  4832      525.0000  1817                    260.0000  1147691         
  63297  4975      650.0000  2179                    260.0000  1169399         
  63418  4954      649.0000  1455                    260.0000  1152284         
  63540  5089      521.0000  1940                    260.0000  1172853         
  63659  5298      649.0000  1376                    260.0000  1180586         
  63782  5404      525.0000  1663                    260.0000  1184152         
Elapsed time = 1515.32 sec. (1559982.75 ticks, tree = 1115.05 MB, solutions = 0)
  63899  5555      449.0000  1958                    260.0000  1188106         
  64016  5544      521.0000  1879                    260.0000  1188144         
  64135  5735      521.0000  1813                    260.0000  1192960         
  64244  5718      650.0000  1222                    260.0000  1192258         
  64359  5895      521.0000  1780                    260.0000  1197556         
  64474  6000      521.0000  1818                    260.0000  1199095         
  64552  6132      261.0000  2968                    260.0000  1204732         
  64632  6204      521.0000  2236                    260.0000  1208808         
  64728  6338      647.0000  1384                    260.0000  1232505         
  64836  6388      653.0000  1347                    260.0000  1236969         
Elapsed time = 1584.78 sec. (1598459.73 ticks, tree = 1331.78 MB, solutions = 0)
  64944  6524      651.0000  2267                    260.0000  1251604         
  65050  6540      521.0000  2080                    260.0000  1252302         
  65148  6731      521.0000  2036                    260.0000  1270718         
  65247  6877      521.0000  1845                    260.0000  1278313         
  65356  6820      521.0000  1930                    260.0000  1273594         
  65469  7046      520.0000  2137                    260.0000  1300714         
  65590  7063      520.0000  2063                    260.0000  1301240         
  65707  7201      540.0000  1872                    260.0000  1304157         
  65807  7337      522.0000  1696                    260.0000  1307031         
  65907  7379      590.0000  2009                    260.0000  1308553         
Elapsed time = 1654.07 sec. (1636892.96 ticks, tree = 1548.56 MB, solutions = 0)
  66021  7530      520.0000  2027                    260.0000  1319775         
  66140  7546      520.0000  1977                    260.0000  1319987         
  66247  7676      391.0000  2205                    260.0000  1331603         
  66351  7888      521.0000  2094                    260.0000  1338762         
  66476  8058      590.0000  1892                    260.0000  1355042         
  66593  7992      596.0000  2023                    261.0000  1349521         
  66709  8228      596.0000  2026                    261.0000  1365879         
  66828  8175      595.0000  1967                    261.0000  1362730         
  66945  8313      391.0000  2048                    261.0000  1370890         
  67059  8548      441.0000  2043                    261.0000  1381600         
Elapsed time = 1726.89 sec. (1675300.54 ticks, tree = 1808.00 MB, solutions = 0)
  67170  8716      596.0000  1899                    261.0000  1391807         
  67278  8753      520.0000  2006                    261.0000  1393898         
  67392  8862      521.0000  1941                    261.0000  1397394         
  67508  9021      392.0000  1966                    261.0000  1403951         
  67619  9012      596.0000  1856                    261.0000  1403003         
  67735  9176    infeasible                          261.0000  1414889         
  67852  9324      521.0000  2001                    261.0000  1422206         
  67960  9487      579.0000  1906                    261.0000  1429897         
  68088  9502      579.0000  1878                    303.3333  1430309         
  68203  9518      579.0000  1870                    303.3333  1430461         
Elapsed time = 1803.42 sec. (1713757.91 ticks, tree = 2025.49 MB, solutions = 0)

GUB cover cuts applied:  100
Clique cuts applied:  4
Cover cuts applied:  1508
Implied bound cuts applied:  1375
Flow cuts applied:  35
Mixed integer rounding cuts applied:  2050
Zero-half cuts applied:  106
Lift and project cuts applied:  1
Gomory fractional cuts applied:  10

Root node processing (before b&c):
  Real time             =   37.70 sec. (44448.19 ticks)
Parallel b&c, 8 threads:
  Real time             = 1766.42 sec. (1672626.46 ticks)
  Sync time (average)   =  321.17 sec.
  Wait time (average)   =    0.49 sec.
                          ------------
Total (root+branch&cut) = 1804.12 sec. (1717074.65 ticks)
! --------------------------------------------------------
! Problem is UNKNOWN
! CPLEX Status = AbortTimeLim
! --------------------------------------------------------
