! Solving for graph /home/truongxuanhieu/CPLEX-MIP-for-MinSpanLabeling/benchmarks/cabp/S-sherman4.mtx.rnd
! Target value is set to 387
! Lower bound is set to 388
! Upper bound is set to 819
! Time limit is set to 1800
! Vertices mode is set to Has hole
! Target value mode is set to Cyclic Antibandwidth
Version identifier: 22.2.0.0 | 2026-05-04 | 5dff98e58
CPXPARAM_TimeLimit                               1800
Tried aggregator 2 times.
MIP Presolve eliminated 1344 rows and 1504 columns.
MIP Presolve modified 447310 coefficients.
Aggregator did 4317 substitutions.
Reduced MIP has 9434 rows, 453766 columns, and 915869 nonzeros.
Reduced MIP has 448651 binaries, 1888 generals, 0 SOSs, and 3227 indicators.
Presolve time = 1.92 sec. (2068.40 ticks)
Probing time = 2.66 sec. (781.31 ticks)
Tried aggregator 1 time.
Detecting symmetries...
Reduced MIP has 9434 rows, 453766 columns, and 915869 nonzeros.
Reduced MIP has 448651 binaries, 2433 generals, 0 SOSs, and 3227 indicators.
Presolve time = 2.09 sec. (672.30 ticks)
Probing time = 0.38 sec. (100.73 ticks)
Clique table members: 94141.
MIP emphasis: balance optimality and feasibility.
MIP search method: dynamic search.
Parallel mode: deterministic, using up to 8 threads.
Root relaxation solution time = 7.00 sec. (3154.48 ticks)

        Nodes                                         Cuts/
   Node  Left     Objective  IInf  Best Integer    Best Bound    ItCnt     Gap

      0     0      774.0000  1359                    774.0000       11         
      0     0      774.0000  1861                  Cuts: 2458     1433         
      0     0      774.0000  1397                  Cuts: 1374     2694         
      0     0      774.0000  1451                  Cuts: 1707     3937         
Detecting symmetries...
      0     2      774.0000  1008                    774.0000     3937         
Elapsed time = 130.53 sec. (96764.97 ticks, tree = 0.02 MB, solutions = 0)
      4     6      774.0000  1020                    774.0000     4027         
     10     5      774.0000  1004                    774.0000     4046         
     21    16      774.0000  1255                    774.0000     5355         
     40    28      774.0000  1235                    774.0000     6878         
     61    48      774.0000  1209                    774.0000     9325         
     87    72      776.0000  1020                    774.0000    11346         
    112    96      774.0000  1161                    774.0000    12106         
    137   101      774.0000  1169                    774.0000    12230         
    157   138      776.0000  1043                    774.0000    13274         
    241   221      776.0000   974                    774.0000    16506         
Elapsed time = 137.17 sec. (100085.64 ticks, tree = 28.79 MB, solutions = 0)
    326   303      775.0000  1020                    774.0000    19809         
    424   404      775.0000  1024                    774.0000    24300         
    517   444      776.0000   876                    774.0000    25274         
    563   517      776.0000   865                    774.0000    29113         
    615   552      776.0000  1193                    774.0000    31620         
    671   578      774.0000  1103                    774.0000    32944         
    714   654    infeasible                          774.0000    36034         
    717   622      775.0000  1218                    774.0000    35266         
    760   698      776.0000   648                    774.0000    39342         
    865   709      776.0000  1080                    774.0000    40038         
Elapsed time = 183.33 sec. (116433.27 ticks, tree = 141.28 MB, solutions = 0)
    975   753      776.0000   623                    774.0000    43238         
   1069   850      774.0000  1075                    774.0000    47837         
   1169   924      776.0000   616                    774.0000    51181         
   1261  1075    infeasible                          774.0000    57688         
   1346  1058      774.0000  1182                    774.0000    57864         
   1419  1140      774.0000  1101                    774.0000    60194         
   1487  1169      776.0000  1251                    774.0000    61475         
   1549  1224      775.0000  1105                    774.0000    64354         
   1636  1274      775.0000  1126                    774.0000    66378         
   1699  1329      774.0000  1189                    774.0000    69936         
Elapsed time = 201.03 sec. (126078.75 ticks, tree = 297.13 MB, solutions = 0)
   1798  1368    infeasible                          774.0000    71313         
   1904  1406      784.0000  1027                    774.0000    74362         
   2005  1498    infeasible                          774.0000    77743         
   2105  1588      774.0000  1177                    774.0000    83191         
   2212  1656      775.0000  1070                    774.0000    85448         
   2302  1766    infeasible                          774.0000    89568         
   2406  1766      776.0000   592                    774.0000    89582         
   2515  1886      775.0000  1042                    774.0000    95435         
   2626  1909      776.0000   584                    774.0000    97246         
   2729  2053      776.0000   632                    774.0000   105759         
Elapsed time = 220.58 sec. (135718.26 ticks, tree = 480.58 MB, solutions = 0)
   2821  2110    infeasible                          774.0000   108646         
   2898  2171      775.0000  1177                    774.0000   111425         
   2981  2252      774.0000  1269                    774.0000   115682         
   3054  2289      775.0000  1157                    774.0000   117040         
   3125  2282    infeasible                          774.0000   116672         
   3221  2384    infeasible                          774.0000   123013         
   3313  2452      776.0000  1100                    774.0000   127153         
   3413  2455      775.0000   987                    774.0000   125915         
   3520  2610      774.0000  1269                    774.0000   136012         
   3612  2602      775.0000   966                    774.0000   133893         
Elapsed time = 240.44 sec. (145384.55 ticks, tree = 620.63 MB, solutions = 0)
   3711  2731      775.0000  1296                    774.0000   141067         
   3835  2777    infeasible                          774.0000   142861         
   3939  2776    infeasible                          774.0000   143087         
   4054  2853      775.0000   998                    774.0000   146388         
   4136  2937      777.0000   974                    774.0000   150115         
   4249  2974    infeasible                          774.0000   152399         
   4386  2963      774.0000  1227                    774.0000   150499         
   4496  3104      774.0000  1226                    774.0000   155887         
   4596  3179      775.0000  1157                    774.0000   158464         
   4701  3269      777.0000   913                    774.0000   159597         
Elapsed time = 258.93 sec. (154997.78 ticks, tree = 793.17 MB, solutions = 0)
   4829  3383      774.0000  1162                    774.0000   163081         
   4939  3420      811.0000   932                    774.0000   164369         
   5072  3515      774.0000  1116                    774.0000   170089         
   5179  3414      777.0000   812                    774.0000   164023         
   5298  3642    infeasible                          774.0000   172091         
   5435  3631      774.0000  1107                    774.0000   171921         
   5546  3685      775.0000   949                    774.0000   172982         
   5719  3762    infeasible                          774.0000   173598         
   5857  3799      775.0000   938                    774.0000   174212         
   6002  3835      777.0000   791                    774.0000   175036         
Elapsed time = 279.92 sec. (164602.95 ticks, tree = 937.10 MB, solutions = 0)
   6104  3859    infeasible                          774.0000   175361         
   6218  3880      775.0000   933                    774.0000   176287         
   6343  3905    infeasible                          774.0000   177229         
   6453  3970    infeasible                          774.0000   179218         
   6578  3922      775.0000   933                    774.0000   177563         
   6724  4001      775.0000   943                    774.0000   179908         
   6908  4066    infeasible                          774.0000   182288         
   7094  4085      811.0000   926                    774.0000   182953         
   7264  4126    infeasible                          774.0000   184800         
   7439  4106      774.0000  1204                    774.0000   183362         
Elapsed time = 295.29 sec. (174212.81 ticks, tree = 1002.93 MB, solutions = 0)
   7572  4179      775.0000  1383                    774.0000   186180         
   7712  4158      774.0000  1115                    774.0000   185126         
   7839  4195      775.0000  1060                    774.0000   187046         
   7982  4294    infeasible                          774.0000   188733         
   8135  4253      775.0000  1130                    774.0000   187217         
   8277  4410      775.0000  1099                    774.0000   189559         
   8457  4449      775.0000  1001                    774.0000   189679         
   8638  4484      774.0000  1150                    774.0000   189802         
   8812  4560      775.0000  1025                    774.0000   194212         
   8994  4603    infeasible                          774.0000   195792         
Elapsed time = 310.73 sec. (183832.38 ticks, tree = 1129.44 MB, solutions = 0)
   9153  4637      783.0000  1027                    774.0000   195954         
   9311  4694    infeasible                          774.0000   197862         
   9480  4832      775.0000  1219                    774.0000   199612         
   9642  4933      774.0000  1244                    774.0000   199962         
   9817  4966      786.0000  1027                    774.0000   199885         
   9934  4997      786.0000  1028                    774.0000   199888         
   9952  5016      798.0000  1006                    774.0000   201200         
   9982  5148      774.0000  1199                    774.0000   203457         
  10028  5138      774.0000  1394                    774.0000   203118         
  10504  5303      774.0000  1193                    774.0000   212437         
Elapsed time = 359.82 sec. (202777.97 ticks, tree = 1308.81 MB, solutions = 0)
  11116  5608      776.0000   791                    774.0000   221499         
  11744  5851    infeasible                          774.0000   226004         
  12440  5959      776.0000   786                    774.0000   229867         
  12986  6063      809.0000   871                    774.0000   231515         
  13576  6133      776.0000   713                    774.0000   232600         
  14305  6200      776.0000   934                    774.0000   233846         
  14910  6273      809.0000   802                    774.0000   234470         
  15494  6498    infeasible                          774.0000   235843         
  16101  6583      776.0000   935                    774.0000   238255         
  16752  6711      809.0000   813                    774.0000   240552         
Elapsed time = 421.01 sec. (240984.21 ticks, tree = 1659.89 MB, solutions = 0)
  17308  6807    infeasible                          774.0000   243883         
  17807  6906      809.0000   813                    774.0000   246658         
  18407  7035      775.0000   948                    774.0000   248522         
  19009  7219      775.0000   826                    774.0000   249929         
  19527  7382      776.0000   929                    774.0000   251330         
  20088  7521    infeasible                          774.0000   255178         
  20755  7540      775.0000   793                    774.0000   255647         
  21413  7654    infeasible                          774.0000   256739         
  22014  7778      794.3333  1644                    774.0000   258800         
  22524  7845      776.0000   929                    774.0000   259530         
Elapsed time = 486.92 sec. (279255.44 ticks, tree = 1940.08 MB, solutions = 0)
  22547  7828    infeasible                          774.0000   259424         
  22741  7944      775.0000  1081                    774.0000   261652         
  23218  8253      774.0000  1123                    774.0000   275309         
  23748  8666      776.0000   833                    774.0000   284582         
  24382  8727    infeasible                          774.0000   285628         
  25024  8865      775.0000  1201                    774.0000   287166         
  25771  8921      776.0000   769                    774.0000   287866         
  26492  9091      774.0000  1118                    774.0000   289968         
  27062  9103    infeasible                          774.0000   290567         
  27584  9188      775.0000  1153                    774.0000   292290         
Elapsed time = 582.32 sec. (322680.39 ticks, tree = 2279.34 MB, solutions = 0)
Nodefile size = 207.85 MB (64.18 MB after compression)
  28130  9346      774.0000  1126                    774.0000   295907         
  28874  9430      775.0000   981                    774.0000   297165         
  29688  9432      775.0000  1173                    774.0000   297784         
  30322  9498      774.0000  1057                    774.0000   299327         
  30851  9536    infeasible                          774.0000   300639         
  31375  9557    infeasible                          774.0000   301327         
  31958  9562      775.0000   978                    774.0000   302537         
  32663  9613    infeasible                          774.0000   303612         
  33408  9619      776.0000  1167                    774.0000   303915         
  34077  9788      775.0000  1025                    774.0000   306804         
Elapsed time = 645.81 sec. (360934.33 ticks, tree = 2412.33 MB, solutions = 0)
Nodefile size = 337.63 MB (104.09 MB after compression)
  34712  9785      776.0000  1167                    774.0000   306732         
  35321 10016      775.0000   974                    774.0000   307636         
  35908 10515    infeasible                          774.0000   310006         
  36622 10689      776.0000   786                    774.0000   310903         
  37334 10676      775.0000  1171                    774.0000   311499         
  38014 11181      776.0000   928                    774.0000   312945         
  38627 11534      776.0000  1035                    774.0000   315755         
  39178 11647    infeasible                          774.0000   317447         
  39730 11666      775.0000  1064                    774.0000   318926         
  40132 11853      775.0000  1077                    774.0000   320483         
Elapsed time = 720.54 sec. (399168.05 ticks, tree = 2945.99 MB, solutions = 0)
Nodefile size = 859.69 MB (266.13 MB after compression)
  40236 12084    infeasible                          774.0000   326473         
  40280 12119      776.0000   787                    774.0000   328393         
  40421 12089      775.0000   964                    774.0000   328021         
  40687 12168      775.0000   686                    774.0000   328337         
  41017 12543      776.0000   740                    774.0000   335820         
  41640 12609      775.0000  1116                    774.0000   337129         
  42330 12822      788.0000   641                    774.0000   337757         
  42907 13520    infeasible                          774.0000   344387         
  43516 14171      775.0000   927                    774.0000   347110         
  44164 14475    infeasible                          774.0000   351227         
Elapsed time = 813.87 sec. (437587.24 ticks, tree = 3661.37 MB, solutions = 0)
Nodefile size = 1579.16 MB (496.59 MB after compression)
  44791 14738      776.0000   590                    774.0000   353615         
  45505 14986      775.0000   814                    774.0000   357417         
  46085 15422      775.0000  1170                    774.0000   363013         
  46636 15102      774.0000  1237                    774.0000   362414         
  47134 15678    infeasible                          774.0000   366646         
  47672 15779      775.0000   938                    774.0000   368099         
  48262 15808      776.0000   961                    774.0000   368971         
  48854 16071      774.0000   810                    774.0000   372284         
  49453 16383      775.0000   931                    774.0000   376631         
  50067 16998    infeasible                          774.0000   384080         
Elapsed time = 881.09 sec. (475779.22 ticks, tree = 4355.83 MB, solutions = 0)
Nodefile size = 2274.08 MB (715.19 MB after compression)
  50701 17131      778.0000   881                    774.0000   385703         
  51368 17599      775.0000   924                    774.0000   387284         
  51952 17872      775.0000   751                    774.0000   389356         
  52452 18458      775.0000   748                    774.0000   390629         
  52937 18717      775.0000   720                    774.0000   392447         
  53520 19267      775.0000   612                    774.0000   398114         
  54171 19550      778.0000   781                    774.0000   398870         
  54834 19947      774.0000   805                    774.0000   408037         
  55486 20306      775.0000   827                    774.0000   412032         
  56102 20474      775.0000   739                    774.0000   415478         
Elapsed time = 949.42 sec. (513960.41 ticks, tree = 5326.21 MB, solutions = 0)
Nodefile size = 3245.44 MB (1028.31 MB after compression)
  56756 20504      776.0000   699                    774.0000   416179         
  57368 20765      801.0000   778                    774.0000   418410         
  57934 21363      778.0000   619                    774.0000   431675         
  58485 21375    infeasible                          774.0000   431938         
  59092 21999    infeasible                          774.0000   433599         
  59791 21935      774.0000   919                    774.0000   432899         
  60166 22279      774.0000   843                    774.0000   435203         
  60265 22502    infeasible                          774.0000   437909         
  60527 22595      789.0000   841                    774.0000   440786         
  60901 22627      777.0000   843                    774.0000   442079         
Elapsed time = 1049.21 sec. (555933.98 ticks, tree = 5924.35 MB, solutions = 0)
Nodefile size = 3842.75 MB (1222.83 MB after compression)
  61374 22772      776.0000   536                    774.0000   448140         
  62011 23251      776.0000   472                    774.0000   458671         
  62743 23498      819.0000   674                    774.0000   459085         
  63474 24180      819.0000   934                    774.0000   463567         
  64142 24460      819.0000   702                    774.0000   463916         
  64766 24680      819.0000   748                    774.0000   465860         
  65321 25219      775.0000   870                    774.0000   470248         
  65914 25814      818.0000   756                    774.0000   484558         
  66592 25753      776.0000   796                    774.0000   484270         
  67257 26578      819.0000   735                    774.0000   489618         
Elapsed time = 1124.37 sec. (594115.94 ticks, tree = 7035.27 MB, solutions = 0)
Nodefile size = 4953.90 MB (1597.62 MB after compression)
  67962 26815      776.0000   705                    774.0000   490114         
  68640 27292      819.0000   723                    774.0000   491898         
  69302 27434      776.0000   486                    774.0000   492947         
  69958 27600      775.0000   861                    774.0000   495530         
  70664 27590      776.0000   812                    774.0000   494001         
  71371 28065      776.0000   716                    774.0000   506363         
  72137 28329      814.0000   683                    774.0000   506567         
  72829 28788      797.0000   638                    774.0000   509958         
  73537 28794      776.0000   484                    774.0000   510120         
  74222 29043      776.0000   804                    774.0000   511770         
Elapsed time = 1192.44 sec. (632310.87 ticks, tree = 7728.62 MB, solutions = 0)
Nodefile size = 5646.24 MB (1830.83 MB after compression)
  74870 29666      777.0000   855                    774.0000   517652         
  75416 29830      797.0000   607                    774.0000   518371         
  76035 29953      816.0000   637                    774.0000   519644         
  76750 30208      819.0000   958                    774.0000   527465         
  77334 30690      779.0000   849                    774.0000   533475         
  77509 30954    infeasible                          774.0000   537879         
  77721 31349      774.0000   813                    774.0000   539374         
  78214 31392      776.0000   763                    774.0000   540003         
  78679 31805      779.0000   891                    774.0000   541952         
  79264 31997      809.0000   664                    774.0000   544621         
Elapsed time = 1286.89 sec. (672661.18 ticks, tree = 8560.59 MB, solutions = 0)
Nodefile size = 6464.54 MB (2106.76 MB after compression)
  79800 32155      776.0000   604                    774.0000   544867         
  80386 32840      778.0000   554                    774.0000   556417         
  81030 33057      807.0000   709                    774.0000   557583         
  81707 33298    infeasible                          774.0000   558687         
  82361 34098    infeasible                          774.0000   559874         
  82996 34027    infeasible                          774.0000   559682         
  83619 34807      776.0000   540                    774.0000   561960         
  84330 34807      776.0000   540                    774.0000   562080         
  84920 35132    infeasible                          774.0000   570463         
  85496 35201      775.0000   876                    774.0000   573573         
Elapsed time = 1360.74 sec. (710864.82 ticks, tree = 9465.50 MB, solutions = 0)
Nodefile size = 7379.83 MB (2412.20 MB after compression)
  86095 35493      778.0000  1030                    774.0000   591858         
  86761 35769      819.0000   876                    774.0000   594654         
  87403 35803    infeasible                          774.0000   597732         
  88018 35945      775.0000   877                    774.0000   600065         
  88668 36308    infeasible                          774.0000   601567         
  89242 36616      778.0000   992                    774.0000   616252         
  89838 36732      775.0000   775                    774.0000   620419         
  90453 36998    infeasible                          774.0000   629524         
  91024 36999      778.0000   994                    774.0000   629725         
  91278 37047      775.0000   835                    774.0000   632311         
Elapsed time = 1435.89 sec. (749079.94 ticks, tree = 9983.21 MB, solutions = 0)
Nodefile size = 7896.64 MB (2583.07 MB after compression)
  91297 37128    infeasible                          774.0000   633445         
  91388 37365      774.0000   986                    774.0000   639748         
  91750 37347      775.0000   959                    774.0000   640489         
  92261 37361      775.0000   967                    774.0000   644075         
  92813 37810      781.0000  1017                    774.0000   667767         
  93492 37898      780.0000   962                    774.0000   675359         
  94113 38724      782.0000   974                    774.0000   682333         
  94770 39019      790.0000   944                    774.0000   682461         
  95397 39237      806.0000  1058                    774.0000   683626         
  96009 39720    infeasible                          774.0000   687109         
Elapsed time = 1524.99 sec. (787634.70 ticks, tree = 10739.17 MB, solutions = 0)
Nodefile size = 8636.09 MB (2828.98 MB after compression)
  96589 40108    infeasible                          774.0000   690156         
  97132 40387      776.0000  1080                    774.0000   705829         
  97724 40621      776.0000  1056                    774.0000   714909         
  98418 40835      778.0000   894                    774.0000   727590         
  99065 41325    infeasible                          774.0000   738694         
  99676 41997      775.0000   930                    774.0000   742694         
 100272 42190      778.0000   879                    774.0000   743130         
 100901 42227      776.0000   900                    774.0000   744041         
 101506 42677      777.0000   513                    774.0000   759726         
 102198 43027      785.0000  1166                    774.0000   779049         
Elapsed time = 1595.28 sec. (825835.16 ticks, tree = 11675.20 MB, solutions = 0)
Nodefile size = 9578.76 MB (3150.76 MB after compression)
 102840 43444      819.0000  1083                    774.0000   781580         
 103445 43620      774.0000  1028                    774.0000   783125         
 104055 44140      774.0000  1125                    774.0000   786114         
 104695 44366      774.0000  1071                    774.0000   789259         
 105254 44867      774.0000  1089                    774.0000   793934         
 105675 45032      774.0000  1203                    774.0000   792680         
 105791 45186    infeasible                          774.0000   802840         
 106082 45445    infeasible                          774.0000   821258         
 106501 45449      776.0000   712                    774.0000   821497         
 107128 45442    infeasible                          774.0000   822410         
Elapsed time = 1699.87 sec. (868916.29 ticks, tree = 12361.93 MB, solutions = 0)
Nodefile size = 10273.31 MB (3387.58 MB after compression)
 107750 45987      775.0000   770                    774.0000   825285         
 108364 45993      776.0000   815                    774.0000   827344         
 108944 46583      775.0000  1106                    774.0000   835288         
 109500 46745    infeasible                          774.0000   844821         
 110100 46749    infeasible                          774.0000   844970         
 110796 47211      775.0000  1108                    774.0000   855362         
 111423 47559    infeasible                          774.0000   865093         
 112072 47458    infeasible                          774.0000   858929         
 112689 47623      776.0000   707                    774.0000   878118         
 113269 47691      776.0000   504                    774.0000   878343         
Elapsed time = 1768.29 sec. (907113.61 ticks, tree = 13002.47 MB, solutions = 0)
Nodefile size = 10896.39 MB (3600.76 MB after compression)
 113856 47728      776.0000   732                    774.0000   884622         
 114460 48031      776.0000   911                    774.0000   890049         
 115000 48372      818.0000  1042                    774.0000   900593         
 115592 48403      818.0000  1009                    774.0000   900642         

Clique cuts applied:  125
Cover cuts applied:  956
Implied bound cuts applied:  3951
Mixed integer rounding cuts applied:  1350
Zero-half cuts applied:  20
Lift and project cuts applied:  9
Gomory fractional cuts applied:  174

Root node processing (before b&c):
  Real time             =  129.64 sec. (96494.76 ticks)
Parallel b&c, 8 threads:
  Real time             = 1677.52 sec. (829658.79 ticks)
  Sync time (average)   =  376.77 sec.
  Wait time (average)   =    0.00 sec.
                          ------------
Total (root+branch&cut) = 1807.15 sec. (926153.55 ticks)
! --------------------------------------------------------
! Problem is UNKNOWN
! CPLEX Status = AbortTimeLim
! --------------------------------------------------------
