! Solving for graph /home/truongxuanhieu/CPLEX-MIP-for-MinSpanLabeling/benchmarks/cabp/T-dwt__592.mtx.rnd
! Target value is set to 169
! Lower bound is set to 170
! Upper bound is set to 888
! Time limit is set to 1800
! Vertices mode is set to Has hole
! Target value mode is set to Cyclic Antibandwidth
Version identifier: 22.2.0.0 | 2026-05-04 | 5dff98e58
CPXPARAM_TimeLimit                               1800
Tried aggregator 2 times.
MIP Presolve eliminated 2257 rows and 1628 columns.
MIP Presolve modified 525844 coefficients.
Aggregator did 6288 substitutions.
Reduced MIP has 14242 rows, 536053 columns, and 1085160 nonzeros.
Reduced MIP has 528100 binaries, 2849 generals, 0 SOSs, and 5104 indicators.
Presolve time = 2.32 sec. (2978.16 ticks)
Probing time = 2.32 sec. (875.80 ticks)
Tried aggregator 1 time.
Detecting symmetries...
Reduced MIP has 14242 rows, 536053 columns, and 1085160 nonzeros.
Reduced MIP has 528100 binaries, 3441 generals, 0 SOSs, and 5104 indicators.
Presolve time = 2.36 sec. (767.88 ticks)
Probing time = 0.50 sec. (116.04 ticks)
Clique table members: 97062.
MIP emphasis: balance optimality and feasibility.
MIP search method: dynamic search.
Parallel mode: deterministic, using up to 8 threads.
Root relaxation solution time = 2.77 sec. (924.38 ticks)

        Nodes                                         Cuts/
   Node  Left     Objective  IInf  Best Integer    Best Bound    ItCnt     Gap

      0     0      338.0000  1984                    338.0000     7566         
      0     0      338.0000  3271                  Cuts: 3660    10286         
      0     0      338.0000  2817                  Cuts: 3660    12322         
      0     0      338.0000  2975                  Cuts: 2527    14762         
Detecting symmetries...
      0     2      338.0000  2975                    338.0000    14762         
Elapsed time = 106.45 sec. (80244.10 ticks, tree = 0.02 MB, solutions = 0)
      4     6      338.0000  2886                    338.0000    14831         
      6     8      338.0000  2986                    338.0000    15302         
     12     6      338.0000  2887                    338.0000    14830         
     21    15      338.0000  3074                    338.0000    15831         
     29    19      338.0000  3675                    338.0000    16986         
     45    26      338.0000  3032                    338.0000    18291         
     60    50      338.0000  3196                    338.0000    20934         
     81    69      338.0000  2977                    338.0000    24015         
    103    86      338.0000  3054                    338.0000    24164         
    169   131      348.5000  3703                    338.0000    29550         
Elapsed time = 113.79 sec. (83731.73 ticks, tree = 20.24 MB, solutions = 0)
    194   171      469.0000  2630                    338.0000    40580         
    196   180    infeasible                          338.0000    49149         
    216   185      507.0000  2716                    338.0000    52088         
    252   212      540.0000  2477                    338.0000    54685         
    293   227      657.0000  2388                    338.0000    56766         
    359   248      658.0000  2368                    338.0000    57212         
    447   321      658.0000  2348                    338.0000    65524         
    517   451      507.0000  2811                    338.0000    73979         
    587   490      508.0000  2560                    338.0000    76801         
    642   568      507.0000  2532                    338.0000    80990         
Elapsed time = 143.76 sec. (95936.24 ticks, tree = 140.83 MB, solutions = 0)
    704   620      540.0000  2463                    338.0000    82323         
    762   608      677.0000  2273                    338.0000    81984         
    814   686      507.0000  2493                    338.0000    84372         
    882   746      676.0000  2370                    338.0000    85923         
    948   743      676.0000  2424                    338.0000    85301         
   1005   791      845.0000  2191                    338.0000    86925         
   1073   841      718.5000  2974                    338.0000    88638         
   1147  1012      676.0000  2317                    338.0000    93169         
   1219  1041      677.0000  2174                    338.0000    93603         
   1301  1129      846.0000  2090                    338.0000    94995         
Elapsed time = 164.10 sec. (105637.62 ticks, tree = 323.05 MB, solutions = 0)
   1378  1211      677.0000  2243                    338.0000    96546         
   1455  1278      677.0000  2127                    338.0000    97651         
   1534  1324      677.0000  2269                    338.0000    98444         
   1617  1442      677.0000  2263                    338.0000   100034         
   1691  1504      846.0000  2075                    338.0000   101246         
   1781  1547      677.0000  2158                    338.0000   101905         
   1854  1609      846.0000  2102                    338.0000   103083         
   1927  1753      677.0000  2156                    338.0000   107085         
   2000  1803      846.0000  2038                    338.0000   107803         
   2077  1849      846.0000  1888                    338.0000   111298         
Elapsed time = 183.57 sec. (115341.47 ticks, tree = 562.89 MB, solutions = 0)
   2143  1962      846.0000  2023                    338.0000   114724         
   2175  1850      846.0000  1886                    338.0000   111300         
   2229  2052      677.0000  2136                    338.0000   123934         
   2307  2127      508.0000  2489                    338.0000   126348         
   2373  2199      507.0000  2830                    338.0000   130408         
   2448  2214      507.0000  2671                    338.0000   136271         
   2523  2319      677.0000  2119                    338.0000   136097         
   2597  2377      507.0000  2611                    338.0000   139400         
   2685  2468      677.0000  2077                    338.0000   144164         
   2746  2573      507.0000  2712                    338.0000   148203         
Elapsed time = 204.51 sec. (125042.14 ticks, tree = 804.84 MB, solutions = 0)
   2835  2606      507.0000  2464                    338.0000   148911         
   2922  2600      508.0000  2578                    338.0000   148662         
   3011  2666      676.0000  2468                    338.0000   154581         
   3085  2826      507.0000  2507                    338.0000   158634         
   3160  2902      677.0000  2173                    338.0000   161200         
   3247  3053      846.0000  1810                    338.0000   164337         
   3322  2988      677.0000  2339                    338.0000   163486         
   3381  3206      677.0000  2301                    338.0000   166744         
   3447  3235      677.0000  2091                    338.0000   167094         
   3521  3297      507.0000  2593                    338.0000   171586         
Elapsed time = 225.16 sec. (134715.76 ticks, tree = 1047.06 MB, solutions = 0)
   3594  3304      507.0000  2569                    338.0000   171705         
   3684  3378      677.0000  2035                    338.0000   174610         
   3771  3468      677.0000  2244                    338.0000   176460         
   3874  3495      507.0000  2454                    338.0000   176898         
   3974  3673      676.0000  2303                    338.0000   181286         
   4062  3824      507.0000  2872                    338.0000   185800         
   4146  3894      790.0000  2412                    338.0000   187073         
   4216  4001      845.0000  2191                    338.0000   190155         
   4288  4011      677.0000  2186                    338.0000   190655         
   4365  4019      677.0000  2130                    338.0000   190779         
Elapsed time = 245.62 sec. (144360.40 ticks, tree = 1289.99 MB, solutions = 0)
   4446  4207      507.0000  2572                    338.0000   197598         
   4531  4218      676.0000  2464                    338.0000   198048         
   4609  4327      677.0000  2059                    338.0000   199269         
   4694  4296      846.0000  2034                    338.0000   198522         
   4774  4391      846.0000  1899                    338.0000   200338         
   4857  4456      508.0000  2482                    338.0000   202355         
   4942  4608      677.0000  2350                    338.0000   205472         
   5037  4740      846.0000  1811                    338.0000   208345         
   5130  4753      846.0000  1789                    338.0000   208536         
   5191  4846      676.0000  2352                    338.0000   209667         
Elapsed time = 264.77 sec. (153993.31 ticks, tree = 1566.40 MB, solutions = 0)
   5248  4857      677.0000  2309                    338.0000   209744         
   5331  5009      846.0000  1861                    338.0000   212004         
   5432  5026      846.0000  1856                    338.0000   212273         
   5531  5078      846.0000  1756                    338.0000   213273         
   5621  5149      846.0000  2060                    338.0000   214520         
   5700  5215      846.0000  1787                    338.0000   215338         
   5777  5367      846.0000  1827                    338.0000   219074         
   5842  5436      846.0000  1889                    338.0000   220192         
   5872  5481      846.0000  1738                    338.0000   220817         
   5875  5500      846.0000  2082                    338.0000   222038         
Elapsed time = 294.64 sec. (165039.72 ticks, tree = 1786.30 MB, solutions = 0)
   5878  5551    infeasible                          338.0000   222411         
   5881  5626    infeasible                          338.0000   225553         
   5883  5661      846.0000  2071                    338.0000   227071         
   5898  5660      846.0000  1725                    338.0000   228413         
   5913  5678      846.0000  2063                    338.0000   228641         
   5929  5687      846.0000  2054                    338.0000   228905         
   5943  5695      846.0000  2007                    338.0000   229042         
   5954  5706      846.0000  2000                    338.0000   229146         
   5965  5728      846.0000  2009                    338.0000   235264         
   6047  5755      507.0000  2596                    338.0000   244323         
Elapsed time = 379.72 sec. (192008.36 ticks, tree = 1873.91 MB, solutions = 0)
   6205  5907      507.0000  2516                    338.0000   281762         
   6457  5942      507.0000  2516                    338.0000   295467         
   6785  6300      508.0000  2403                    338.0000   325624         
   7184  6631      676.0000  2453                    338.0000   336896         
   7600  6943      507.0000  2487                    338.0000   342176         
   8020  7283      507.0000  2528                    338.0000   352327         
   8458  7450      507.0000  2445                    338.0000   354429         
   8986  7966      507.0000  2684                    338.0000   368768         
   9494  8113      509.0000  2354                    338.0000   367955         
   9978  8366      507.0000  2458                    338.0000   375826         
Elapsed time = 455.71 sec. (230283.52 ticks, tree = 2749.92 MB, solutions = 0)
Nodefile size = 670.51 MB (237.74 MB after compression)
  10522  8855      507.0000  2473                    338.0000   380969         
  11113  9491      507.0000  2558                    338.0000   388401         
  11589  9846      507.0000  2546                    338.0000   398299         
  12073 10206      507.0000  2495                    338.0000   403154         
  12556 10311      509.0000  2405                    338.0000   403686         
  13048 10577      593.0000  2401                    338.0000   412359         
  13594 10985      507.0000  2474                    338.0000   420427         
  14038 11354      507.0000  2672                    338.0000   424389         
  14460 11676      507.0000  2443                    338.0000   434533         
  14921 12048    infeasible                          338.0000   447869         
Elapsed time = 531.66 sec. (268528.20 ticks, tree = 3987.26 MB, solutions = 0)
Nodefile size = 1909.64 MB (675.86 MB after compression)
  15304 12511    infeasible                          338.0000   468622         
  15769 12563      507.0000  2591                    338.0000   470123         
  16230 12721      507.0000  2484                    338.0000   474012         
  16761 13154      845.0000  2426                    338.0000   487935         
  17394 13228      508.0000  2438                    338.0000   485603         
  17877 13738      508.0000  2582                    338.0000   495379         
  18329 14347      676.0000  2505                    338.0000   505830         
  18836 14381      676.0000  2418                    338.0000   506468         
  19382 14689      507.0000  2585                    338.0000   511531         
  20040 15149      507.0000  2602                    338.0000   520332         
Elapsed time = 607.06 sec. (306709.26 ticks, tree = 4971.58 MB, solutions = 0)
Nodefile size = 2902.62 MB (1016.76 MB after compression)
  20678 15671      507.0000  2654                    338.0000   522500         
  21130 16079    infeasible                          338.0000   531138         
  21547 16406      508.0000  2596                    338.0000   536447         
  22065 16550      507.0000  2494                    338.0000   537540         
  22476 16691      507.0000  2566                    338.0000   549708         
  22970 16787      676.0000  2574                    338.0000   552417         
  23415 17060    infeasible                          338.0000   562169         
  23842 17245      508.0000  2581                    338.0000   566390         
  24219 17296      507.0000  2606                    338.0000   568615         
  24697 17481      507.0000  2485                    338.0000   574550         
Elapsed time = 684.31 sec. (344896.41 ticks, tree = 5536.86 MB, solutions = 0)
Nodefile size = 3443.92 MB (1145.54 MB after compression)
  25169 17886      507.0000  2354                    338.0000   587149         
  25649 18262      507.0000  2247                    338.0000   597605         
  26155 18109      339.0000  3137                    338.0000   596514         
  26731 18676      338.0000  2846                    338.0000   601109         
  27252 18975      338.0000  2970                    338.0000   606496         
  27717 19706      507.0000  2548                    338.0000   614844         
  28171 19889      338.0000  2818                    338.0000   619529         
  28677 19987      507.0000  2513                    338.0000   617043         
  29209 20332      340.0000  2764                    338.0000   633780         
  29741 20820      507.0000  2643                    338.0000   648697         
Elapsed time = 758.07 sec. (383096.50 ticks, tree = 6486.62 MB, solutions = 0)
Nodefile size = 4396.65 MB (1400.35 MB after compression)
  30253 21326      338.0000  2827                    338.0000   652454         
  30786 21215      507.0000  2574                    338.0000   652611         
  31263 21946      339.0000  2938                    338.0000   658954         
  31748 21682      338.0000  2732                    338.0000   656972         
  32259 22176      507.0000  2392                    338.0000   662191         
  32779 22600      368.0000  2817                    338.0000   672938         
  33374 23194      338.0000  2790                    338.0000   684449         
  33918 23188      507.0000  2541                    338.0000   683418         
  34493 24157      338.0000  2792                    338.0000   689029         
  35111 24263      338.0000  2792                    338.0000   689029         
Elapsed time = 827.84 sec. (421306.16 ticks, tree = 7652.74 MB, solutions = 0)
Nodefile size = 5518.75 MB (1810.75 MB after compression)
  35602 24482      509.0000  2494                    338.0000   693820         
  36094 24703      507.0000  2564                    338.0000   697664         
  36608 25507      507.0000  2478                    338.0000   707587         
  37104 25748    infeasible                          338.0000   725427         
  37619 26141      547.0000  2455                    338.0000   735658         
  38092 26578    infeasible                          338.0000   745852         
  38528 26678      547.0000  2446                    338.0000   743471         
  38960 26677    infeasible                          338.0000   743520         
  39421 26938      530.0000  2542                    338.0000   745515         
  39978 27196      508.0000  2586                    338.0000   765810         
Elapsed time = 896.70 sec. (459512.36 ticks, tree = 8637.76 MB, solutions = 0)
Nodefile size = 6549.47 MB (2191.08 MB after compression)
  40501 27230      563.0000  2506                    338.0000   770422         
  41042 27476      564.0000  2554                    338.0000   771766         
  41571 27801      508.0000  2193                    338.0000   788481         
  42132 27863      508.0000  2199                    338.0000   788505         
  42625 28242      508.0000  2199                    338.0000   796081         
  43130 28002    infeasible                          338.0000   793543         
  43639 28295      338.0000  2766                    338.0000   798362         
  44167 28579      556.0000  2432                    338.0000   798562         
  44697 28902    infeasible                          338.0000   800046         
  45223 29191      556.0000  2292                    338.0000   800704         
Elapsed time = 963.84 sec. (497707.47 ticks, tree = 9324.63 MB, solutions = 0)
Nodefile size = 7211.84 MB (2437.41 MB after compression)
  45735 29231      340.0000  2911                    338.0000   802962         
  46213 29654    infeasible                          338.0000   804606         
  46550 29680      556.0000  2019                    338.0000   804329         
  46594 29821    infeasible                          338.0000   809032         
  46655 30231    infeasible                          338.0000   814742         
  46720 30236      579.0000  2505                    338.0000   814802         
  46763 30353      523.0000  2299                    338.0000   815413         
  46821 30393    infeasible                          338.0000   815517         
  46983 30352      338.0000  2858                    338.0000   815533         
  47288 30503      338.0000  2779                    338.0000   815589         
Elapsed time = 1099.98 sec. (542712.78 ticks, tree = 9783.17 MB, solutions = 0)
Nodefile size = 7631.86 MB (2593.02 MB after compression)
  47520 30799    infeasible                          338.0000   816748         
  47739 30620    infeasible                          338.0000   819174         
  47962 30823    infeasible                          338.0000   820719         
  48288 30878      508.0000  2640                    338.0000   822018         
  48769 30878      508.0000  2640                    338.0000   822127         
  49317 30986      508.0000  2563                    338.0000   831020         
  49914 31438      554.0000  2485                    338.0000   833856         
  50459 31475    infeasible                          338.0000   838476         
  51029 31925      510.0000  2469                    338.0000   851366         
  51570 31699    infeasible                          338.0000   845280         
Elapsed time = 1181.50 sec. (580948.60 ticks, tree = 10192.97 MB, solutions = 0)
Nodefile size = 8090.66 MB (2761.38 MB after compression)
  52036 31925      526.0000  2527                    338.0000   851509         
  52529 32222      510.0000  2472                    338.0000   855321         
  52985 32433      508.0000  2619                    338.0000   859693         
  53477 32464      510.0000  2388                    338.0000   859736         
  53981 32642      537.0000  2261                    338.0000   860018         
  54638 32646      508.0000  2589                    338.0000   864145         
  55308 32755    infeasible                          338.0000   865287         
  55843 32847      507.0000  2613                    338.0000   869700         
  56345 32856    infeasible                          338.0000   870081         
  56804 33201      541.0000  2428                    338.0000   875819         
Elapsed time = 1248.23 sec. (619209.47 ticks, tree = 10713.96 MB, solutions = 0)
Nodefile size = 8623.47 MB (2959.61 MB after compression)
  57275 33200    infeasible                          338.0000   876182         
  57726 33213    infeasible                          338.0000   876126         
  58200 33229    infeasible                          338.0000   876389         
  58689 33314    infeasible                          338.0000   878444         
  59264 33351      535.0000  2086                    338.0000   878359         
  59867 33497      517.0000  2490                    338.0000   882096         
  60440 33716      592.0000  2378                    338.0000   883932         
  61033 33723    infeasible                          338.0000   886083         
  61618 33975      548.0000  2481                    338.0000   891100         
  62230 34060      548.0000  2466                    338.0000   891136         
Elapsed time = 1316.04 sec. (657446.38 ticks, tree = 11011.82 MB, solutions = 0)
Nodefile size = 8858.52 MB (3046.98 MB after compression)
  62794 34615      548.0000  2483                    338.0000   895215         
  63401 34694      548.0000  2488                    338.0000   895245         
  64012 35117      531.0000  2306                    338.0000   895416         
  64631 35586      550.0000  2499                    338.0000   896118         
  65300 35840    infeasible                          338.0000   896237         
  65906 36423      594.0000  2365                    338.0000   897434         
  66575 36715      551.0000  2439                    338.0000   897414         
  67168 37129      507.0000  2679                    338.0000   904309         
  67776 37505      594.0000  1742                    338.0000   902989         
  68346 38236      594.0000  1742                    338.0000   909228         
Elapsed time = 1387.67 sec. (695637.36 ticks, tree = 12467.32 MB, solutions = 0)
Nodefile size = 10371.88 MB (3608.70 MB after compression)
  68938 38317      594.0000  1742                    338.0000   909309         
  69548 38404      594.0000  1742                    338.0000   909396         
  70121 39196      510.0000  2448                    338.0000   910784         
  70699 39410      594.0000  2305                    338.0000   911221         
  71261 39834      718.0000  2359                    338.0000   913594         
  71857 40239      678.0000  2456                    338.0000   918604         
  72421 40478      745.0000  2412                    338.0000   921041         
  72963 40489      745.0000  2411                    338.0000   921135         
  73516 41342      718.0000  2320                    338.0000   932079         
  74081 41134      586.0000  2421                    338.0000   932159         
Elapsed time = 1457.80 sec. (733821.21 ticks, tree = 13476.09 MB, solutions = 0)
Nodefile size = 11383.13 MB (3983.87 MB after compression)
  74655 41784      684.0000  2270                    338.0000   932457         
  75140 41952      718.0000  2327                    338.0000   933455         
  75553 41849      740.0000  2199                    338.0000   933972         
  75636 42043    infeasible                          338.0000   934204         
  75734 42497      718.0000  2315                    338.0000   936735         
  76009 42498      735.0000  2478                    338.0000   938779         
  76469 42617      717.0000  2402                    338.0000   941374         
  77029 43079      735.0000  2231                    338.0000   947872         
  77624 43301    infeasible                          338.0000   950770         
  78217 43263      735.0000  2237                    338.0000   947881         
Elapsed time = 1585.93 sec. (784530.27 ticks, tree = 14218.66 MB, solutions = 0)
Nodefile size = 12057.97 MB (4235.11 MB after compression)
  78798 43724      746.0000  2231                    338.0000   956501         
  79379 44477      746.0000  2226                    338.0000   957494         
  79978 45084      718.0000  2328                    338.0000   957656         
  80524 45295      746.0000  2196                    338.0000   958351         
  81123 45465      718.0000  1987                    338.0000   958310         
  81678 46044      717.0000  2262                    338.0000   958810         
  82239 46044    infeasible                          338.0000   958816         
  82831 46600      718.0000  2219                    338.0000   961555         
  83350 46663      717.0000  2267                    338.0000   961864         
  83889 47279      572.0000  2557                    338.0000   969774         
Elapsed time = 1662.46 sec. (822744.11 ticks, tree = 15617.38 MB, solutions = 0)
Nodefile size = 13515.56 MB (4780.01 MB after compression)
  84359 47102      408.0000  2812                    338.0000   970529         
  84887 48000      507.0000  2630                    338.0000   973366         
  85479 48283      507.0000  2612                    338.0000   983905         
  85954 48333      507.0000  2656                    338.0000   986652         
  86355 49112      737.0000  2446                    338.0000   997067         
  86740 49262      507.0000  2595                    338.0000  1005172         
  87134 49718      718.0000  1837                    338.0000  1011837         
  87571 50356      508.0000  2368                    338.0000  1074753         
  88010 50504    infeasible                          338.0000  1087826         
  88470 50692      733.0000  2475                    338.0000  1099887         
Elapsed time = 1731.63 sec. (860977.75 ticks, tree = 16806.97 MB, solutions = 0)
Nodefile size = 14705.56 MB (5222.69 MB after compression)
  88925 50718      733.0000  2475                    338.0000  1099891         
  89380 51163      677.0000  2312                    338.0000  1104474         
  89813 51173      507.0000  2660                    338.0000  1105436         
  90232 51248    infeasible                          338.0000  1106634         
  90632 51261      676.0000  2491                    338.0000  1113269         
  91016 51504      676.0000  2496                    338.0000  1128661         
  91429 51847      508.0000  2507                    338.0000  1168298         
  91847 52073      594.0000  2525                    338.0000  1206623         
  92293 52726      676.0000  2368                    338.0000  1224274         
  92748 52524      676.0000  2313                    338.0000  1222544         
Elapsed time = 1798.53 sec. (899166.20 ticks, tree = 17442.77 MB, solutions = 0)
Nodefile size = 15333.04 MB (5455.93 MB after compression)

Cover cuts applied:  602
Implied bound cuts applied:  3478
Mixed integer rounding cuts applied:  1463
Zero-half cuts applied:  284
Lift and project cuts applied:  6
Gomory fractional cuts applied:  49

Root node processing (before b&c):
  Real time             =  105.59 sec. (80069.75 ticks)
Parallel b&c, 8 threads:
  Real time             = 1699.81 sec. (822131.28 ticks)
  Sync time (average)   =  392.09 sec.
  Wait time (average)   =    0.00 sec.
                          ------------
Total (root+branch&cut) = 1805.39 sec. (902201.04 ticks)
! --------------------------------------------------------
! Problem is UNKNOWN
! CPLEX Status = AbortTimeLim
! --------------------------------------------------------
