! Solving for graph /home/truongxuanhieu/CPLEX-MIP-for-MinSpanLabeling/benchmarks/cabp/U-662_bus.mtx.rnd
! Target value is set to 247
! Lower bound is set to 248
! Upper bound is set to 993
! Time limit is set to 1800
! Vertices mode is set to Has hole
! Target value mode is set to Cyclic Antibandwidth
Version identifier: 22.2.0.0 | 2026-05-04 | 5dff98e58
CPXPARAM_TimeLimit                               1800
Tried aggregator 2 times.
MIP Presolve eliminated 907 rows and 1820 columns.
MIP Presolve modified 657532 coefficients.
Aggregator did 3798 substitutions.
Reduced MIP has 7842 rows, 662481 columns, and 1331476 nonzeros.
Reduced MIP has 658438 binaries, 1569 generals, 0 SOSs, and 2474 indicators.
Presolve time = 2.85 sec. (2867.48 ticks)
Probing time = 2.88 sec. (1021.45 ticks)
Tried aggregator 2 times.
Detecting symmetries...
Aggregator did 76 substitutions.
Reduced MIP has 7766 rows, 662405 columns, and 1331400 nonzeros.
Reduced MIP has 658438 binaries, 2155 generals, 0 SOSs, and 2474 indicators.
Presolve time = 3.69 sec. (1247.11 ticks)
Probing time = 0.61 sec. (131.30 ticks)
Clique table members: 109049.
MIP emphasis: balance optimality and feasibility.
MIP search method: dynamic search.
Parallel mode: deterministic, using up to 8 threads.
Root relaxation solution time = 6.67 sec. (2764.01 ticks)

        Nodes                                         Cuts/
   Node  Left     Objective  IInf  Best Integer    Best Bound    ItCnt     Gap

      0     0      494.0000   908                    494.0000        8         
      0     0      494.0000  1904                  Cuts: 2041     1384         
      0     0      494.0000  1943                  Cuts: 2041     2845         
      0     2      494.0000  1810                    494.0000     2845         
Elapsed time = 117.46 sec. (93103.13 ticks, tree = 0.02 MB, solutions = 0)
      3     5      494.0000  1680                    494.0000     2900         
      6     8      494.0000  1625                    494.0000     2914         
      9     5      494.0000  1763                    494.0000     2861         
     14    12      494.0000  1798                    494.0000     4000         
     22    17      494.0000  1756                    494.0000     6174         
     35    26      494.0000  1733                    494.0000     7311         
     47    43      494.0000  1681                    494.0000     9541         
     64    47      494.0000  1738                    494.0000    11678         
     80    58      494.0000  1664                    494.0000    11781         
    149   110      741.0000  1394                    494.0000    13077         
Elapsed time = 124.88 sec. (96509.25 ticks, tree = 14.83 MB, solutions = 0)
    189   169      494.0000  1595                    494.0000    16392         
    267   239      494.0000  1656                    494.0000    24695         
    320   297      741.0000  1315                    494.0000    29594         
    387   344      741.0000  1375                    494.0000    41065         
    450   385      741.0000  1323                    494.0000    41451         
    459   398      741.0000  1354                    494.0000    41584         
    509   465      742.0000  1296                    494.0000    42576         
    568   496      742.0000  1288                    494.0000    42941         
    643   509      741.0000  1259                    494.0000    43045         
    721   633      741.0000  1285                    494.0000    44170         
Elapsed time = 165.71 sec. (112840.64 ticks, tree = 151.30 MB, solutions = 0)
    797   625      742.0000  1266                    494.0000    44123         
    884   707      742.0000  1230                    494.0000    44760         
    984   840      742.0000  1256                    494.0000    46103         
   1101   917      742.0000  1260                    494.0000    46880         
   1207  1045      742.0000  1213                    494.0000    48205         
   1307  1058      742.0000  1180                    494.0000    48274         
   1380  1291      742.0000  1121                    494.0000    51376         
   1415  1263      993.0000  1033                    494.0000    51276         
   1478  1365      991.0000  1117                    494.0000    53582         
   1543  1439      993.0000  1019                    494.0000    55994         
Elapsed time = 186.04 sec. (122490.08 ticks, tree = 395.30 MB, solutions = 0)
   1607  1550      993.0000  1001                    494.0000    60708         
   1671  1587      993.0000  1062                    494.0000    62001         
   1740  1694      742.0000  1176                    494.0000    67484         
   1801  1643      971.0000  1070                    494.0000    65214         
   1869  1729      993.0000  1057                    494.0000    67590         
   1929  1857      993.0000  1051                    494.0000    72062         
   1988  1899      940.0000  1125                    494.0000    73789         
   2064  1910      950.0000  1118                    494.0000    73908         
   2123  1974      991.0000  1094                    494.0000    78106         
   2190  2076      742.0000  1129                    494.0000    82395         
Elapsed time = 204.03 sec. (132139.83 ticks, tree = 593.34 MB, solutions = 0)
   2258  2036      948.0000  1071                    494.0000    80708         
   2315  2240      944.0000  1071                    494.0000    87360         
   2379  2259      991.0000  1077                    494.0000    89168         
   2450  2357      989.0000  1035                    494.0000    92004         
   2521  2381    infeasible                          494.0000    92780         
   2592  2458      742.0000  1121                    494.0000    97369         
   2651  2449      742.0000  1099                    494.0000    97215         
   2707  2507      924.0000  1156                    494.0000   100553         
   2743  2553      742.0000  1121                    494.0000   102052         
   2812  2616      993.0000   814                    494.0000   104694         
Elapsed time = 224.50 sec. (141823.61 ticks, tree = 760.57 MB, solutions = 0)
   2870  2698      988.0000  1067                    494.0000   108840         
   2917  2645      993.0000   883                    494.0000   104772         
   2979  2712      742.0000  1095                    494.0000   109916         
   3053  2785      992.0000  1040                    494.0000   111369         
   3142  2919      742.0000  1148                    494.0000   115190         
   3209  2897    infeasible                          494.0000   114690         
   3275  2967      742.0000  1095                    494.0000   117704         
   3337  3068      993.0000   878                    494.0000   120323         
   3413  3070    infeasible                          494.0000   120335         
   3487  3093      993.0000   734                    494.0000   120371         
Elapsed time = 244.55 sec. (151497.45 ticks, tree = 906.59 MB, solutions = 0)
   3546  3183      993.0000   879                    494.0000   124415         
   3614  3145      742.0000  1116                    494.0000   122117         
   3682  3290      742.0000  1085                    494.0000   128426         
   3752  3249      742.0000  1070                    494.0000   125221         
   3825  3282      742.0000  1061                    494.0000   127460         
   3905  3368      742.0000  1070                    494.0000   129474         
   3990  3462      989.0000  1023                    494.0000   131093         
   4092  3461      993.0000   876                    494.0000   130610         
   4174  3465      993.0000   707                    494.0000   130659         
   4234  3564      742.0000  1115                    494.0000   135687         
Elapsed time = 263.59 sec. (161121.10 ticks, tree = 1052.19 MB, solutions = 0)
   4306  3633      987.0000  1025                    494.0000   139724         
   4385  3627      981.0000  1048                    494.0000   139514         
   4449  3634      742.0000  1077                    494.0000   140009         
   4521  3642      993.0000   707                    494.0000   139664         
   4595  3752    infeasible                          494.0000   143588         
   4666  3747      743.0000  1064                    494.0000   144011         
   4756  3809      976.0000  1037                    494.0000   146465         
   4856  3843      993.0000   707                    494.0000   147723         
   4952  3848      984.0000  1021                    494.0000   148799         
   5012  3920      993.0000   860                    494.0000   152223         
Elapsed time = 284.57 sec. (170754.89 ticks, tree = 1160.38 MB, solutions = 0)
   5095  3920    infeasible                          494.0000   152251         
   5167  3961      944.0000   991                    494.0000   153603         
   5241  3983      742.0000  1057                    494.0000   155571         
   5311  4003      993.0000   709                    494.0000   155837         
   5376  4004      743.0000  1060                    494.0000   156375         
   5451  4092      976.0000  1045                    494.0000   160260         
   5525  4089    infeasible                          494.0000   160003         
   5614  4091      993.0000   707                    494.0000   160013         
   5690  4177    infeasible                          494.0000   163748         
   5773  4123      944.0000   982                    494.0000   160844         
Elapsed time = 303.22 sec. (180422.64 ticks, tree = 1220.08 MB, solutions = 0)
   5857  4223      742.0000  1057                    494.0000   166009         
   5945  4246    infeasible                          494.0000   166853         
   6024  4190    infeasible                          494.0000   164372         
   6102  4264    infeasible                          494.0000   168034         
   6181  4323    infeasible                          494.0000   171347         
   6266  4333      743.0000  1056                    494.0000   171852         
   6349  4324      993.0000   850                    494.0000   171384         
   6429  4393      993.0000   707                    494.0000   173896         
   6525  4388      742.0000  1055                    494.0000   173913         
   6879  4456      993.0000   705                    494.0000   176149         
Elapsed time = 325.66 sec. (192921.97 ticks, tree = 1320.02 MB, solutions = 0)
   7211  4625    infeasible                          494.0000   184983         
   7572  4753    infeasible                          494.0000   190702         
   7978  4881      966.0000  1012                    494.0000   194204         
   8326  4962    infeasible                          494.0000   197841         
   8718  5084      993.0000   704                    494.0000   203218         
   9172  5207      883.0000   980                    494.0000   207548         
   9528  5222      993.0000   810                    494.0000   208141         
   9874  5379      944.0000   958                    494.0000   215606         
  10242  5450      742.0000  1050                    494.0000   219332         
  10686  5490      993.0000   696                    494.0000   219841         
Elapsed time = 386.56 sec. (231148.51 ticks, tree = 1628.56 MB, solutions = 0)
  11085  5582      993.0000   694                    494.0000   223766         
  11475  5750      743.0000  1015                    494.0000   230813         
  11892  5771      987.0000  1004                    494.0000   231754         
  12344  5887    infeasible                          494.0000   235260         
  12740  6020    infeasible                          494.0000   239497         
  13121  6114      993.0000   806                    494.0000   239770         
  13529  6206      993.0000   690                    494.0000   240616         
  14002  6385      989.0000  1007                    494.0000   241909         
  14463  6463    infeasible                          494.0000   242718         
  14848  6591      993.0000   790                    494.0000   243908         
Elapsed time = 448.78 sec. (269406.79 ticks, tree = 1953.39 MB, solutions = 0)
  15232  6651      993.0000   663                    494.0000   244666         
  15608  6692      944.0000   897                    494.0000   245125         
  16087  6697      993.0000   655                    494.0000   245341         
  16552  6792      866.0000   969                    494.0000   246449         
  16958  6822    infeasible                          494.0000   246919         
  17348  6862      993.0000   655                    494.0000   247550         
  17750  6908      989.0000   918                    494.0000   248382         
  18226  6984      993.0000   867                    494.0000   249058         
  18685  7017    infeasible                          494.0000   249499         
  19086  7046    infeasible                          494.0000   249975         
Elapsed time = 517.50 sec. (307670.68 ticks, tree = 2074.89 MB, solutions = 0)
Nodefile size = 7.56 MB (1.64 MB after compression)
  19485  7115      944.0000   890                    494.0000   250933         
  19882  7120    infeasible                          494.0000   251118         
  20311  7241      988.0000   927                    494.0000   252072         
  20817  7287      993.0000   631                    494.0000   252811         
  21271  7372      944.0000   876                    494.0000   253661         
  21629  7454      989.0000   980                    494.0000   253829         
  21994  7544      866.0000   945                    494.0000   253872         
  22367  7729      866.0000   945                    494.0000   254405         
  22805  7828    infeasible                          494.0000   254786         
  23112  8055    infeasible                          494.0000   255464         
Elapsed time = 591.52 sec. (345964.17 ticks, tree = 2369.97 MB, solutions = 0)
Nodefile size = 298.99 MB (65.64 MB after compression)
  23122  8072    infeasible                          494.0000   255602         
  23130  8072    infeasible                          494.0000   255550         
  23131  8073      693.0000  1494                    494.0000   256507         
  23182  8071    infeasible                          494.0000   255622         
  23315  8087      741.0000  1329                    494.0000   258846         
  23478  8192      988.0000  1220                    494.0000   261441         
  23662  8289      742.0000  1226                    494.0000   261637         
  23872  8477      741.0000  1182                    494.0000   267315         
  24074  8550      742.0000  1160                    494.0000   269237         
  24439  8773      741.0000  1178                    494.0000   282220         
Elapsed time = 763.96 sec. (405312.17 ticks, tree = 2589.44 MB, solutions = 0)
Nodefile size = 512.60 MB (112.74 MB after compression)
  24806  8991      742.0000  1165                    494.0000   285964         
  25186  9197      742.0000  1159                    494.0000   288818         
  25598  9574      743.0000  1121                    494.0000   293090         
  26023  9305    infeasible                          494.0000   288926         
  26406  9655      947.0000  1110                    494.0000   297679         
  26769  9967      742.0000  1143                    494.0000   307647         
  27116 10174    infeasible                          494.0000   312434         
  27493 10151      741.0000  1215                    494.0000   311887         
  27861 10396      741.0000  1206                    494.0000   318653         
  28229 10249      741.0000  1277                    494.0000   317934         
Elapsed time = 831.02 sec. (443608.52 ticks, tree = 3039.54 MB, solutions = 0)
Nodefile size = 964.68 MB (212.42 MB after compression)
  28626 10440      742.0000  1140                    494.0000   322624         
  29094 10456      741.0000  1187                    494.0000   322603         
  29534 10622      741.0000  1135                    494.0000   327661         
  29936 10644    infeasible                          494.0000   328391         
  30311 10911    infeasible                          494.0000   335118         
  30708 10896      743.0000  1122                    494.0000   335668         
  31097 10962      741.0000  1247                    494.0000   336146         
  31557 11016      741.0000  1181                    494.0000   337794         
  32083 11036      743.0000  1106                    494.0000   338458         
  32560 11091    infeasible                          494.0000   340098         
Elapsed time = 898.40 sec. (481797.61 ticks, tree = 3282.08 MB, solutions = 0)
Nodefile size = 1203.75 MB (264.27 MB after compression)
  33066 11049    infeasible                          494.0000   338811         
  33484 11116    infeasible                          494.0000   341441         
  33858 11117      743.0000  1085                    494.0000   341490         
  34233 11180      993.0000   757                    494.0000   343222         
  34636 11229      743.0000  1085                    494.0000   344496         
  35057 11294      741.0000  1131                    494.0000   346131         
  35446 11346    infeasible                          494.0000   346726         
  35845 11383      741.0000  1114                    494.0000   347210         
  36239 11386      741.0000  1319                    494.0000   359198         
  36650 11468      741.0000  1218                    494.0000   347439         
Elapsed time = 960.99 sec. (520005.18 ticks, tree = 3380.79 MB, solutions = 0)
Nodefile size = 1295.84 MB (284.31 MB after compression)
  37104 11637    infeasible                          494.0000   361977         
  37502 11809      743.0000   957                    494.0000   362525         
  37900 11839      741.0000  1213                    494.0000   363594         
  38294 12020    infeasible                          494.0000   372341         
  38679 12172      741.0000   942                    494.0000   376862         
  39077 12172      741.0000   942                    494.0000   376982         
  39466 12172      741.0000   942                    494.0000   377102         
  39898 12235      993.0000   670                    494.0000   378301         
  40366 12214      741.0000   940                    494.0000   378576         
  40853 12224      743.0000  1052                    494.0000   378822         
Elapsed time = 1024.71 sec. (558230.08 ticks, tree = 3599.28 MB, solutions = 0)
Nodefile size = 1513.05 MB (331.38 MB after compression)
  41331 12463      743.0000  1052                    494.0000   387391         
  41747 12521      743.0000   857                    494.0000   387913         
  42099 12609      741.0000   940                    494.0000   394270         
  42469 12610      741.0000   940                    494.0000   394334         
  42832 12611      741.0000   940                    494.0000   394401         
  43221 12710    infeasible                          494.0000   400948         
  43610 12707      741.0000  1246                    494.0000   401222         
  43994 12751      741.0000  1078                    494.0000   402611         
  44424 12808      741.0000  1059                    494.0000   402593         
  44868 12758      993.0000   563                    494.0000   402793         
Elapsed time = 1086.00 sec. (596453.41 ticks, tree = 3761.91 MB, solutions = 0)
Nodefile size = 1672.62 MB (366.19 MB after compression)
  45316 12830      743.0000   933                    494.0000   403113         
  45739 12974      741.0000   965                    494.0000   414386         
  46108 13324    infeasible                          494.0000   426064         
  46431 13417    infeasible                          494.0000   430808         
  46798 13324    infeasible                          494.0000   426162         
  47145 13659    infeasible                          494.0000   456794         
  47512 13616      741.0000   972                    494.0000   452161         
  47887 13659      993.0000   517                    494.0000   456923         
  48326 13905      741.0000   962                    494.0000   457719         
  48803 13903    infeasible                          494.0000   457824         
Elapsed time = 1153.95 sec. (634659.82 ticks, tree = 4121.35 MB, solutions = 0)
Nodefile size = 2014.88 MB (440.28 MB after compression)
  49284 14059    infeasible                          494.0000   463400         
  49742 14230    infeasible                          494.0000   468426         
  50150 14282      741.0000   932                    494.0000   471272         
  50512 14254    infeasible                          494.0000   468724         
  50909 14378    infeasible                          494.0000   473829         
  51315 14407    infeasible                          494.0000   474283         
  51688 14447      741.0000   932                    494.0000   475214         
  52042 14525      988.0000  1205                    494.0000   475915         
  52431 14524    infeasible                          494.0000   475989         
  52837 14693    infeasible                          494.0000   489751         
Elapsed time = 1216.24 sec. (672913.82 ticks, tree = 4369.22 MB, solutions = 0)
Nodefile size = 2276.97 MB (497.05 MB after compression)
  53283 14581      993.0000  1039                    494.0000   476354         
  53743 15057      742.0000  1261                    494.0000   505300         
  54209 15027      741.0000   923                    494.0000   505045         
  54615 15090      741.0000   915                    494.0000   505500         
  54993 15271      741.0000   924                    494.0000   511871         
  55379 15080      741.0000  1048                    494.0000   505876         
  55771 15466      988.0000  1158                    494.0000   512098         
  56150 15675      787.0000   875                    494.0000   519409         
  56521 15831    infeasible                          494.0000   518825         
  56893 15837      988.0000  1155                    494.0000   518869         
Elapsed time = 1282.61 sec. (711137.91 ticks, tree = 4731.07 MB, solutions = 0)
Nodefile size = 2642.62 MB (576.89 MB after compression)
  57365 15880      988.0000  1155                    494.0000   518877         
  57830 16086    infeasible                          494.0000   521943         
  58318 16151      993.0000  1012                    494.0000   522280         
  58797 16333    infeasible                          494.0000   530008         
  59186 16357      742.0000  1227                    494.0000   538498         
  59538 16614      989.0000  1030                    494.0000   545178         
  59900 16392      993.0000  1008                    494.0000   538887         
  60259 16942      751.0000   873                    494.0000   546631         
  60671 16946      742.0000  1228                    494.0000   547031         
  61095 17059      988.0000  1143                    494.0000   547141         
Elapsed time = 1348.15 sec. (749358.90 ticks, tree = 5116.71 MB, solutions = 0)
Nodefile size = 3029.82 MB (661.68 MB after compression)
  61518 17325      742.0000  1227                    494.0000   549065         
  62000 17256    infeasible                          494.0000   548765         
  62489 17491      742.0000  1228                    494.0000   552100         
  62943 17388      993.0000   918                    494.0000   549596         
  63416 17714      993.0000   616                    494.0000   552701         
  63827 17674      988.0000  1136                    494.0000   559904         
  64256 17962      741.0000  1365                    494.0000   573763         
  64659 17994    infeasible                          494.0000   573838         
  65004 18452      741.0000  1344                    494.0000   584308         
  65386 18396    infeasible                          494.0000   575058         
Elapsed time = 1413.81 sec. (787597.84 ticks, tree = 5539.55 MB, solutions = 0)
Nodefile size = 3437.40 MB (750.23 MB after compression)
  65741 18502    infeasible                          494.0000   586429         
  66126 18507      993.0000   902                    494.0000   586495         
  66587 18630      741.0000  1401                    494.0000   587706         
  67075 18896    infeasible                          494.0000   590545         
  67575 19140      743.0000  1208                    494.0000   605780         
  68048 19141    infeasible                          494.0000   605901         
  68434 19511    infeasible                          494.0000   615823         
  68814 19297      741.0000   970                    494.0000   608883         
  69205 19593      743.0000  1205                    494.0000   616458         
  69613 19597    infeasible                          494.0000   616768         
Elapsed time = 1476.79 sec. (825840.47 ticks, tree = 5916.32 MB, solutions = 0)
Nodefile size = 3828.61 MB (835.52 MB after compression)
  70063 19600      993.0000   898                    494.0000   616683         
  70489 20252      741.0000  1317                    494.0000   625557         
  70948 20304      741.0000  1190                    494.0000   625793         
  71421 20256    infeasible                          494.0000   625902         
  71869 20255    infeasible                          494.0000   626045         
  72372 20511      742.0000  1120                    494.0000   629234         
  72813 20676    infeasible                          494.0000   630387         
  73196 21019    infeasible                          494.0000   636239         
  73564 20803      993.0000   896                    494.0000   631415         
  73922 21294      741.0000   973                    494.0000   644905         
Elapsed time = 1539.93 sec. (864098.02 ticks, tree = 6452.94 MB, solutions = 0)
Nodefile size = 4365.39 MB (952.23 MB after compression)
  74303 21205      742.0000  1296                    494.0000   639001         
  74683 21334      742.0000   995                    494.0000   645203         
  75053 21483      741.0000  1429                    494.0000   649567         
  75512 21531      742.0000   991                    494.0000   648616         
  75990 21649      993.0000   894                    494.0000   649014         
  76467 21952      742.0000   984                    494.0000   654332         
  76924 21944      743.0000  1163                    494.0000   654458         
  77321 21946      988.0000  1113                    494.0000   654576         
  77714 21945      988.0000  1113                    494.0000   654623         
  78096 22576      742.0000  1315                    494.0000   663224         
Elapsed time = 1603.14 sec. (902374.05 ticks, tree = 6859.62 MB, solutions = 0)
Nodefile size = 4768.78 MB (1040.36 MB after compression)
  78472 22593    infeasible                          494.0000   663338         
  78881 22784      743.0000  1163                    494.0000   664208         
  79323 22816      742.0000   980                    494.0000   663995         
  79769 23130      742.0000   976                    494.0000   668682         
  80307 23193      743.0000  1161                    494.0000   668712         
  80812 23572      741.0000   970                    494.0000   676230         
  81337 23202      988.0000  1113                    494.0000   668910         
  81802 23587    infeasible                          494.0000   676441         
  82217 23714      743.0000  1284                    494.0000   678334         
  82648 23577      988.0000  1113                    494.0000   676685         
Elapsed time = 1665.35 sec. (940554.92 ticks, tree = 7171.72 MB, solutions = 0)
Nodefile size = 5083.69 MB (1112.79 MB after compression)
  83076 23848      741.0000   970                    494.0000   680543         
  83500 24260    infeasible                          494.0000   683577         
  83937 24110    infeasible                          494.0000   684784         
  84348 24496      993.0000   894                    494.0000   688548         
  84802 24463    infeasible                          494.0000   687349         
  85336 24496      993.0000   894                    494.0000   688670         
  85824 24508      988.0000  1109                    494.0000   689177         
  86322 24656      741.0000  1345                    494.0000   694211         
  86839 24789    infeasible                          494.0000   696756         
  87292 25088      742.0000  1284                    494.0000   700384         
Elapsed time = 1728.52 sec. (978823.03 ticks, tree = 7646.70 MB, solutions = 0)
Nodefile size = 5547.65 MB (1215.79 MB after compression)
  87701 25186    infeasible                          494.0000   703815         
  88069 25187      743.0000   929                    494.0000   703971         
  88436 25489      993.0000   894                    494.0000   707744         
  88841 25494    infeasible                          494.0000   707999         
  89251 25762      741.0000  1405                    494.0000   712529         
  89679 25765    infeasible                          494.0000   713152         
  90123 25937      783.0000  1295                    494.0000   717586         
  90616 25947    infeasible                          494.0000   718415         
  91126 26056      742.0000  1140                    494.0000   720879         
  91589 26225      742.0000  1330                    494.0000   721484         
Elapsed time = 1792.16 sec. (1017050.83 ticks, tree = 8000.21 MB, solutions = 0)
Nodefile size = 5905.16 MB (1296.18 MB after compression)
  92008 26377      743.0000  1158                    494.0000   725898         

Cover cuts applied:  254
Implied bound cuts applied:  2028
Mixed integer rounding cuts applied:  486
Zero-half cuts applied:  15
Gomory fractional cuts applied:  72

Root node processing (before b&c):
  Real time             =  116.32 sec. (92826.69 ticks)
Parallel b&c, 8 threads:
  Real time             = 1687.59 sec. (930996.28 ticks)
  Sync time (average)   =  235.62 sec.
  Wait time (average)   =    0.00 sec.
                          ------------
Total (root+branch&cut) = 1803.91 sec. (1023822.97 ticks)
! --------------------------------------------------------
! Problem is UNKNOWN
! CPLEX Status = AbortTimeLim
! --------------------------------------------------------
