! Solving for graph /home/truongxuanhieu/CPLEX-MIP-for-MinSpanLabeling/benchmarks/cabp/V-nos6.mtx.rnd
! Target value is set to 492
! Lower bound is set to 493
! Upper bound is set to 1013
! Time limit is set to 1800
! Vertices mode is set to Has hole
! Target value mode is set to Cyclic Antibandwidth
Version identifier: 22.2.0.0 | 2026-05-04 | 5dff98e58
CPXPARAM_TimeLimit                               1800
Tried aggregator 2 times.
MIP Presolve eliminated 1293 rows and 1859 columns.
MIP Presolve modified 683943 coefficients.
Aggregator did 4602 substitutions.
Reduced MIP has 9824 rows, 690453 columns, and 1389375 nonzeros.
Reduced MIP has 685233 binaries, 1966 generals, 0 SOSs, and 3254 indicators.
Presolve time = 3.03 sec. (3248.95 ticks)
Probing time = 3.71 sec. (1100.33 ticks)
Tried aggregator 1 time.
Detecting symmetries...
Reduced MIP has 9824 rows, 690453 columns, and 1389375 nonzeros.
Reduced MIP has 685233 binaries, 2640 generals, 0 SOSs, and 3254 indicators.
Presolve time = 3.50 sec. (999.95 ticks)
Probing time = 0.69 sec. (142.81 ticks)
Clique table members: 119573.
MIP emphasis: balance optimality and feasibility.
MIP search method: dynamic search.
Parallel mode: deterministic, using up to 8 threads.
Root relaxation solution time = 16.83 sec. (6467.00 ticks)

        Nodes                                         Cuts/
   Node  Left     Objective  IInf  Best Integer    Best Bound    ItCnt     Gap

      0     0      984.0000  1324                    984.0000        9         
      0     0      984.0000  2566               MIRcuts: 2556      711         
      0     0      984.0000  1779                  Cuts: 1622     2050         
      0     0      984.0000  1878                  Cuts: 2556     3428         
Detecting symmetries...
      0     2      984.0000  1213                    984.0000     3428         
Elapsed time = 193.80 sec. (128961.40 ticks, tree = 0.02 MB, solutions = 0)
      3     5      984.0000  1135                    984.0000     3543         
      6     8      984.0000  1180                    984.0000     3647         
     11     4      984.0000  1203                    984.0000     3458         
     14    13      984.0000  1334                    984.0000     4147         
     23    15      984.0000  1494                    984.0000     4137         
     36    20      984.0000  1303                    984.0000     4377         
     55    36      984.0000  1592                    984.0000     6701         
     73    52      984.0000  1279                    984.0000     7699         
     90    76      984.0000  1360                    984.0000     8331         
    165   144      984.0000  1234                    984.0000    10476         
Elapsed time = 201.04 sec. (132202.64 ticks, tree = 22.77 MB, solutions = 0)
    246   219      984.0000  1237                    984.0000    13163         
    296   259      984.0000  1183                    984.0000    15015         
    320   286      984.0000  1298                    984.0000    17756         
    393   322      984.0000  1194                    984.0000    19206         
    474   371      984.0000  1228                    984.0000    20212         
    564   474      985.0000  1141                    984.0000    20861         
    626   533      985.0000  1165                    984.0000    21157         
    668   567      984.0000  1258                    984.0000    21454         
    741   621      984.0000  1221                    984.0000    21699         
    827   660      984.0000  1120                    984.0000    21878         
Elapsed time = 221.02 sec. (141999.88 ticks, tree = 172.95 MB, solutions = 0)
    912   741      984.0000  1119                    984.0000    22487         
    998   767      985.0000  1141                    984.0000    22656         
   1092   815      984.0000  1146                    984.0000    23174         
   1153   854      984.0000  1170                    984.0000    23554         
   1236   932    infeasible                          984.0000    24497         
   1317   955      984.0000  1167                    984.0000    24806         
   1367  1034    infeasible                          984.0000    25816         
   1375  1031      998.0000   997                    984.0000    26096         
   1379   991      998.0000   959                    984.0000    25522         
   1398  1040      998.0000  1028                    984.0000    27092         
Elapsed time = 290.45 sec. (165473.32 ticks, tree = 297.23 MB, solutions = 0)
   1456  1035      997.0000   938                    984.0000    26298         
   1549  1044    infeasible                          984.0000    28123         
   1640  1156    infeasible                          984.0000    30056         
   1725  1186      998.0000   954                    984.0000    30241         
   1809  1241    infeasible                          984.0000    30441         
   1897  1258    infeasible                          984.0000    30614         
   1983  1351     1012.0000   988                    984.0000    31558         
   2082  1334    infeasible                          984.0000    31396         
   2194  1364    infeasible                          984.0000    31854         
   2314  1363    infeasible                          984.0000    31776         
Elapsed time = 309.21 sec. (175135.78 ticks, tree = 406.56 MB, solutions = 0)
   2439  1382      984.0000  1132                    984.0000    32211         
   2560  1378    infeasible                          984.0000    32187         
   2665  1392      997.0000   877                    984.0000    32375         
   2759  1422    infeasible                          984.0000    32649         
   2852  1426    infeasible                          984.0000    32682         
   2945  1450      997.0000   877                    984.0000    33015         
   3035  1477      998.0000   846                    984.0000    33285         
   3131  1499      997.0000   877                    984.0000    33618         
   3234  1522      997.0000   875                    984.0000    34095         
   3357  1516      998.0000   910                    984.0000    33968         
Elapsed time = 323.97 sec. (184754.87 ticks, tree = 453.74 MB, solutions = 0)
   3485  1521    infeasible                          984.0000    34152         
   3604  1538      984.0000  1125                    984.0000    34361         
   3713  1542      985.0000   974                    984.0000    34508         
   3802  1553      984.0000  1125                    984.0000    34612         
   3893  1566      999.0000   915                    984.0000    34657         
   3983  1584      984.0000  1145                    984.0000    35091         
   4077  1591    infeasible                          984.0000    35164         
   4173  1658      998.0000   962                    984.0000    35578         
   4266  1681    infeasible                          984.0000    35959         
   4379  1737    infeasible                          984.0000    36324         
Elapsed time = 338.64 sec. (194357.49 ticks, tree = 525.09 MB, solutions = 0)
   4494  1782    infeasible                          984.0000    36436         
   4607  1783      998.0000   836                    984.0000    36445         
   4718  1831      997.0000   817                    984.0000    36897         
   4815  1883      984.0000  1074                    984.0000    37486         
   4907  1886      984.0000  1074                    984.0000    37517         
   4995  1973      985.0000   943                    984.0000    37880         
   5083  1977      984.0000  1074                    984.0000    38028         
   5155  2076      985.0000   944                    984.0000    38617         
   5246  2081      999.0000   876                    984.0000    38827         
   5350  2083      984.0000  1089                    984.0000    38727         
Elapsed time = 354.38 sec. (203963.15 ticks, tree = 640.52 MB, solutions = 0)
   5452  2107    infeasible                          984.0000    39142         
   5557  2127      999.0000   848                    984.0000    39307         
   5661  2170     1012.0000   841                    984.0000    39723         
   5737  2174    infeasible                          984.0000    39922         
   5827  2210      984.0000  1017                    984.0000    40133         
   5921  2213      984.0000  1017                    984.0000    40230         
   6016  2224      998.0000   940                    984.0000    40455         
   6106  2249      997.0000   787                    984.0000    40902         
   6193  2253      984.0000  1017                    984.0000    40876         
   6286  2255    infeasible                          984.0000    41154         
Elapsed time = 370.34 sec. (213571.03 ticks, tree = 694.86 MB, solutions = 0)
   6386  2275     1012.0000   832                    984.0000    41443         
   6480  2283      985.0000   943                    984.0000    41648         
   6597  2300      997.0000   785                    984.0000    41888         
   6702  2312    infeasible                          984.0000    42187         
   6805  2309    infeasible                          984.0000    42164         
   6897  2314    infeasible                          984.0000    42359         
   6996  2312    infeasible                          984.0000    42235         
   7087  2315      999.0000   850                    984.0000    42551         
   7169  2318      998.0000   942                    984.0000    42710         
   7263  2316    infeasible                          984.0000    42626         
Elapsed time = 387.16 sec. (223198.45 ticks, tree = 709.97 MB, solutions = 0)
   7360  2319    infeasible                          984.0000    42833         
   7461  2323    infeasible                          984.0000    42997         
   7578  2324      998.0000   856                    984.0000    43006         
   7697  2324      998.0000   856                    984.0000    43015         
   7821  2330    infeasible                          984.0000    43243         
   7908  2338      998.0000   856                    984.0000    43450         
   8001  2338      998.0000   856                    984.0000    43468         
   8088  2350     1012.0000   829                    984.0000    43694         
   8186  2350      998.0000   928                    984.0000    43794         
   8558  2366      997.0000   785                    984.0000    44390         
Elapsed time = 409.22 sec. (235754.41 ticks, tree = 719.37 MB, solutions = 0)
   8989  2380     1012.0000   820                    984.0000    44754         
   9385  2407    infeasible                          984.0000    45352         
   9701  2448    infeasible                          984.0000    46164         
  10086  2471     1012.0000   820                    984.0000    46704         
  10551  2491      997.0000   787                    984.0000    47383         
  10873  2532      998.0000   788                    984.0000    48983         
  11240  2561      998.0000   816                    984.0000    49327         
  11647  2635      998.0000   785                    984.0000    50337         
  12108  2650    infeasible                          984.0000    50690         
  12468  2671    infeasible                          984.0000    51159         
Elapsed time = 479.00 sec. (273961.39 ticks, tree = 802.92 MB, solutions = 0)
  12821  2686      998.0000   898                    984.0000    51655         
  13242  2708    infeasible                          984.0000    52269         
  13700  2734     1012.0000   800                    984.0000    52703         
  14083  2769      998.0000   876                    984.0000    53184         
  14429  2788      998.0000   870                    984.0000    53743         
  14763  2798      999.0000   764                    984.0000    54226         
  15173  2824      985.0000   891                    984.0000    55156         
  15627  2847      997.0000   737                    984.0000    55609         
  15986  2862      985.0000   888                    984.0000    55937         
  16357  2894    infeasible                          984.0000    56421         
Elapsed time = 547.09 sec. (312186.14 ticks, tree = 859.98 MB, solutions = 0)
  16672  2959      985.0000   936                    984.0000    57661         
  17118  2977      999.0000   734                    984.0000    57868         
  17531  3121    infeasible                          984.0000    62885         
  17675  3180      998.0000   909                    984.0000    64221         
  17830  3280    infeasible                          984.0000    65983         
  18172  3316      997.0000   714                    984.0000    67616         
  18547  3398    infeasible                          984.0000    68612         
  18929  3398    infeasible                          984.0000    68704         
  19368  3469     1000.0000   855                    984.0000    70668         
  19822  3616      998.0000   809                    984.0000    72238         
Elapsed time = 670.74 sec. (362902.72 ticks, tree = 1091.72 MB, solutions = 0)
  20284  3689      998.0000   808                    984.0000    72240         
  20716  3782      997.0000   714                    984.0000    72754         
  21173  4075    infeasible                          984.0000    73977         
  21643  3991    infeasible                          984.0000    73916         
  22166  4134      984.0000   998                    984.0000    74948         
  22614  4167    infeasible                          984.0000    75582         
  22979  4165      984.0000  1019                    984.0000    75647         
  23316  4283    infeasible                          984.0000    77150         
  23660  4302    infeasible                          984.0000    78122         
  24018  4366    infeasible                          984.0000    78483         
Elapsed time = 737.30 sec. (401134.08 ticks, tree = 1330.21 MB, solutions = 0)
  24384  4421    infeasible                          984.0000    79646         
  24878  4426      984.0000  1005                    984.0000    79562         
  25225  4540      984.0000   983                    984.0000    81361         
  25564  4532    infeasible                          984.0000    81251         
  25873  4637    infeasible                          984.0000    82645         
  26227  4630      998.0000   557                    984.0000    82380         
  26593  4746     1007.0000   548                    984.0000    83592         
  26991  4871      997.0000   664                    984.0000    83881         
  27437  4861      998.0000   637                    984.0000    84114         
  27891  4865      984.0000   984                    984.0000    84412         
Elapsed time = 803.35 sec. (439379.15 ticks, tree = 1485.84 MB, solutions = 0)
  28279  5049      984.0000   984                    984.0000    85989         
  28621  5091    infeasible                          984.0000    86331         
  28993  5294      999.0000   583                    984.0000    87318         
  29424  5349    infeasible                          984.0000    87854         
  29862  5708      998.0000   836                    984.0000    88776         
  30336  5710    infeasible                          984.0000    88685         
  30867  5713      998.0000   635                    984.0000    88742         
  31402  5933      998.0000   802                    984.0000    90450         
  31902  6103     1000.0000   795                    984.0000    92172         
  32307  6283     1004.0000  1055                    984.0000    92695         
Elapsed time = 866.55 sec. (477591.99 ticks, tree = 1955.92 MB, solutions = 0)
  32671  6152      998.0000   603                    984.0000    92758         
  33025  6458    infeasible                          984.0000    93445         
  33365  6637    infeasible                          984.0000    94288         
  33720  6639      999.0000   513                    984.0000    94624         
  34102  6701      998.0000   459                    984.0000    95198         
  34529  6773      998.0000   598                    984.0000    96913         
  34983  7049      998.0000   485                    984.0000    99613         
  35393  7094      998.0000   419                    984.0000    99865         
  35742  7432    infeasible                          984.0000   102777         
  36105  7234     1000.0000   789                    984.0000   102206         
Elapsed time = 930.31 sec. (515836.44 ticks, tree = 2268.77 MB, solutions = 0)
Nodefile size = 175.45 MB (42.02 MB after compression)
  36378  7552    infeasible                          984.0000   103372         
  36475  7553      999.0000   505                    984.0000   103453         
  36483  7558      998.0000   318                    984.0000   103645         
  36526  7719      998.0000   318                    984.0000   104926         
  36570  7719      998.0000   318                    984.0000   104970         
  36612  7724     1000.0000   746                    984.0000   105272         
  36791  7731      998.0000   318                    984.0000   105181         
  37094  7747      998.0000   392                    984.0000   105599         
  37439  7729      999.0000   468                    984.0000   105914         
  37835  7794      998.0000   240                    984.0000   107320         
Elapsed time = 1044.52 sec. (556608.01 ticks, tree = 2454.15 MB, solutions = 0)
Nodefile size = 346.84 MB (82.90 MB after compression)
  38249  7872      998.0000   653                    984.0000   108795         
  38616  8332      999.0000   350                    984.0000   111690         
* 38632  8138      integral     0     1004.0000      984.0000   110599    1.99%
* 38880+ 7243                          998.0000      984.0000             1.40%
  38986  7210      984.0000  1195      998.0000      984.0000   113745    1.40%
  39347  8448    infeasible            998.0000      984.0000   113062    1.40%
  39734  3802      984.0000   914      998.0000      984.0000   116594    1.40%
  40076  3862      984.0000   894      998.0000      984.0000   115376    1.40%
  40283  4073      993.0000  1077      998.0000      984.0000   127938    1.40%

Performing restart 1

Repeating presolve.
Tried aggregator 1 time.
MIP Presolve eliminated 0 rows and 1713 columns.
Reduced MIP has 9824 rows, 688740 columns, and 1385949 nonzeros.
Reduced MIP has 683520 binaries, 2640 generals, 0 SOSs, and 3254 indicators.
Presolve time = 1.58 sec. (853.83 ticks)
Tried aggregator 1 time.
Reduced MIP has 9824 rows, 688740 columns, and 1385949 nonzeros.
Reduced MIP has 683520 binaries, 2640 generals, 0 SOSs, and 3254 indicators.
Presolve time = 2.83 sec. (967.89 ticks)
Represolve time = 10.40 sec. (3621.20 ticks)
* 40305+    0                          996.0000      984.0000             1.20%
  40305     0      984.0000  2843      996.0000    Cuts: 2556   144093    1.20%
  40305     0      984.0000  3686      996.0000    Cuts: 2556   149683    1.20%
  40305     0      984.0000  3888      996.0000    Cuts: 2556   154991    1.20%
  40305     0      984.0000  3574      996.0000    Cuts: 2556   161284    1.20%
  40305     0      984.0000  3481      996.0000    Cuts: 2556   167534    1.20%
  40305     0      984.0000  3667      996.0000    Cuts: 2556   174437    1.20%
* 40305+    0                          991.0000      984.0000             0.71%
  40305     0  -1.00000e+75     0      991.0000      984.0000   174437    0.71%
  40305     2      984.0000  2561      991.0000      984.0000   175120    0.71%
  40325    21      985.0000  2023      991.0000      984.0000   175889    0.71%
* 40368+    7                          990.0000      984.0000             0.61%
  40431    88      985.0000  2294      990.0000      984.0000   194568    0.61%
Elapsed time = 1599.07 sec. (1042488.32 ticks, tree = 12.66 MB, solutions = 5)
  40629   248      986.0000  2141      990.0000      984.0000   200277    0.61%
  40903   402      985.0000  1802      990.0000      984.0000   205153    0.61%
  41205   618      989.0000  1739      990.0000      984.0000   207478    0.61%
Starting limited solution polishing.
  41223   747    infeasible            990.0000      984.0000   209675    0.61%
  41227   749    infeasible            990.0000      984.0000   210025    0.61%
  41234   750    infeasible            990.0000      984.0000   212662    0.61%
  41282   762      986.0000  1685      990.0000      984.0000   212918    0.61%
  41342   762      986.0000  1685      990.0000      984.0000   212949    0.61%
  41393   777      987.0000  1657      990.0000      984.0000   213365    0.61%
  41510   795      989.0000  1600      990.0000      984.0000   214669    0.61%
Elapsed time = 1797.86 sec. (1112237.83 ticks, tree = 208.52 MB, solutions = 5)

GUB cover cuts applied:  4
Clique cuts applied:  19
Cover cuts applied:  286
Implied bound cuts applied:  627
Flow cuts applied:  76
Mixed integer rounding cuts applied:  1881
Zero-half cuts applied:  22
Gomory fractional cuts applied:  61

Root node processing (before b&c):
  Real time             =  192.22 sec. (128507.73 ticks)
Parallel b&c, 8 threads:
  Real time             = 1608.63 sec. (988397.55 ticks)
  Sync time (average)   =  175.66 sec.
  Wait time (average)   =    0.46 sec.
                          ------------
Total (root+branch&cut) = 1800.84 sec. (1116905.28 ticks)
! --------------------------------------------------------
! Status: FEASIBLE (time limit or other stopping criterion reached)
! Best span = 990
! Labeling: 493 493 493 1 493 1 1 493 493 1 1 493 2 1 1 493 1 493 1 493 493 986 493 1 493 493 985 1 493 1 493 493 1 1 1 493 1 493 493 2 493 1 493 1 493 493 1 493 493 986 493 493 494 1 1 1 1 493 1 985 493 1 1 494 494 1 1 2 2 493 493 493 493 1 985 494 494 493 1 493 493 2 1 1 493 1 986 986 1 493 494 493 1 493 1 1 493 494 493 493 985 493 494 493 493 493 493 1 493 493 493 493 493 493 493 1 493 1 1 1 1 493 1 985 493 494 493 1 985 1 493 494 493 985 493 985 986 493 493 1 985 493 493 1 1 2 493 493 2 493 1 494 1 494 1 1 493 493 493 1 985 2 1 1 498 493 1 493 493 1 1 986 493 1 1 493 494 493 493 493 493 985 1 985 493 985 1 986 493 1 1 985 1 494 1 981 986 494 493 494 985 985 1 985 493 1 1 1 1 1 1 1 986 1 1 493 494 494 1 493 493 1 1 493 493 1 1 1 493 493 493 985 986 1 1 494 986 493 985 493 493 493 494 493 1 493 493 1 985 493 1 1 493 493 493 494 493 493 493 493 1 493 985 493 1 494 494 493 493 493 1 985 985 493 1 493 493 493 985 1 494 990 986 493 1 1 1 1 1 493 493 1 493 986 493 985 985 985 1 985 493 494 986 493 1 985 985 493 1 493 494 493 2 493 494 987 986 985 2 493 1 1 1 493 493 985 493 1 493 489 492 493 1 1 493 493 493 493 985 2 493 985 494 493 493 1 494 493 985 498 1 493 494 1 1 493 493 493 493 494 2 1 493 493 493 1 493 493 985 985 493 986 1 493 493 493 493 1 493 494 493 494 1 493 493 493 493 493 1 1 493 493 493 1 1 986 985 494 493 1 1 494 493 986 493 493 1 1 985 493 985 494 493 498 1 1 493 1 493 1 2 493 493 493 1 986 493 493 1 493 494 1 493 493 1 494 493 493 493 1 493 1 1 493 493 2 496 493 1 1 493 1 985 1 493 493 493 493 493 1 494 1 1 1 2 1 985 1 1 493 2 493 493 494 493 493 493 1 1 493 1 1 493 493 493 1 493 1 987 493 493 1 2 985 493 494 493 986 494 493 1 1 494 1 1 1 1 493 986 493 986 1 2 489 493 494 493 493 985 1 494 493 1 1 494 985 494 1 1 2 493 1 1 1 985 2 1 1 493 1 1 494 493 1 986 1 1 985 493 493 1 1 493 493 493 493 493 1 493 986 493 1 493 1 493 2 1 986 493 1 1 493 1 1 489 493 493 1 1 493 494 1 493 493 1 986 493 985 488 493 493 494 493 1 497 499 1 985 1 985 493 493 493 493 1 985 1 1 1 493 493 1 1 493 499 985 1 493 493 1 1 494 1 494 493 493 986 1 1 1 493 1 986 1 493 493 1 494 1 1 1 985 985 985 493 493 1 1 985 494 985 1 1 1 493 493 1 493 493 1 1 987 493 985 985 985 493 493 1 493 1 493 493 493 494 
! --------------------------------------------------------
! All verification passed
