! Solving for graph /home/truongxuanhieu/CPLEX-MIP-for-MinSpanLabeling/benchmarks/cabp/W-685_bus.mtx.rnd
! Target value is set to 171
! Lower bound is set to 172
! Upper bound is set to 1028
! Time limit is set to 1800
! Vertices mode is set to Has hole
! Target value mode is set to Cyclic Antibandwidth
Version identifier: 22.2.0.0 | 2026-05-04 | 5dff98e58
CPXPARAM_TimeLimit                               1800
Tried aggregator 2 times.
MIP Presolve eliminated 1283 rows and 1884 columns.
MIP Presolve modified 704351 coefficients.
Aggregator did 4619 substitutions.
Reduced MIP has 9837 rows, 710850 columns, and 1430163 nonzeros.
Reduced MIP has 705633 binaries, 1968 generals, 0 SOSs, and 3249 indicators.
Presolve time = 3.02 sec. (3353.56 ticks)
Probing time = 2.73 sec. (1084.54 ticks)
Tried aggregator 2 times.
Detecting symmetries...
Aggregator did 28 substitutions.
Reduced MIP has 9809 rows, 710822 columns, and 1430135 nonzeros.
Reduced MIP has 705633 binaries, 2625 generals, 0 SOSs, and 3249 indicators.
Presolve time = 3.33 sec. (1205.42 ticks)
Probing time = 0.58 sec. (140.95 ticks)
Clique table members: 113158.
MIP emphasis: balance optimality and feasibility.
MIP search method: dynamic search.
Parallel mode: deterministic, using up to 8 threads.
Root relaxation solution time = 15.83 sec. (6308.05 ticks)

        Nodes                                         Cuts/
   Node  Left     Objective  IInf  Best Integer    Best Bound    ItCnt     Gap

      0     0      342.0000  1423                    342.0000        9         
      0     0      342.0000  2317                  Cuts: 2552     2040         
      0     0      342.0000  2317                  Cuts: 2552     3871         
      0     2      342.0000  2088                    342.0000     3871         
Elapsed time = 200.07 sec. (149210.67 ticks, tree = 0.02 MB, solutions = 0)
      3     5      342.0000  2061                    342.0000     3885         
      6     8      342.0000  2034                    342.0000     3906         
      9    11      342.0000  2008                    342.0000     3964         
     13     6      342.0000  2050                    342.0000     3886         
     21    15      342.0000  2398                    342.0000     5227         
     35    21      342.0000  2192                    342.0000     5343         
     54    25      342.0000  2240                    342.0000     7711         
     79    55      342.0000  2223                    342.0000    12944         
    101    72      342.0000  2170                    342.0000    14315         
    178   164      342.0000  2080                    342.0000    14975         
Elapsed time = 207.56 sec. (152565.00 ticks, tree = 27.70 MB, solutions = 0)
    237   206      513.0000  1956                    342.0000    20981         
    305   250      342.0000  2139                    342.0000    25708         
    378   351      342.0000  2077                    342.0000    30793         
    459   396      342.0000  2062                    342.0000    31850         
    499   460      514.0000  1780                    342.0000    36432         
    537   477      343.0000  2038                    342.0000    39124         
    594   538      514.0000  1753                    342.0000    42606         
    631   587      514.0000  1765                    342.0000    45443         
    670   616      514.0000  1785                    342.0000    46612         
    703   654      684.0000  1679                    342.0000    48376         
Elapsed time = 228.39 sec. (162255.31 ticks, tree = 172.94 MB, solutions = 0)
    744   662      684.0000  1630                    342.0000    49046         
    791   714      514.0000  1774                    342.0000    49465         
    846   776      684.0000  1621                    342.0000    52412         
    878   782      684.0000  1615                    342.0000    52465         
    887   843    infeasible                          342.0000    53172         
    890   786      514.0000  1737                    342.0000    52574         
    900   868      342.0000  2160                    342.0000    54701         
    919   870      513.0000  2159                    342.0000    56835         
    964   892      684.0000  1630                    342.0000    55282         
   1016   904      685.0000  1517                    342.0000    58691         
Elapsed time = 287.25 sec. (183850.15 ticks, tree = 254.69 MB, solutions = 0)
   1083   915      514.0000  1585                    342.0000    59075         
   1143   937      685.0000  1480                    342.0000    59053         
   1216  1032      514.0000  1873                    342.0000    65891         
   1283  1016      514.0000  1879                    342.0000    65780         
   1335  1258      514.0000  1574                    342.0000    70403         
   1400  1213      514.0000  1839                    342.0000    69780         
   1489  1311      685.0000  1461                    342.0000    70963         
   1566  1424      685.0000  1426                    342.0000    73147         
   1655  1354      685.0000  1491                    342.0000    71595         
   1737  1560      685.0000  1428                    342.0000    75106         
Elapsed time = 309.57 sec. (193489.71 ticks, tree = 479.94 MB, solutions = 0)
   1803  1652      514.0000  1763                    342.0000    76074         
   1873  1745      685.0000  1565                    342.0000    76994         
   1952  1702      685.0000  1392                    342.0000    76661         
   2021  1805      685.0000  1406                    342.0000    77894         
   2092  1848      856.0000  1349                    342.0000    78593         
   2159  2022      685.0000  1377                    342.0000    80913         
   2190  2028      685.0000  1378                    342.0000    80977         
   2230  2106      514.0000  1746                    342.0000    81741         
   2298  2178      685.0000  1370                    342.0000    82373         
   2364  2170      685.0000  1511                    342.0000    82340         
Elapsed time = 328.36 sec. (203151.47 ticks, tree = 689.53 MB, solutions = 0)
   2429  2222      856.0000  1299                    342.0000    82646         
   2533  2367    infeasible                          342.0000    84157         
   2704  2329    infeasible                          342.0000    83933         
   2856  2384      856.0000  1298                    342.0000    84231         
   2969  2494      685.0000  1308                    342.0000    85883         
   3065  2416    infeasible                          342.0000    84530         
   3142  2566      685.0000  1309                    342.0000    88684         
   3227  2546      514.0000  1615                    342.0000    87686         
   3299  2666    infeasible                          342.0000    93654         
   3367  2661     1027.0000  1235                    342.0000    94489         
Elapsed time = 346.13 sec. (212742.67 ticks, tree = 856.46 MB, solutions = 0)
   3459  2697      685.0000  1469                    342.0000    93826         
   3545  2722      685.0000  1295                    342.0000    94359         
   3626  2772     1025.0000  1272                    342.0000    96680         
   3725  2810      685.0000  1463                    342.0000    96910         
   3836  2867      685.0000  1291                    342.0000    99002         
   3924  2929      685.0000  1285                    342.0000    99272         
   4005  2968      685.0000  1289                    342.0000   101733         
   4070  2959      685.0000  1270                    342.0000   100110         
   4157  2969      514.0000  1591                    342.0000   101583         
   4258  3045    infeasible                          342.0000   104992         
Elapsed time = 364.75 sec. (222408.82 ticks, tree = 987.43 MB, solutions = 0)
   4329  3029    infeasible                          342.0000   103493         
   4402  3096     1022.0000  1266                    342.0000   107520         
   4484  3103      685.0000  1285                    342.0000   107351         
   4575  3110      514.0000  1595                    342.0000   107669         
   4674  3140      685.0000  1268                    342.0000   108827         
   4776  3156    infeasible                          342.0000   110364         
   4881  3167     1022.0000  1321                    342.0000   111181         
   4995  3177      685.0000  1283                    342.0000   111183         
   5112  3192    infeasible                          342.0000   112976         
   5205  3192    infeasible                          342.0000   113012         
Elapsed time = 381.85 sec. (232025.89 ticks, tree = 1033.77 MB, solutions = 0)
   5297  3192    infeasible                          342.0000   113048         
   5382  3208    infeasible                          342.0000   114241         
   5474  3255    infeasible                          342.0000   118315         
   5567  3255    infeasible                          342.0000   118344         
   5656  3266      685.0000  1441                    342.0000   118862         
   5750  3293    infeasible                          342.0000   121977         
   5855  3293    infeasible                          342.0000   122013         
   5961  3354      514.0000  1589                    342.0000   124254         
   6068  3372    infeasible                          342.0000   124556         
   6185  3353    infeasible                          342.0000   124272         
Elapsed time = 396.70 sec. (241619.96 ticks, tree = 1084.69 MB, solutions = 0)
   6299  3411      685.0000  1280                    342.0000   126924         
   6402  3411      685.0000  1272                    342.0000   127141         
   6482  3423      685.0000  1288                    342.0000   128008         
   6570  3438      685.0000  1248                    342.0000   128844         
   6653  3474      685.0000  1288                    342.0000   131839         
   6735  3463      514.0000  1484                    342.0000   131022         
   6831  3462    infeasible                          342.0000   131013         
   6915  3533      685.0000  1288                    342.0000   136225         
   6998  3529      514.0000  1484                    342.0000   135755         
   7415  3621      856.0000  1194                    342.0000   140851         
Elapsed time = 416.49 sec. (254121.84 ticks, tree = 1172.03 MB, solutions = 0)
   7815  3661      685.0000  1271                    342.0000   144104         
   8165  3750    infeasible                          342.0000   151490         
   8551  3778    infeasible                          342.0000   152962         
   9021  3808      685.0000  1270                    342.0000   156414         
   9411  3915      856.0000  1187                    342.0000   162848         
   9773  3988      685.0000  1266                    342.0000   165716         
  10218  4025    infeasible                          342.0000   167862         
  10647  4039      685.0000  1265                    342.0000   169173         
  11012  4115    infeasible                          342.0000   173974         
  11375  4171    infeasible                          342.0000   178028         
Elapsed time = 477.83 sec. (292328.55 ticks, tree = 1341.30 MB, solutions = 0)
  11770  4214    infeasible                          342.0000   178870         
  12175  4222      514.0000  1578                    342.0000   179754         
  12539  4270    infeasible                          342.0000   182694         
  12906  4311    infeasible                          342.0000   185210         
  13284  4373    infeasible                          342.0000   189254         
  13692  4398      685.0000  1249                    342.0000   190743         
  14068  4470      514.0000  1574                    342.0000   195399         
  14463  4534    infeasible                          342.0000   198383         
  14898  4619      856.0000  1181                    342.0000   198577         
  15274  4805      856.0000  1181                    342.0000   199344         
Elapsed time = 548.37 sec. (330561.15 ticks, tree = 1541.98 MB, solutions = 0)
  15641  5033      514.0000  1407                    342.0000   200056         
  16083  5226      856.0000  1152                    342.0000   200969         
  16529  5225    infeasible                          342.0000   201004         
  16900  5368      685.0000  1186                    342.0000   201879         
  17259  5390    infeasible                          342.0000   202480         
  17612  5534    infeasible                          342.0000   203527         
  18044  5602      685.0000  1214                    342.0000   203604         
  18474  5730    infeasible                          342.0000   204873         
  18843  5807      685.0000  1336                    342.0000   206865         
  19166  5850    infeasible                          342.0000   209695         
Elapsed time = 615.52 sec. (368807.16 ticks, tree = 1887.29 MB, solutions = 0)
  19521  5931      685.0000  1223                    342.0000   213872         
  19841  5935      685.0000  1223                    342.0000   214185         
  20229  5974    infeasible                          342.0000   218100         
  20651  5979      685.0000  1326                    342.0000   218119         
  21066  6088      968.0000  1156                    342.0000   225442         
  21407  6096      685.0000  1221                    342.0000   225814         
  21770  6106    infeasible                          342.0000   226350         
  22086  6181    infeasible                          342.0000   232369         
  22456  6219    infeasible                          342.0000   234539         
  22878  6261      685.0000  1374                    342.0000   236903         
Elapsed time = 679.49 sec. (406999.69 ticks, tree = 2010.51 MB, solutions = 0)
  23306  6301    infeasible                          342.0000   238977         
  23669  6369      685.0000  1317                    342.0000   242599         
  24055  6393      856.0000  1128                    342.0000   243460         
  24443  6408    infeasible                          342.0000   244652         
  24811  6528      685.0000  1147                    342.0000   246687         
  25223  6664      685.0000  1146                    342.0000   247388         
  25731  6765    infeasible                          342.0000   247810         
  26228  6765      685.0000  1173                    342.0000   248216         
  26672  6795    infeasible                          342.0000   248795         
  27043  6820    infeasible                          342.0000   248977         
Elapsed time = 750.29 sec. (445261.37 ticks, tree = 2182.88 MB, solutions = 0)
Nodefile size = 105.65 MB (25.19 MB after compression)
  27434  6824    infeasible                          342.0000   249305         
  27810  6932      855.0000  1213                    342.0000   250715         
  28147  6957    infeasible                          342.0000   251387         
  28540  6986      685.0000  1313                    342.0000   251945         
  28966  7037    infeasible                          342.0000   252861         
  29449  7053      685.0000  1299                    342.0000   253442         
  29933  7136    infeasible                          342.0000   254276         
  30258  7189      514.0000  1996                    342.0000   259906         
  30549  7201    infeasible                          342.0000   260476         
  30936  7439      684.0000  1793                    342.0000   288426         
Elapsed time = 815.60 sec. (483505.35 ticks, tree = 2373.64 MB, solutions = 0)
Nodefile size = 281.95 MB (67.54 MB after compression)
  31365  7484    infeasible                          342.0000   291334         
  31812  7627      685.0000  1708                    342.0000   299660         
  32256  7656    infeasible                          342.0000   299723         
  32729  8096      514.0000  1648                    342.0000   307767         
  33202  8120      514.0000  1854                    342.0000   308831         
  33600  8148      685.0000  1661                    342.0000   309185         
  33944  8289    infeasible                          342.0000   310612         
  34333  8290      856.0000  1095                    342.0000   310568         
  34737  8385      685.0000  1658                    342.0000   312421         
  35124  8664      685.0000  1611                    342.0000   314081         
Elapsed time = 879.99 sec. (521798.13 ticks, tree = 2770.50 MB, solutions = 0)
Nodefile size = 686.48 MB (165.55 MB after compression)
  35536  8694      514.0000  1751                    342.0000   317159         
  35998  8694      685.0000  1409                    342.0000   314957         
  36517  8787      685.0000  1400                    342.0000   319738         
  36953  8942      513.0000  1893                    342.0000   323746         
  37382  8812    infeasible                          342.0000   320147         
  37779  9091    infeasible                          342.0000   326103         
  38173  9185      685.0000  1569                    342.0000   328368         
  38601  9135      685.0000  1477                    342.0000   326374         
  39030  9176      856.0000  1484                    342.0000   329393         
  39447  9377      685.0000  1563                    342.0000   331814         
Elapsed time = 941.60 sec. (560034.82 ticks, tree = 2998.65 MB, solutions = 0)
Nodefile size = 895.81 MB (216.21 MB after compression)
  39872  9391      856.0000  1451                    342.0000   332229         
  40313  9342    infeasible                          342.0000   332266         
  40833  9537    infeasible                          342.0000   335114         
  41223  9644    infeasible                          342.0000   335342         
  41603  9893    infeasible                          342.0000   339191         
  41979 10021      684.0000  1662                    342.0000   341240         
  42352  9916      685.0000  1233                    342.0000   339497         
  42706 10114      685.0000  1446                    342.0000   351456         
  43105 10268      685.0000  1704                    342.0000   353480         
  43532 10100      685.0000  1233                    342.0000   351462         
Elapsed time = 1004.09 sec. (598228.01 ticks, tree = 3240.04 MB, solutions = 0)
Nodefile size = 1150.74 MB (279.97 MB after compression)
  43928 10265    infeasible                          342.0000   362765         
  44337 10528      684.0000  1582                    342.0000   366788         
  44792 10492      685.0000  1329                    342.0000   366697         
  45287 10492      856.0000  1039                    342.0000   366939         
  45751 10656      856.0000  1410                    342.0000   371557         
  46183 10646      685.0000  1325                    342.0000   371563         
  46597 10648    infeasible                          342.0000   371890         
  46986 10814    infeasible                          342.0000   374280         
  47346 10818      856.0000  1039                    342.0000   374638         
  47726 10999      685.0000  1583                    342.0000   377856         
Elapsed time = 1068.61 sec. (636465.49 ticks, tree = 3553.22 MB, solutions = 0)
Nodefile size = 1460.63 MB (352.76 MB after compression)
  48103 11150      685.0000  1694                    342.0000   379398         
  48510 11166    infeasible                          342.0000   381291         
  48969 11170    infeasible                          342.0000   381491         
  49445 11184      685.0000  1429                    342.0000   382045         
  49903 11233    infeasible                          342.0000   384579         
  50364 11370      685.0000  1426                    342.0000   384881         
  50750 11232    infeasible                          342.0000   384677         
  51130 11369    infeasible                          342.0000   385023         
  51511 11500      685.0000  1314                    342.0000   389305         
  51894 11513      856.0000  1397                    342.0000   389930         
Elapsed time = 1129.07 sec. (674688.59 ticks, tree = 3732.79 MB, solutions = 0)
Nodefile size = 1642.79 MB (395.97 MB after compression)
  52269 11513    infeasible                          342.0000   389981         
  52657 11525    infeasible                          342.0000   390290         
  53077 11599      685.0000  1210                    342.0000   391593         
  53535 11686    infeasible                          342.0000   394885         
  54013 11692    infeasible                          342.0000   395606         
  54516 11782      685.0000  1417                    342.0000   398425         
  54934 11838      685.0000  1696                    342.0000   399249         
  55365 11797    infeasible                          342.0000   399075         
  55777 11870    infeasible                          342.0000   400589         
  56200 11881      685.0000  1208                    342.0000   401274         
Elapsed time = 1190.22 sec. (712940.38 ticks, tree = 3859.67 MB, solutions = 0)
Nodefile size = 1769.43 MB (425.77 MB after compression)
  56615 11881      685.0000  1208                    342.0000   401334         
  56977 11938      685.0000  1417                    342.0000   403366         
  57375 11927    infeasible                          342.0000   403676         
  57787 11962      685.0000  1417                    342.0000   406438         
  58253 11962      856.0000  1406                    342.0000   406982         
  58733 11962      685.0000  1462                    342.0000   406759         
  59181 12155      685.0000  1563                    342.0000   410318         
  59598 12232      685.0000  1556                    342.0000   410971         
  59996 12076    infeasible                          342.0000   408627         
  60394 12192    infeasible                          342.0000   411249         
Elapsed time = 1252.70 sec. (751180.37 ticks, tree = 3967.14 MB, solutions = 0)
Nodefile size = 1871.52 MB (449.92 MB after compression)
  60855 12365      685.0000  1696                    342.0000   415210         
  61237 12392      514.0000  1910                    342.0000   416807         
  61649 12535      685.0000  1181                    342.0000   418475         
  62074 12537    infeasible                          342.0000   418860         
  62518 12595    infeasible                          342.0000   419008         
  63019 12602    infeasible                          342.0000   418942         
  63526 12901      685.0000  1405                    342.0000   420776         
  63983 13032      685.0000  1179                    342.0000   424983         
  64403 13040    infeasible                          342.0000   425237         
  64757 13091    infeasible                          342.0000   427774         
Elapsed time = 1317.19 sec. (789366.21 ticks, tree = 4279.93 MB, solutions = 0)
Nodefile size = 2188.89 MB (525.25 MB after compression)
  65163 13055      685.0000  1538                    342.0000   425648         
  65569 13154      856.0000  1405                    342.0000   428713         
  65943 13123    infeasible                          342.0000   428058         
  66323 13407      685.0000  1538                    342.0000   429762         
  66728 13399      685.0000  1455                    342.0000   431929         
  67150 13484    infeasible                          342.0000   433604         
  67596 13485      685.0000  1537                    342.0000   438543         
  68089 13486      685.0000  1450                    342.0000   438467         
  68541 13600      685.0000  1448                    342.0000   440804         
  68915 13604      685.0000  1448                    342.0000   440872         
Elapsed time = 1380.98 sec. (827604.84 ticks, tree = 4459.45 MB, solutions = 0)
Nodefile size = 2366.53 MB (567.39 MB after compression)
  69290 13724      685.0000  1388                    342.0000   443544         
  69641 13719      685.0000  1301                    342.0000   443678         
  69991 13835    infeasible                          342.0000   447390         
  70388 13840      855.0000  1714                    342.0000   447463         
  70783 13809      685.0000  1388                    342.0000   447348         
  71261 13892    infeasible                          342.0000   449066         
  71762 13888      685.0000  1386                    342.0000   448980         
  72283 13898    infeasible                          342.0000   449312         
  72770 13983    infeasible                          342.0000   452009         
  73199 13983      685.0000  1382                    342.0000   451900         
Elapsed time = 1444.37 sec. (865828.43 ticks, tree = 4590.73 MB, solutions = 0)
Nodefile size = 2498.52 MB (598.78 MB after compression)
  73562 14140      856.0000  1011                    342.0000   452611         
  73919 14143      685.0000  1301                    342.0000   452934         
  74293 14234    infeasible                          342.0000   456884         
  74676 14240      685.0000  1176                    342.0000   457072         
  75027 14249      685.0000  1444                    342.0000   457476         
  75446 14279      856.0000  1011                    342.0000   457936         
  75944 14500      685.0000  1715                    342.0000   460194         
  76376 14552      684.0000  1751                    342.0000   464591         
  76902 14540      856.0000  1331                    342.0000   462062         
  77391 14531      685.0000  1380                    342.0000   461512         
Elapsed time = 1507.62 sec. (904054.50 ticks, tree = 4782.02 MB, solutions = 0)
Nodefile size = 2690.25 MB (644.18 MB after compression)
  77832 14649    infeasible                          342.0000   466590         
  78166 14650      685.0000  1301                    342.0000   466646         
  78304 14649    infeasible                          342.0000   466699         
  78326 14704    infeasible                          342.0000   466851         
  78334 14824    infeasible                          342.0000   469354         
  78340 14824    infeasible                          342.0000   469672         
  78341 14824      685.0000  1664                    342.0000   470137         
  78361 14820      343.0000  2229                    342.0000   475802         
  78468 14835    infeasible                          342.0000   477736         
  78656 14840      685.0000  1726                    342.0000   493712         
Elapsed time = 1748.85 sec. (988878.03 ticks, tree = 4892.21 MB, solutions = 0)
Nodefile size = 2791.92 MB (668.48 MB after compression)
  78896 14847      685.0000  1722                    342.0000   493775         
  79141 15007      685.0000  1725                    342.0000   512850         
  79391 15051      685.0000  1725                    342.0000   512850         
  79681 15042    infeasible                          342.0000   541086         
  79916 15170    infeasible                          342.0000   555911         
  80054 15367      685.0000  1548                    342.0000   556247         

Cover cuts applied:  315
Implied bound cuts applied:  2168
Mixed integer rounding cuts applied:  312
Zero-half cuts applied:  52
Gomory fractional cuts applied:  62

Root node processing (before b&c):
  Real time             =  198.67 sec. (148767.15 ticks)
Parallel b&c, 8 threads:
  Real time             = 1604.91 sec. (866789.42 ticks)
  Sync time (average)   =  235.49 sec.
  Wait time (average)   =    0.00 sec.
                          ------------
Total (root+branch&cut) = 1803.59 sec. (1015556.58 ticks)
! --------------------------------------------------------
! Problem is UNKNOWN
! CPLEX Status = AbortTimeLim
! --------------------------------------------------------
