! Solving for graph /home/truongxuanhieu/CPLEX-MIP-for-MinSpanLabeling/benchmarks/cabp/X-can__715.mtx.rnd
! Target value is set to 151
! Lower bound is set to 152
! Upper bound is set to 1073
! Time limit is set to 1800
! Vertices mode is set to Has hole
! Target value mode is set to Cyclic Antibandwidth
Version identifier: 22.2.0.0 | 2026-05-04 | 5dff98e58
CPXPARAM_TimeLimit                               1800
Tried aggregator 2 times.
MIP Presolve eliminated 2976 rows and 1966 columns.
MIP Presolve modified 767374 coefficients.
Aggregator did 8095 substitutions.
Reduced MIP has 18452 rows, 780705 columns, and 1578428 nonzeros.
Reduced MIP has 770349 binaries, 3691 generals, 0 SOSs, and 6665 indicators.
Presolve time = 3.41 sec. (5032.94 ticks)
Probing time = 2.88 sec. (1202.41 ticks)
Tried aggregator 2 times.
Detecting symmetries...
Aggregator did 3 substitutions.
Reduced MIP has 18449 rows, 780702 columns, and 1578425 nonzeros.
Reduced MIP has 770349 binaries, 4403 generals, 0 SOSs, and 6665 indicators.
Presolve time = 4.09 sec. (1355.33 ticks)
Probing time = 0.68 sec. (161.25 ticks)
Clique table members: 119399.
MIP emphasis: balance optimality and feasibility.
MIP search method: dynamic search.
Parallel mode: deterministic, using up to 8 threads.
Root relaxation solution time = 3.94 sec. (1452.12 ticks)

        Nodes                                         Cuts/
   Node  Left     Objective  IInf  Best Integer    Best Bound    ItCnt     Gap

      0     0      302.0000  2763                    302.0000     9864         
      0     0      302.0000  3751                  Cuts: 4712    13005         
      0     0      302.0000  3734                  Cuts: 4712    15803         
      0     0      302.0000  4090                  Cuts: 2667    18697         
      0     2      302.0000  4090                    302.0000    18697         
Elapsed time = 176.32 sec. (133860.65 ticks, tree = 0.02 MB, solutions = 0)
      1     3      302.0000  3829                    302.0000    19285         
      4     6      302.0000  3788                    302.0000    19329         
      7     9      302.0000  3680                    302.0000    19374         
     10     4      302.0000  3764                    302.0000    19291         
     15     7      302.0000  3765                    302.0000    19347         
     24    17      302.0000  4112                    302.0000    20227         
     31    22      302.0000  3843                    302.0000    21550         
     47    28      302.0000  4036                    302.0000    21728         
     68    55      302.0000  3795                    302.0000    26342         
    143   114      302.0000  3662                    302.0000    27570         
Elapsed time = 184.35 sec. (137560.61 ticks, tree = 25.36 MB, solutions = 0)
    183   169      302.0000  3643                    302.0000    28769         
    247   232      302.0000  3622                    302.0000    30970         
    287   262      302.0000  3826                    302.0000    33680         
    319   296      453.0000  3297                    302.0000    49694         
    335   302      453.0000  3295                    302.0000    49825         
    343   336      453.0000  3309                    302.0000    69569         
    348   322      453.0000  3494                    302.0000    66932         
    352   347      604.0000  3104                    302.0000    84771         
    360   355      604.0000  3164                    302.0000    84950         
    376   364      604.0000  3090                    302.0000    85332         
Elapsed time = 225.94 sec. (149950.82 ticks, tree = 109.55 MB, solutions = 0)
    394   373      755.0000  3071                    302.0000    86026         
    403   390      529.0000  3172                    302.0000    86781         
    421   399      906.0000  2943                    302.0000    90108         
    452   402      453.0000  3438                    302.0000    91583         
    483   424      906.0000  2882                    302.0000    94408         
    516   459      529.0000  3122                    302.0000    97694         
    551   474      604.0000  3175                    302.0000   100712         
    583   481      604.0000  3155                    302.0000   100773         
    617   496      906.0000  2850                    302.0000   100220         
    661   566      906.0000  2842                    302.0000   108472         
Elapsed time = 250.51 sec. (159824.26 ticks, tree = 198.54 MB, solutions = 0)
    706   582      605.0000  3200                    302.0000   112397         
    748   599      755.0000  3067                    302.0000   112989         
    798   684      604.0000  3155                    302.0000   116155         
    858   693      604.0000  3118                    302.0000   116239         
    907   780      906.0000  3022                    302.0000   123089         
    960   773      755.0000  2857                    302.0000   121984         
   1011   936      605.0000  3088                    302.0000   127903         
   1060   941      756.0000  3034                    302.0000   128857         
   1119   895      755.0000  2755                    302.0000   126012         
   1175  1109      756.0000  3001                    302.0000   132901         
Elapsed time = 270.66 sec. (169548.94 ticks, tree = 441.34 MB, solutions = 0)
   1233  1118      756.0000  2978                    302.0000   132973         
   1289  1135      907.0000  2690                    302.0000   133282         
   1342  1217      755.0000  2721                    302.0000   135721         
   1388  1242      906.0000  2842                    302.0000   136122         
   1427  1335      906.0000  2841                    302.0000   137838         
   1457  1371      906.0000  2808                    302.0000   138803         
   1499  1399      756.0000  2666                    302.0000   139317         
   1542  1447      906.0000  2823                    302.0000   140656         
   1601  1469     1058.0000  2855                    302.0000   141188         
   1650  1510      906.0000  2591                    302.0000   141844         
Elapsed time = 292.77 sec. (179261.22 ticks, tree = 625.91 MB, solutions = 0)
   1705  1527      756.0000  2571                    302.0000   142568         
   1763  1578      906.0000  2807                    302.0000   143860         
   1811  1695      756.0000  2777                    302.0000   146516         
   1875  1642      906.0000  2539                    302.0000   144929         
   1926  1676      756.0000  2520                    302.0000   146178         
   1965  1807      907.0000  2638                    302.0000   148470         
   2003  1830      756.0000  2491                    302.0000   148745         
   2031  1891     1058.0000  2683                    302.0000   149399         
   2072  1942      756.0000  2447                    302.0000   150187         
   2125  1951      756.0000  2425                    302.0000   150262         
Elapsed time = 313.98 sec. (188976.12 ticks, tree = 832.07 MB, solutions = 0)
   2175  2064      756.0000  2418                    302.0000   152119         
   2230  2015      906.0000  2452                    302.0000   151618         
   2288  2078      756.0000  2392                    302.0000   152370         
   2349  2208      756.0000  2382                    302.0000   154043         
   2417  2200     1058.0000  2601                    302.0000   154096         
   2477  2266      756.0000  2378                    302.0000   154912         
   2525  2384     1058.0000  2548                    302.0000   156271         
   2574  2448      756.0000  2347                    302.0000   157444         
   2632  2497      907.0000  2440                    302.0000   158461         
   2689  2536     1058.0000  2572                    302.0000   159451         
Elapsed time = 333.16 sec. (198634.92 ticks, tree = 1103.31 MB, solutions = 0)
   2740  2565      756.0000  2299                    302.0000   159749         
   2791  2656      756.0000  2641                    302.0000   161139         
   2847  2604      906.0000  2496                    302.0000   160185         
   2893  2649     1058.0000  2257                    302.0000   160900         
   2941  2814      756.0000  2519                    302.0000   165707         
   2982  2803     1058.0000  2249                    302.0000   165306         
   3038  2853      453.0000  3286                    302.0000   169893         
   3088  2950      907.0000  2420                    302.0000   172075         
   3148  2978      907.0000  2359                    302.0000   172720         
   3186  2983      907.0000  2406                    302.0000   173036         
Elapsed time = 355.14 sec. (208377.65 ticks, tree = 1310.86 MB, solutions = 0)
   3236  2993      907.0000  2402                    302.0000   173094         
   3282  3062     1057.0000  2237                    302.0000   175846         
   3326  3100      906.0000  2209                    302.0000   176313         
   3352  3165      604.0000  3016                    302.0000   181114         
   3361  3154     1057.0000  2298                    302.0000   178035         
   3363  3178    infeasible                          302.0000   181080         
   3382  3292     1057.0000  2237                    302.0000   183028         
   3415  3299     1058.0000  2389                    302.0000   183193         
   3484  3309      604.0000  2976                    302.0000   184941         
   3565  3323      604.0000  2937                    302.0000   185066         
Elapsed time = 392.08 sec. (221458.65 ticks, tree = 1469.64 MB, solutions = 0)
   3639  3315      906.0000  2187                    302.0000   184293         
   3694  3545      604.0000  2920                    302.0000   188627         
   3754  3433      907.0000  2337                    302.0000   187183         
   3807  3442     1058.0000  2098                    302.0000   186382         
   3861  3637     1058.0000  2282                    302.0000   189634         
   3913  3732      679.5000  3801                    302.0000   191030         
   3977  3694      907.0000  2290                    302.0000   190209         
   4024  3794     1057.0000  2080                    302.0000   191343         
   4088  3916      907.0000  2261                    302.0000   192707         
   4309  4026     1058.0000  2173                    302.0000   194767         
Elapsed time = 419.68 sec. (234018.46 ticks, tree = 1797.63 MB, solutions = 0)
   4533  4174      907.0000  2019                    302.0000   196527         
   4781  4398     1057.0000  2120                    302.0000   199162         
   4980  4676     1058.0000  1859                    302.0000   202956         
   5180  4839      907.0000  1857                    302.0000   210170         
   5394  5134      453.0000  3241                    302.0000   216063         
   5566  5373      604.0000  3019                    302.0000   220372         
   5748  5477     1058.0000  1913                    302.0000   221562         
   5951  5536      453.0000  3447                    302.0000   231238         
   6193  5901     1058.0000  1629                    302.0000   246612         
   6407  5928     1058.0000  1579                    302.0000   247521         
Elapsed time = 506.23 sec. (272401.28 ticks, tree = 2684.36 MB, solutions = 0)
Nodefile size = 605.44 MB (194.18 MB after compression)
   6590  6228      453.0000  3171                    302.0000   256553         
   6614  6243    infeasible                          302.0000   256700         
   6698  6484     1058.0000  1822                    302.0000   260406         
   6836  6547     1058.0000  1514                    302.0000   261633         
   7060  6703     1058.0000  1493                    302.0000   264146         
   7303  6760      756.0000  2173                    302.0000   264730         
   7614  7053    infeasible                          302.0000   275265         
   7896  7151      756.0000  2649                    302.0000   278018         
   8131  7403      756.0000  2661                    302.0000   290732         
   8391  7702     1073.0000  1434                    302.0000   295474         
Elapsed time = 633.30 sec. (313324.24 ticks, tree = 3510.40 MB, solutions = 0)
Nodefile size = 1442.99 MB (467.01 MB after compression)
   8687  7660    infeasible                          302.0000   295264         
   9016  7911      453.0000  3346                    302.0000   310319         
   9423  8081      454.0000  3274                    302.0000   314168         
   9763  8166      756.0000  2656                    302.0000   317840         
  10077  8177      453.0000  3047                    302.0000   318025         
  10387  8303      453.0000  3048                    302.0000   326661         
  10710  8439    infeasible                          302.0000   327504         
  10978  8453     1073.0000  1429                    302.0000   327745         
  11356  8615      453.0000  3447                    302.0000   330906         
  11694  8623      453.0000  3048                    302.0000   331027         
Elapsed time = 709.72 sec. (351537.63 ticks, tree = 3921.92 MB, solutions = 0)
Nodefile size = 1852.95 MB (597.38 MB after compression)
  11996  8767      454.0000  3230                    302.0000   343092         
  12323  8769    infeasible                          302.0000   343154         
  12659  8836    infeasible                          302.0000   344580         
  13026  8928    infeasible                          302.0000   344795         
  13381  9030      756.0000  2632                    302.0000   347929         
  13796  9042     1073.0000  1417                    302.0000   348090         
  14184  9163    infeasible                          302.0000   359359         
  14576  9324      453.0000  3173                    302.0000   359843         
  14708  9404    infeasible                          302.0000   360809         
  14751  9752      453.0000  3449                    302.0000   366103         
Elapsed time = 821.32 sec. (397071.43 ticks, tree = 4426.55 MB, solutions = 0)
Nodefile size = 2341.93 MB (751.00 MB after compression)
  14888  9791      453.0000  3423                    302.0000   384411         
  15170  9793      453.0000  3416                    302.0000   384520         
  15455 10049      454.0000  3420                    302.0000   411828         
  15798 10095      454.0000  3339                    302.0000   412070         
  16113 10436      453.0000  3459                    302.0000   437303         
  16389 10804      453.0000  3518                    302.0000   438426         
  16734 10910      454.0000  3363                    302.0000   445466         
  17090 10979      453.0000  3351                    302.0000   449550         
  17422 11601      453.0000  3037                    302.0000   458962         
  17727 11952      453.0000  3645                    302.0000   464172         
Elapsed time = 894.17 sec. (435316.41 ticks, tree = 5443.19 MB, solutions = 0)
Nodefile size = 3365.21 MB (1071.78 MB after compression)
  17994 11954      453.0000  3340                    302.0000   464494         
  18274 12248      453.0000  3127                    302.0000   475896         
  18557 12247    infeasible                          302.0000   475936         
  18891 12603      604.0000  2944                    302.0000   493538         
  19210 12659      453.0000  3161                    302.0000   498072         
  19500 12639    infeasible                          302.0000   496819         
  19821 13020      453.0000  3358                    302.0000   510446         
  20147 13307      453.0000  3117                    302.0000   518447         
  20467 13596      604.0000  2971                    302.0000   522677         
  20810 13732      453.0000  3006                    302.0000   523554         
Elapsed time = 967.80 sec. (473627.31 ticks, tree = 6260.95 MB, solutions = 0)
Nodefile size = 4172.80 MB (1323.74 MB after compression)
  21091 13859      453.0000  3289                    302.0000   524036         
  21316 13798      453.0000  3114                    302.0000   524070         
  21655 14367    infeasible                          302.0000   551565         
  22031 14217      453.0000  3116                    302.0000   541863         
  22384 14380      453.0000  3402                    302.0000   556866         
  22661 14670      453.0000  3306                    302.0000   564108         
  22912 14892      453.0000  3367                    302.0000   580249         
  23146 14865      453.0000  3165                    302.0000   570326         
  23447 15122      453.0000  3291                    302.0000   598182         
  23724 15087      453.0000  3358                    302.0000   594225         
Elapsed time = 1043.85 sec. (511881.62 ticks, tree = 6857.43 MB, solutions = 0)
Nodefile size = 4761.76 MB (1502.10 MB after compression)
  23919 15309      453.0000  3311                    302.0000   609546         
  23950 15386    infeasible                          302.0000   610783         
  23983 15689    infeasible                          302.0000   614737         
  24063 15705    infeasible                          302.0000   615035         
  24230 15727      453.0000  3484                    302.0000   616914         
  24497 15763      453.0000  3152                    302.0000   623410         
  24773 15977      453.0000  3496                    302.0000   629478         
  25077 15877      453.0000  3309                    302.0000   626552         
  25422 15876    infeasible                          302.0000   626581         
  25668 16463      454.0000  3163                    302.0000   644676         
Elapsed time = 1171.08 sec. (555491.10 ticks, tree = 7264.85 MB, solutions = 0)
Nodefile size = 5164.96 MB (1539.46 MB after compression)
  25966 16678      454.0000  2964                    302.0000   658550         
  26279 16837      453.0000  3058                    302.0000   662332         
  26593 16845      453.0000  3512                    302.0000   661244         
  26854 17462      453.0000  3320                    302.0000   678144         
  27157 17567    infeasible                          302.0000   682934         
  27471 17572      454.0000  3444                    302.0000   679134         
  27756 17572      453.0000  3310                    302.0000   683177         
  28047 18090      302.0000  3660                    302.0000   690481         
  28303 18097    infeasible                          302.0000   693260         
  28584 18466      455.0000  3053                    302.0000   717964         
Elapsed time = 1248.34 sec. (593771.21 ticks, tree = 7825.46 MB, solutions = 0)
Nodefile size = 5741.34 MB (1585.45 MB after compression)
  28876 18559    infeasible                          302.0000   728213         
  29200 18737      454.0000  3195                    302.0000   732242         
  29543 19157      454.0000  3333                    302.0000   753930         
  29833 19454      454.0000  3201                    302.0000   754304         
  30150 19508      454.0000  3204                    302.0000   754313         
  30439 19628      604.0000  3175                    302.0000   764026         
  30780 19941      453.0000  3302                    302.0000   775185         
  31048 19940    infeasible                          302.0000   775216         
  31353 20442    infeasible                          302.0000   784710         
  31643 20435      453.0000  3478                    302.0000   783227         
Elapsed time = 1328.59 sec. (631977.44 ticks, tree = 8483.56 MB, solutions = 0)
Nodefile size = 6372.32 MB (1684.20 MB after compression)
  31937 20743      454.0000  3191                    302.0000   803822         
  32271 20579      453.0000  3302                    302.0000   790452         
  32634 21020      453.0000  3455                    302.0000   819581         
  32969 21053      453.0000  3518                    302.0000   823098         
  33287 21544      454.0000  3151                    302.0000   836293         
  33623 21959      453.0000  3292                    302.0000   840947         
  33942 22354      540.0000  3314                    302.0000   848461         
  34245 22432      453.0000  3373                    302.0000   850899         
  34556 22201    infeasible                          302.0000   847195         
  34875 22777    infeasible                          302.0000   858646         
Elapsed time = 1411.25 sec. (670217.95 ticks, tree = 9190.18 MB, solutions = 0)
Nodefile size = 7107.56 MB (1767.98 MB after compression)
  35194 23069      453.0000  3327                    302.0000   866048         
  35468 23222      453.0000  3243                    302.0000   874487         
  35761 23476      604.0000  3088                    302.0000   880292         
  36055 23547      453.0000  3233                    302.0000   880925         
  36262 23591      453.0000  3130                    302.0000   881153         
  36371 23713      453.0000  3422                    302.0000   890639         
  36381 23828    infeasible                          302.0000   892504         
  36428 24359      453.0000  3264                    302.0000   910103         
  36581 24411      604.0000  3133                    302.0000   914784         
  36818 24503      453.0000  3467                    302.0000   910271         
Elapsed time = 1567.22 sec. (715034.24 ticks, tree = 9710.87 MB, solutions = 0)
Nodefile size = 7558.78 MB (1799.00 MB after compression)
  37048 24590      453.0000  3463                    302.0000   914369         
  37230 24649      453.0000  3464                    302.0000   914373         
  37411 25048      453.0000  3342                    302.0000   929932         
  37695 25115    infeasible                          302.0000   935405         
  37963 25259      454.0000  3347                    302.0000   938964         
  38254 25407      453.0000  3330                    302.0000   979542         
  38574 25481      453.0000  3349                    302.0000   983997         
  38812 25506      453.0000  3359                    302.0000   987380         
  39049 25569      453.0000  3564                    302.0000   992149         
  39322 25802      453.0000  3419                    302.0000  1017807         
Elapsed time = 1647.68 sec. (753289.56 ticks, tree = 10077.96 MB, solutions = 0)
Nodefile size = 7983.13 MB (1852.49 MB after compression)
  39628 25617      453.0000  3373                    302.0000   995775         
  39938 26169      604.0000  3098                    302.0000  1044465         
  40202 26190      454.0000  3250                    302.0000  1035333         
  40443 26799      453.0000  3300                    302.0000  1055248         
  40720 26149    infeasible                          302.0000  1044676         
  41033 26976      453.0000  3509                    302.0000  1059870         
  41330 27121    infeasible                          302.0000  1064466         
  41654 27546      453.0000  3410                    302.0000  1085028         
  41952 27318      453.0000  3364                    302.0000  1076869         
  42250 27732      453.0000  3366                    302.0000  1087995         
Elapsed time = 1726.57 sec. (791579.02 ticks, tree = 10708.07 MB, solutions = 0)
Nodefile size = 8592.86 MB (1935.06 MB after compression)
  42585 27441      604.0000  3095                    302.0000  1088538         
  42910 27689      453.0000  3338                    302.0000  1088531         
  43285 28221      453.0000  3355                    302.0000  1119640         
  43550 28132    infeasible                          302.0000  1113337         
  43793 28140      453.0000  3499                    302.0000  1118999         
  44059 28445      453.0000  3339                    302.0000  1120824         
  44349 28444    infeasible                          302.0000  1120855         
  44616 29029      454.0000  3311                    302.0000  1144452         
  44893 29124      453.0000  3343                    302.0000  1149466         
  45061 29300      453.0000  3377                    302.0000  1153343         
Elapsed time = 1803.17 sec. (829842.69 ticks, tree = 11198.49 MB, solutions = 0)
Nodefile size = 9084.42 MB (1983.87 MB after compression)

Cover cuts applied:  577
Implied bound cuts applied:  3919
Mixed integer rounding cuts applied:  1976
Zero-half cuts applied:  259
Gomory fractional cuts applied:  59

Root node processing (before b&c):
  Real time             =  175.01 sec. (133530.39 ticks)
Parallel b&c, 8 threads:
  Real time             = 1628.85 sec. (698419.09 ticks)
  Sync time (average)   =  453.36 sec.
  Wait time (average)   =    0.00 sec.
                          ------------
Total (root+branch&cut) = 1803.87 sec. (831949.47 ticks)
! --------------------------------------------------------
! Problem is UNKNOWN
! CPLEX Status = AbortTimeLim
! --------------------------------------------------------
