! Solving for graph /home/truongxuanhieu/CPLEX-MIP-for-MinSpanLabeling/benchmarks/cabp/H-impcol_b.mtx.rnd
! Target value is set to 8
! Lower bound is set to 9
! Upper bound is set to 74
! Time limit is set to 1800
! Vertices mode is set to Has hole
! Target value mode is set to Cyclic Antibandwidth
Version identifier: 22.2.0.0 | 2026-05-04 | 5dff98e58
CPXPARAM_TimeLimit                               1800
Tried aggregator 2 times.
MIP Presolve eliminated 282 rows and 155 columns.
MIP Presolve modified 4388 coefficients.
Aggregator did 739 substitutions.
Reduced MIP has 1702 rows, 5631 columns, and 12842 nonzeros.
Reduced MIP has 4669 binaries, 341 generals, 0 SOSs, and 621 indicators.
Presolve time = 0.02 sec. (20.98 ticks)
Probing time = 0.03 sec. (16.60 ticks)
Tried aggregator 1 time.
Detecting symmetries...
Reduced MIP has 1702 rows, 5631 columns, and 12842 nonzeros.
Reduced MIP has 4669 binaries, 400 generals, 0 SOSs, and 621 indicators.
Presolve time = 0.01 sec. (11.41 ticks)
Probing time = 0.01 sec. (4.35 ticks)
Clique table members: 8621.
MIP emphasis: balance optimality and feasibility.
MIP search method: dynamic search.
Parallel mode: deterministic, using up to 8 threads.
Root relaxation solution time = 0.01 sec. (10.81 ticks)

        Nodes                                         Cuts/
   Node  Left     Objective  IInf  Best Integer    Best Bound    ItCnt     Gap

      0     0       16.0000   212                     16.0000      281         
      0     0       16.0000   422                   Cuts: 525      540         
      0     0       16.0000   322                   Cuts: 525      767         
      0     0       16.0000   469                   Cuts: 363     1130         
Detecting symmetries...
      0     2       16.0000   300                     16.0000     1130         
Elapsed time = 0.74 sec. (609.97 ticks, tree = 0.02 MB, solutions = 0)
    854   558       40.0000   152                     16.0000    17328         
   1655  1068       32.0000   198                     16.0000    31718         
   2641  2058       49.0000   112                     16.0000    50293         
   3813  2786       41.0000    66                     16.0000    66301         
   4828  3747    infeasible                           16.0000    84007         
   6230  4548       33.0000   169                     16.0000    97896         
   7515  5501       73.0000    59                     16.0000   117887         
*  7786  5978      integral     0       74.0000       16.0000   127332   78.38%
   8342  6376       32.0000   240       74.0000       16.0000   136140   78.38%

Performing restart 1

Repeating presolve.
Tried aggregator 1 time.
MIP Presolve eliminated 0 rows and 58 columns.
Reduced MIP has 1702 rows, 5573 columns, and 12726 nonzeros.
Reduced MIP has 4611 binaries, 400 generals, 0 SOSs, and 621 indicators.
Presolve time = 0.01 sec. (12.17 ticks)
Tried aggregator 1 time.
MIP Presolve modified 929 coefficients.
Reduced MIP has 1702 rows, 5573 columns, and 12726 nonzeros.
Reduced MIP has 4611 binaries, 400 generals, 0 SOSs, and 621 indicators.
Presolve time = 0.01 sec. (11.87 ticks)
Represolve time = 0.08 sec. (49.43 ticks)
   8559     0       16.0000   463       74.0000     Cuts: 493   143705   78.38%
   8559     0       16.0000   461       74.0000     Cuts: 525   144606   78.38%
   8559     0       16.2963   580       74.0000     Cuts: 525   145370   77.98%
   8559     0       17.0000   640       74.0000     Cuts: 473   146326   77.03%
   8559     0       17.0000   649       74.0000     Cuts: 517   147260   77.03%
   8559     0       17.0000   603       74.0000     Cuts: 294   148161   77.03%
   8559     0       17.0000   665       74.0000     Cuts: 525   149554   77.03%
   8559     0       17.0000   540       74.0000     Cuts: 262   150840   77.03%
*  8559+    0                           73.0000       17.0000            76.71%
   8559     0       17.0000   478       73.0000     Cuts: 525   152100   76.71%
   8559     0       17.0000   584       73.0000     Cuts: 382   153395   76.71%
   8559     2       17.0000   508       73.0000       17.0000   153395   76.71%
   9089   387       25.0000   454       73.0000       19.0000   161569   73.97%
Elapsed time = 10.65 sec. (8461.53 ticks, tree = 0.65 MB, solutions = 2)
   9906   986       24.0000   456       73.0000       19.0000   197603   73.97%
  10600  1590       26.0000   379       73.0000       19.0000   233311   73.97%
  11476  2274       32.0000   115       73.0000       19.0000   285555   73.97%
  11912  2556       56.0000    96       73.0000       19.0000   325489   73.97%
  12218  2898       32.0000   392       73.0000       19.0000   369871   73.97%
  12490  3154       25.0000   412       73.0000       19.0000   420311   73.97%
  13033  3441       25.0000   437       73.0000       19.0000   458627   73.97%
  13479  3783       24.0000   460       73.0000       19.0000   517950   73.97%
  13645  3977       32.0000   462       73.0000       19.0000   544548   73.97%
  13813  4110       39.0000   357       73.0000       19.0000   573319   73.97%
Elapsed time = 23.37 sec. (18043.35 ticks, tree = 11.08 MB, solutions = 2)
  14271  4390       48.0000   177       73.0000       19.0000   617302   73.97%
  14469  4667       32.0000   337       73.0000       19.0000   658418   73.97%
* 14716  4744      integral     0       72.0000       19.0000   676453   73.61%
  14918  4875       24.0000   533       72.0000       19.0000   694768   73.61%
  15386  5245       40.0000   304       72.0000       19.0000   750215   73.61%
  15733  5546       24.0000   481       72.0000       19.0000   793484   73.61%
  16235  5707       40.0000   362       72.0000       19.0000   832950   73.61%
  16551  6172       49.0000   273       72.0000       19.0000   882824   73.61%
  16807  6362       48.0000   325       72.0000       19.0000   927391   73.61%
  17045  6534       32.0000   393       72.0000       19.0093   961327   73.60%
  17307  6692       32.0000   438       72.0000       19.0207  1012097   73.58%
Elapsed time = 36.66 sec. (27674.55 ticks, tree = 18.72 MB, solutions = 3)
  17606  6869       19.4457   700       72.0000       19.0207  1039850   73.58%
  17927  7347    infeasible             72.0000       19.0207  1124696   73.58%
  18089  7439       25.0000   546       72.0000       19.0365  1136368   73.56%
  18475  7655       25.0000   436       72.0000       19.0369  1185823   73.56%
  18829  7922       24.0000   447       72.0000       19.0406  1225437   73.55%
  19020  8097       24.0000   493       72.0000       19.0406  1270162   73.55%
  19243  8261       32.0000   381       72.0000       19.0568  1327640   73.53%
  19506  8362       49.0000   271       72.0000       19.4062  1358506   73.05%
  19879  8659       42.0000   335       72.0000       19.4211  1412603   73.03%
  20236  9050       32.0000   422       72.0000       19.4211  1462092   73.03%
Elapsed time = 49.20 sec. (37253.74 ticks, tree = 25.81 MB, solutions = 3)
  20607  9304       58.1429   269       72.0000       19.4211  1538189   73.03%
  20730  9426       27.3333   547       72.0000       19.4211  1565847   73.03%
  21040  9562       66.0000    55       72.0000       19.4211  1593670   73.03%
* 21137+ 9551                           66.0000       19.4211            70.57%
  21772  9801       27.0000   479       66.0000       19.4211  1637762   70.57%
  22126 10103       38.0000   275       66.0000       19.4211  1679241   70.57%
  22293 10573       32.0000   318       66.0000       19.4211  1749344   70.57%
  22699 10618       35.0000   446       66.0000       19.4211  1764780   70.57%
  22935 10725       35.0000   472       66.0000       19.4258  1794255   70.57%
  23058 11008       64.0000   217       66.0000       19.4258  1851626   70.57%
  23359 11199       20.5000   632       66.0000       19.4258  1889483   70.57%
Elapsed time = 62.49 sec. (46894.59 ticks, tree = 31.89 MB, solutions = 4)
  23702 11348       32.0000   361       66.0000       19.4258  1909661   70.57%
  24073 11798       35.0000   406       66.0000       19.4258  1980232   70.57%
  24243 11829       35.0000   520       66.0000       19.4258  1987716   70.57%
  24397 12043       36.0000   390       66.0000       19.4258  2062223   70.57%
  24723 12288       40.0000   309       66.0000       19.4258  2126579   70.57%
  25073 12297       24.0247   640       66.0000       19.4829  2126677   70.48%
  25322 12583       19.4974   710       66.0000       19.4829  2179969   70.48%
  25511 12900       58.0000   243       66.0000       19.4829  2239918   70.48%
  25680 13076       37.0000   267       66.0000       19.4974  2307189   70.46%
  26000 13224       55.0000   117       66.0000       19.4974  2339677   70.46%
Elapsed time = 76.21 sec. (56481.53 ticks, tree = 38.22 MB, solutions = 4)
* 26154 13144      integral     0       65.0000       19.4974  2319217   70.00%
  26453 13180       44.0000   200       65.0000       19.4974  2345577   70.00%
  26667 13514       27.0000   517       65.0000       19.4974  2385843   70.00%
  26781 13819       48.0000   209       65.0000       19.4974  2442554   70.00%
  26952 13872       27.0000   425       65.0000       19.4974  2485498   70.00%
  27275 13952       40.0000   356       65.0000       19.4974  2498061   70.00%
  27438 14143       57.0000   207       65.0000       19.5000  2558340   70.00%
  27735 14161       48.0000    16       65.0000       19.5000  2563855   70.00%
  27878 14436       48.0000   252       65.0000       19.5000  2620318   70.00%
* 28017 14447      integral     0       64.0000       19.5000  2621103   69.53%
  28106 14513       48.0000   173       64.0000       19.5000  2632574   69.53%
  28413 14457       19.7245   724       64.0000       19.5056  2671092   69.52%
Elapsed time = 89.18 sec. (66083.44 ticks, tree = 41.75 MB, solutions = 7)
  28692 14759       19.9921   683       64.0000       19.5278  2727640   69.49%
  29020 15028       34.0000   316       64.0000       19.5278  2768747   69.49%
  29362 15026       50.0000   254       64.0000       19.5278  2768899   69.49%
  29624 15366       19.5525   660       64.0000       19.5278  2855425   69.49%
  29857 15657       58.0000    36       64.0000       19.5278  2901242   69.49%
  30015 15790       46.0000   269       64.0000       19.5278  2988287   69.49%
  30476 16057       46.0000   186       64.0000       19.5278  3030456   69.49%
  30888 16114       24.0000   571       64.0000       19.5278  3037962   69.49%
  31285 16234       32.0000   372       64.0000       19.5278  3050661   69.49%
  31688 17011       45.0000   191       64.0000       19.5278  3160185   69.49%
Elapsed time = 101.72 sec. (75646.40 ticks, tree = 50.73 MB, solutions = 7)
  32082 17088       24.0000   491       64.0000       19.5278  3193756   69.49%
  32286 17263       46.0000   397       64.0000       19.5278  3242269   69.49%
  32545 17623       40.0000   360       64.0000       19.5278  3344365   69.49%
  32779 17668       49.0000   223       64.0000       19.5278  3359733   69.49%
  33055 17978       34.0000   336       64.0000       19.5302  3432419   69.48%
  33456 18188       49.0000   276       64.0000       19.5302  3466826   69.48%
  33662 18203       24.0000   566       64.0000       19.5327  3472384   69.48%
  33882 18618       27.0000   494       64.0000       19.5435  3559865   69.46%
  34045 18620       37.0000   378       64.0000       19.5435  3556347   69.46%
  34227 18748       40.0000   327       64.0000       19.5471  3616967   69.46%
Elapsed time = 116.00 sec. (85247.53 ticks, tree = 56.55 MB, solutions = 7)
  34452 18973       43.0000   398       64.0000       19.5471  3677699   69.46%
  34566 19178       48.0000   228       64.0000       19.5471  3738210   69.46%
  34715 19176       58.0000    94       64.0000       19.5511  3733187   69.45%
  34844 19378       48.0000   209       64.0000       19.5511  3791628   69.45%
  35384 19526       35.0000   247       64.0000       19.5525  3813551   69.45%
  35920 19627       46.0000   279       64.0000       19.5525  3867793   69.45%
  36331 19558       41.0000   246       64.0000       19.5542  3859100   69.45%
  36722 20137       33.0000   341       64.0000       19.5542  3954294   69.45%
  36964 20681       35.0000   444       64.0000       19.5542  4051302   69.45%
  37897 21313       42.0000   396       64.0000       19.5542  4216491   69.45%
Elapsed time = 133.74 sec. (97689.04 ticks, tree = 66.04 MB, solutions = 7)
  39454 22635       27.4375   559       64.0000       19.5542  4393881   69.45%
  40196 23274    infeasible             64.0000       19.5542  4548312   69.45%

Performing restart 2

Repeating presolve.
Tried aggregator 1 time.
MIP Presolve eliminated 0 rows and 580 columns.
MIP Presolve modified 792 coefficients.
Reduced MIP has 1702 rows, 4993 columns, and 13676 nonzeros.
Reduced MIP has 4031 binaries, 400 generals, 0 SOSs, and 621 indicators.
Presolve time = 0.01 sec. (12.71 ticks)
Tried aggregator 1 time.
MIP Presolve modified 952 coefficients.
Reduced MIP has 1702 rows, 4993 columns, and 13676 nonzeros.
Reduced MIP has 4031 binaries, 400 generals, 0 SOSs, and 621 indicators.
Presolve time = 0.01 sec. (14.42 ticks)
Represolve time = 0.17 sec. (158.39 ticks)
  40693     0       18.0000   680       64.0000     Cuts: 331  4709681   69.42%
  40693     0       18.0000   687       64.0000     Cuts: 415  4710613   69.42%
  40693     0       18.0000   523       64.0000     Cuts: 190  4711396   69.42%
  40693     0       18.0000   606       64.0000     Cuts: 525  4712659   69.42%
  40693     0       18.0000   591       64.0000     Cuts: 354  4713628   69.42%
  40693     0       18.0000   652       64.0000     Cuts: 525  4714990   69.42%
  40693     0       18.0000   612       64.0000     Cuts: 309  4715775   69.42%
  40693     0       18.0000   567       64.0000     Cuts: 525  4716839   69.42%
  40693     0       18.0000   624       64.0000     Cuts: 525  4718287   69.42%
  40693     0       18.0000   630       64.0000     Cuts: 347  4719648   69.42%
  40693     0       18.0000   584       64.0000     Cuts: 525  4721193   69.42%
  40693     0       18.0000   622       64.0000     Cuts: 525  4722258   69.42%
  40693     2       18.0000   500       64.0000       19.5738  4722258   69.42%
  41254   410       19.0000   656       64.0000       19.5738  4781179   69.42%
  41743   847       29.0000   459       64.0000       19.5738  4894734   69.42%
  42041  1059        cutoff             64.0000       19.5738  4986789   69.42%
  42333  1289       31.0000   416       64.0000       19.5738  5090672   69.42%
  42505  1437       40.0000   358       64.0000       19.5738  5209851   69.42%
  42734  1548       34.0000   444       64.0000       19.5738  5289435   69.42%
  42939  1768       58.0000   244       64.0000       19.5738  5409189   69.42%
Elapsed time = 193.24 sec. (143209.14 ticks, tree = 6.94 MB, solutions = 7)
  43177  1930       23.0000   612       64.0000       19.5738  5517647   69.42%
  43318  2039       24.0006   707       64.0000       19.5738  5627093   69.42%
  43504  2179       40.0000   510       64.0000       19.5738  5741916   69.42%
  43732  2364       40.0000   452       64.0000       19.5738  5862533   69.42%
  43915  2428       27.0000   529       64.0000       19.5738  5911385   69.42%
  44115  2601       20.0414   786       64.0000       19.5738  6058241   69.42%
  44215  2730       32.0000   401       64.0000       19.5738  6123826   69.42%
  44321  2791       41.0000   521       64.0000       19.5738  6215553   69.42%
  44505  2887       56.0000   446       64.0000       19.5738  6305151   69.42%
  44766  3073       26.0000   530       64.0000       19.5738  6407749   69.42%
Elapsed time = 240.25 sec. (181593.97 ticks, tree = 18.85 MB, solutions = 7)
  44946  3221       44.0000   258       64.0000       19.5738  6497068   69.42%
  45185  3359       23.0000   576       64.0000       19.5738  6568561   69.42%
  45338  3474       41.0000   425       64.0000       19.5738  6626941   69.42%
  45439  3562       40.0000   401       64.0000       19.5738  6699630   69.42%
  45576  3660       41.0000   502       64.0000       19.5738  6813232   69.42%
  45704  3779        cutoff             64.0000       19.5738  6927319   69.42%
  45758  3774       29.1149   735       64.0000       19.5738  6947695   69.42%
  45873  3887       19.6364   846       64.0000       19.5738  7094676   69.42%
  46014  4003       26.0000   613       64.0000       19.5738  7189473   69.42%
  46208  4138       57.0000   169       64.0000       19.5738  7277279   69.42%
Elapsed time = 288.22 sec. (220078.37 ticks, tree = 35.32 MB, solutions = 7)
  46302  4200       45.0000   476       64.0000       19.5738  7351399   69.42%
  46395  4364       48.0000   433       64.0000       19.5738  7468369   69.42%
  46527  4382       43.0000   399       64.0000       19.5738  7497545   69.42%
  46608  4505       48.0000   462       64.0000       19.5738  7623692   69.42%
  46669  4517       26.0000   592       64.0000       19.5738  7661536   69.42%
  46738  4557       21.7647   815       64.0000       19.5738  7734612   69.42%
  46892  4621       27.6176   677       64.0000       19.5738  7844351   69.42%
  47180  4821       36.0000   490       64.0000       19.5738  7974307   69.42%
  47440  5064        cutoff             64.0000       19.5738  8071434   69.42%
  47676  5119       25.0000   691       64.0000       19.5738  8122277   69.42%
Elapsed time = 334.67 sec. (258503.38 ticks, tree = 60.02 MB, solutions = 7)
  47877  5340       24.0000   628       64.0000       19.5738  8239662   69.42%
  48045  5393       32.0000   519       64.0000       19.6364  8285845   69.32%
  48297  5571       48.0000   428       64.0000       19.6371  8382457   69.32%
  48546  5677       33.0000   506       64.0000       19.8331  8439869   69.01%
  48768  5956       25.0000   553       64.0000       19.8416  8594233   69.00%
  48895  6090       26.0000   631       64.0000       20.0000  8680058   68.75%
  49062  6125       27.0000   659       64.0000       20.0000  8716355   68.75%
  49324  6350       50.0000   452       64.0000       20.0000  8884665   68.75%
  49552  6400    infeasible             64.0000       20.0000  8894862   68.75%
  49810  6520       23.0000   680       64.0000       20.0000  8973835   68.75%
Elapsed time = 386.11 sec. (296826.24 ticks, tree = 98.27 MB, solutions = 7)
  50017  6672       26.0000   521       64.0000       20.0000  9057636   68.75%
  50225  6960    infeasible             64.0000       20.0000  9234268   68.75%
  50463  7005       25.0000   649       64.0000       20.0000  9274565   68.75%
  50653  7119       44.0000   543       64.0000       20.1479  9332247   68.52%
  50881  7220       32.0000   620       64.0000       20.4240  9407122   68.09%
  51190  7475       56.0000   400       64.0000       21.0000  9545526   67.19%
  51391  7585       40.0000   534       64.0000       21.0000  9618032   67.19%
  51528  7759       32.0000   610       64.0000       21.0000  9739599   67.19%
  51662  7887       49.0000   360       64.0000       21.0000  9864581   67.19%
  51804  7918       56.0000   310       64.0000       21.0000  9888965   67.19%
Elapsed time = 432.89 sec. (335107.49 ticks, tree = 140.78 MB, solutions = 7)
  51926  8054       40.0000   638       64.0000       21.0000 10029822   67.19%
  52143  8165       56.0000   531       64.0000       21.0000 10171388   67.19%
  52330  8225       45.0000   400       64.0000       21.0000 10218441   67.19%
  52521  8323       21.0000   688       64.0000       21.0000 10286849   67.19%
  52735  8448       49.0000   349       64.0000       21.0000 10365909   67.19%
  52866  8518       39.0000   608       64.0000       21.0000 10421476   67.19%
  53023  8628       46.0000   504       64.0000       21.0000 10517659   67.19%
  53262  8818        cutoff             64.0000       21.0000 10708249   67.19%
  53395  8857       32.0000   568       64.0000       21.0000 10737508   67.19%
  53606  9086       52.0000   542       64.0000       21.0000 10928251   67.19%
Elapsed time = 483.57 sec. (373469.51 ticks, tree = 173.86 MB, solutions = 7)
  53876  9070       60.0000   352       64.0000       21.0000 10921669   67.19%
  54047  9152       33.0000   646       64.0000       21.1429 10966337   66.96%
  54206  9250       42.0000   402       64.0000       21.2828 11039705   66.75%
  54359  9522       48.0000   421       64.0000       21.3043 11229459   66.71%
  54534  9582       24.0000   683       64.0000       21.5556 11296079   66.32%
  54684  9668       39.0000   508       64.0000       21.5556 11363733   66.32%
  54844  9818       56.0000   599       64.0000       21.5556 11507388   66.32%
  54994  9876       56.0000   317       64.0000       22.0000 11552660   65.62%
  55187  9921       56.0000   417       64.0000       22.0000 11584421   65.62%
  55402 10017       57.0000   271       64.0000       22.0000 11695157   65.62%
Elapsed time = 530.27 sec. (411830.33 ticks, tree = 203.08 MB, solutions = 7)
  55566 10055       29.0000   562       64.0000       22.0000 11711300   65.62%
  55745 10397       48.0000   509       64.0000       22.0000 11947697   65.62%
  55860 10374       26.0000   671       64.0000       22.0000 11943808   65.62%
  56023 10558       48.0000   419       64.0000       22.0000 12105531   65.62%
  56209 10507        cutoff             64.0000       23.0000 12075916   64.06%
  56398 10621       48.0000   344       64.0000       23.0000 12175177   64.06%
  56606 10666       42.0000   410       64.0000       23.0000 12266338   64.06%
  56747 10968       56.0000   487       64.0000       23.0000 12495137   64.06%
  56909 10889       56.0000   448       64.0000       23.0000 12434746   64.06%
  57043 11079       40.0000   474       64.0000       23.0000 12634000   64.06%
Elapsed time = 577.61 sec. (450259.29 ticks, tree = 240.90 MB, solutions = 7)
  57186 11063       56.0000   465       64.0000       23.0000 12621088   64.06%
  57310 11114       26.0741   639       64.0000       23.0000 12690957   64.06%
  57470 11230       40.0000   542       64.0000       23.0000 12818549   64.06%
  57645 11387       31.0000   591       64.0000       23.0000 12984427   64.06%
  57830 11452       25.0000   616       64.0000       23.0000 13046240   64.06%
  57997 11442    infeasible             64.0000       23.0000 13032955   64.06%
  58225 11599       48.0000   449       64.0000       23.1127 13171519   63.89%
  58410 11742       49.0000   452       64.0000       23.4425 13325324   63.37%
  58595 11834       56.0000   526       64.0000       24.0000 13384721   62.50%
  58747 11945       40.0000   468       64.0000       24.0000 13483817   62.50%
Elapsed time = 627.43 sec. (488637.28 ticks, tree = 274.21 MB, solutions = 7)
  58911 12063       47.0000   419       64.0000       24.0000 13569275   62.50%
  59111 12080       35.0000   574       64.0000       24.0000 13580086   62.50%
  59331 12199       32.2540   643       64.0000       24.0000 13690313   62.50%
  59694 12479       48.0000   493       64.0000       24.0000 13929897   62.50%
  59995 12398       54.0000   422       64.0000       24.0000 13856350   62.50%
  60256 12433       24.0000   620       64.0000       24.0000 13892848   62.50%
  60417 12638       40.0000   505       64.0000       24.0000 14039936   62.50%
  60594 13007       29.0000   603       64.0000       24.0000 14231114   62.50%
  60786 13065       24.0000   634       64.0000       24.0000 14311869   62.50%
  60937 13042       32.2500   638       64.0000       24.0000 14294270   62.50%
Elapsed time = 674.88 sec. (526930.04 ticks, tree = 313.46 MB, solutions = 7)
  61089 13281       28.0000   644       64.0000       24.0000 14472764   62.50%
  61228 13324        cutoff             64.0000       24.0000 14525859   62.50%
  61365 13476       40.0000   429       64.0000       24.0000 14681837   62.50%
  61536 13485       48.0000   315       64.0000       24.0000 14670409   62.50%
  61718 13532       24.0000   642       64.0000       24.0000 14758182   62.50%
  61951 13580       40.0000   515       64.0000       24.0000 14800146   62.50%
  62204 13716       54.0000   393       64.0000       24.0000 14908581   62.50%
  62372 13804       47.0000   457       64.0000       24.0000 14982758   62.50%
  62551 14029    infeasible             64.0000       24.0000 15133959   62.50%
  62820 14094       56.0000   365       64.0000       24.0000 15164559   62.50%
Elapsed time = 724.07 sec. (565323.46 ticks, tree = 350.80 MB, solutions = 7)
  63075 14385       24.0000   691       64.0000       24.0000 15365391   62.50%
  63306 14504       28.0000   505       64.0000       24.0000 15455384   62.50%
  63513 14439       32.0000   576       64.0000       24.0000 15409403   62.50%
  63704 14502       57.0000   559       64.0000       24.0000 15445533   62.50%
  63857 14744       40.0000   585       64.0000       24.0000 15659496   62.50%
  64049 14753       40.0000   558       64.0000       24.0000 15670519   62.50%
  64178 14958       28.0000   573       64.0000       24.0000 15852695   62.50%
  64284 15046       30.0000   629       64.0000       24.0000 15931944   62.50%
  64406 15182        cutoff             64.0000       24.0000 16089431   62.50%
  64531 15152       40.0000   548       64.0000       24.0000 16063837   62.50%
Elapsed time = 772.33 sec. (603633.43 ticks, tree = 396.33 MB, solutions = 7)
  64697 15305    infeasible             64.0000       24.0000 16277968   62.50%
  64829 15307    infeasible             64.0000       24.0000 16259308   62.50%
  64978 15292       26.0000   603       64.0000       24.0000 16239246   62.50%
  65140 15430       52.0000   367       64.0000       24.0000 16377748   62.50%
  65291 15450       55.0000   437       64.0000       24.0000 16435426   62.50%
  65453 15579       56.0000   361       64.0000       24.0000 16529951   62.50%
  65621 15682       56.0000   431       64.0000       24.0000 16658527   62.50%
  65779 15672       25.0000   674       64.0000       24.0000 16646361   62.50%
  65927 15751       33.0000   612       64.0000       24.0000 16741614   62.50%
  66059 15910       29.0000   665       64.0000       24.0000 16881590   62.50%
Elapsed time = 820.86 sec. (642096.69 ticks, tree = 429.79 MB, solutions = 7)
  66220 15988    infeasible             64.0000       24.0000 16960402   62.50%
  66406 15953       47.0000   579       64.0000       24.0000 16938051   62.50%
  66627 16190       32.6349   692       64.0000       24.0000 17144277   62.50%
  66823 16186       55.0000   466       64.0000       24.0006 17179679   62.50%
  67011 16455       41.0000   430       64.0000       24.0117 17382129   62.48%
  67195 16472       26.0000   670       64.0000       24.0633 17393892   62.40%
  67397 16549       45.0000   487       64.0000       24.1212 17479060   62.31%
  67644 16563       25.1755   690       64.0000       24.1356 17494298   62.29%
  67880 16633       26.0000   682       64.0000       24.1920 17538723   62.20%
  68069 17074       48.0000   489       64.0000       24.4655 17947603   61.77%
Elapsed time = 867.79 sec. (680394.84 ticks, tree = 476.77 MB, solutions = 7)
  68229 16800    infeasible             64.0000       24.5236 17716641   61.68%
  68350 16809       25.0000   723       64.0000       24.5236 17728490   61.68%
  68453 17244       53.0000   576       64.0000       25.0000 18199854   60.94%
  68546 17255       29.0000   575       64.0000       25.0000 18234583   60.94%
  68662 17329       57.0000   645       64.0000       25.0000 18301907   60.94%
  68833 17279       40.0000   354       64.0000       25.0000 18252512   60.94%
  69083 17424       40.0000   448       64.0000       25.0000 18473759   60.94%
  69271 17437        cutoff             64.0000       25.0000 18483997   60.94%
  69431 17404       36.0000   473       64.0000       25.0000 18422985   60.94%
  69615 17685       52.0000   561       64.0000       25.0000 18717024   60.94%
Elapsed time = 915.06 sec. (718739.78 ticks, tree = 495.92 MB, solutions = 7)
  69849 17612    infeasible             64.0000       25.0000 18659389   60.94%
  70051 17658       41.0000   539       64.0000       25.0000 18695920   60.94%
  70230 17870        cutoff             64.0000       25.0000 18868939   60.94%
  70487 17879       57.0000   372       64.0000       25.0000 18881264   60.94%
  70674 18165       25.1429   761       64.0000       25.0000 19110015   60.94%
  70833 18033       25.0000   645       64.0000       25.0000 18984986   60.94%
  71012 18422        cutoff             64.0000       25.0000 19305630   60.94%
  71172 18304       41.0000   631       64.0000       25.0000 19222765   60.94%
  71373 18440       41.0000   513       64.0000       25.0000 19325683   60.94%
  71562 18687       38.0000   622       64.0000       25.0000 19547040   60.94%
Elapsed time = 962.49 sec. (757085.75 ticks, tree = 552.28 MB, solutions = 7)
  71789 18698       41.0000   560       64.0000       25.0000 19560334   60.94%
  72071 18714    infeasible             64.0000       25.0000 19573829   60.94%
  72371 18853       56.0000   381       64.0000       25.0000 19694373   60.94%
  72574 19015    infeasible             64.0000       25.0000 19802056   60.94%
  72763 19042       48.0000   421       64.0000       25.0000 19813657   60.94%
  72979 18964       25.0000   717       64.0000       25.0000 19783583   60.94%
  73152 19207    infeasible             64.0000       25.0000 19934829   60.94%
  73317 19544    infeasible             64.0000       25.0000 20218281   60.94%
  73444 19713    infeasible             64.0000       25.0000 20357467   60.94%
  73556 19557       62.0000   533       64.0000       25.0000 20237015   60.94%
Elapsed time = 1011.15 sec. (795402.84 ticks, tree = 602.17 MB, solutions = 7)
  73694 19633       31.0000   654       64.0000       25.0000 20284665   60.94%
  73866 19880       36.0000   542       64.0000       25.0000 20540219   60.94%
  74003 19912        cutoff             64.0000       25.0000 20584985   60.94%
  74176 20022       53.0000   447       64.0000       25.0000 20695975   60.94%
  74326 19877        cutoff             64.0000       25.0000 20535193   60.94%
  74503 20042       48.0000   387       64.0000       25.0000 20745985   60.94%
  74638 20096    infeasible             64.0000       25.0000 20798367   60.94%
  74788 20265       55.0000   446       64.0000       25.0000 20970983   60.94%
  74951 20199    infeasible             64.0000       25.0000 20902906   60.94%
  75082 20291        cutoff             64.0000       25.0000 20992651   60.94%
Elapsed time = 1058.30 sec. (833771.59 ticks, tree = 633.03 MB, solutions = 7)
  75218 20401       48.0000   430       64.0000       25.0000 21089584   60.94%
  75338 20555       48.0000   503       64.0000       25.0000 21266132   60.94%
  75460 20456       34.0000   521       64.0000       25.0000 21147295   60.94%
  75624 20806       48.0000   585       64.0000       25.0000 21548000   60.94%
  75755 20644       40.0000   549       64.0000       25.0000 21367204   60.94%
  75869 20664       38.0000   684       64.0000       25.0000 21427104   60.94%
  76026 20780       32.3200   671       64.0000       25.0000 21541721   60.94%
  76193 20957       29.0000   656       64.0000       25.0000 21688922   60.94%
  76358 20909       33.0000   621       64.0000       25.0000 21649435   60.94%
  76542 21079       47.0000   401       64.0000       25.0000 21863627   60.94%
Elapsed time = 1108.32 sec. (872120.06 ticks, tree = 677.52 MB, solutions = 7)
  76696 21132       26.0000   698       64.0000       25.0000 21909272   60.94%
  76831 21100       25.0000   685       64.0000       25.0000 21883726   60.94%
  76962 21172       47.0000   669       64.0000       25.0000 21966978   60.94%
  77059 21273       46.0000   414       64.0000       25.0000 22042745   60.94%
  77164 21487       25.0000   655       64.0000       25.0000 22185382   60.94%
  77273 21356       29.0000   658       64.0000       25.0000 22113108   60.94%
  77407 21724       48.0000   490       64.0000       25.0000 22548303   60.94%
  77543 21667       42.0000   507       64.0000       25.0000 22509587   60.94%
  77706 21756    infeasible             64.0000       25.0000 22613671   60.94%
  77846 21756       25.0000   682       64.0000       25.0000 22572929   60.94%
Elapsed time = 1156.84 sec. (910562.88 ticks, tree = 707.33 MB, solutions = 7)
  78003 21891    infeasible             64.0000       25.0000 22755546   60.94%
  78158 21842        cutoff             64.0000       25.0000 22705394   60.94%
  78305 21851       44.0000   476       64.0000       25.0000 22715367   60.94%
  78440 22173       47.0000   583       64.0000       25.0000 23028183   60.94%
  78575 22079       40.0000   619       64.0000       25.0000 22941609   60.94%
  78689 22114       56.0000   449       64.0000       25.0000 22983391   60.94%
  78900 22245       56.0000   386       64.0000       25.0000 23090219   60.94%
  79115 22251       29.0159   688       64.0000       25.0000 23100030   60.94%
  79301 22360       56.0000   436       64.0000       25.0000 23151176   60.94%
  79466 22448       42.0000   515       64.0000       25.0000 23295252   60.94%
Elapsed time = 1208.01 sec. (948926.73 ticks, tree = 748.35 MB, solutions = 7)
  79570 22480       33.0000   643       64.0000       25.0000 23381969   60.94%
  79691 22769       48.0000   547       64.0000       25.0000 23600037   60.94%
  79795 22540       31.0000   620       64.0000       25.0000 23443346   60.94%
  79897 22667       33.0000   661       64.0000       25.0000 23525890   60.94%
  80006 23008       36.4000   647       64.0000       25.0000 23905635   60.94%
  80158 23059       46.0000   466       64.0000       25.0000 23954972   60.94%
  80279 22922       40.0000   525       64.0000       25.0000 23761550   60.94%
  80376 22958       25.0000   674       64.0000       25.0000 23811321   60.94%
  80507 23077       56.0000   489       64.0000       25.0000 23984513   60.94%
  80624 23129       48.0000   468       64.0000       25.0000 24036034   60.94%
Elapsed time = 1255.80 sec. (987372.99 ticks, tree = 791.39 MB, solutions = 7)
  80765 23125    infeasible             64.0000       25.0000 24079507   60.94%
  80896 23375       31.0000   678       64.0000       25.0000 24353777   60.94%
  80989 23248       48.0000   394       64.0000       25.0000 24222383   60.94%
  81147 23393       46.0000   557       64.0000       25.0000 24374883   60.94%
  81301 23404       56.0000   465       64.0000       25.0000 24385219   60.94%
  81439 23495       39.0000   539       64.0000       25.0000 24535016   60.94%
  81603 23503       40.0000   455       64.0000       25.0000 24545291   60.94%
  81779 23551       56.0000   502       64.0000       25.0000 24602035   60.94%
  81903 23697       43.0000   695       64.0000       25.0000 24832264   60.94%
  82049 23668       49.0000   595       64.0000       25.0000 24754414   60.94%
Elapsed time = 1305.63 sec. (1025809.76 ticks, tree = 826.12 MB, solutions = 7)
  82194 23773       56.0000   375       64.0000       25.0000 24891860   60.94%
  82354 23721       48.0000   533       64.0000       25.0000 24853990   60.94%
  82550 23889        cutoff             64.0000       25.0000 25002656   60.94%
  82766 24063       48.0000   395       64.0000       25.0000 25176551   60.94%
  82933 24135       33.0000   554       64.0000       25.0000 25249200   60.94%
  83114 24280       48.0000   374       64.0000       25.0000 25374040   60.94%
  83304 24171       56.0000   490       64.0000       25.0000 25269696   60.94%
  83481 24446       58.0000   256       64.0000       25.0000 25521948   60.94%
  83644 24454       32.0000   455       64.0000       25.0000 25533738   60.94%
  83799 24465       40.0000   577       64.0000       25.0024 25545368   60.93%
Elapsed time = 1357.06 sec. (1064169.76 ticks, tree = 875.46 MB, solutions = 7)
  83978 24606        cutoff             64.0000       25.0159 25679969   60.91%
  84186 24501       57.0000   555       64.0000       25.0177 25609745   60.91%
  84377 24918       48.0000   488       64.0000       25.0527 26007490   60.86%
  84600 24713       55.0000   453       64.0000       25.0625 25770726   60.84%
  84765 24894       40.0000   542       64.0000       25.0727 25981165   60.82%
  84937 24990       51.0000   303       64.0000       25.1761 26083713   60.66%
  85096 25219       56.0000   588       64.0000       25.1819 26300666   60.65%
  85295 25270       48.0000   524       64.0000       25.2025 26361053   60.62%
  85502 25369       57.0000   381       64.0000       25.2565 26447534   60.54%
  85717 25253       56.0000   423       64.0000       25.2565 26328278   60.54%
Elapsed time = 1408.90 sec. (1102473.12 ticks, tree = 907.16 MB, solutions = 7)
  85937 25582       33.0000   470       64.0000       25.3494 26620946   60.39%
  86215 25530       30.0000   598       64.0000       25.3934 26588625   60.32%
  86505 25699       56.0000   528       64.0000       25.4000 26689974   60.31%
  86814 25893       32.5556   649       64.0000       25.4667 26856864   60.21%
  87133 25739        cutoff             64.0000       25.4667 26752598   60.21%
  87414 25868       49.0000   458       64.0000       25.6000 26835349   60.00%
  87664 25932    infeasible             64.0000       25.6410 26894271   59.94%
  87981 26246       56.0000   448       64.0000       25.6667 27102226   59.90%
  88313 26327       32.0000   475       64.0000       25.7199 27170416   59.81%
  88604 26293       42.0000   541       64.0000       25.7199 27123092   59.81%
Elapsed time = 1459.11 sec. (1140764.03 ticks, tree = 980.19 MB, solutions = 7)
  88805 26823       39.0000   586       64.0000       26.0000 27461146   59.37%
  88996 27026       56.0000   434       64.0000       26.0000 27584658   59.37%
  89194 27256       36.0000   487       64.0000       26.0000 27726062   59.37%
  89376 26808    infeasible             64.0000       26.0000 27433956   59.37%
  89589 26827       37.0000   376       64.0000       26.0000 27442900   59.37%
  89820 27380       47.0000   454       64.0000       26.0000 27820203   59.37%
  90043 27563    infeasible             64.0000       26.0000 27947669   59.37%
  90230 27618       27.0000   655       64.0000       26.0000 27993112   59.37%
  90408 27509       56.0000   463       64.0000       26.0000 27925026   59.37%
  90568 27436       40.0000   416       64.0000       26.0000 27859099   59.37%
Elapsed time = 1509.47 sec. (1179107.99 ticks, tree = 1058.25 MB, solutions = 7)
  90722 27846       40.0000   467       64.0000       26.0000 28151371   59.37%
  90891 27980       48.0000   412       64.0000       26.0000 28258176   59.37%
  91096 28122       48.0000   390       64.0000       26.0000 28442932   59.37%
  91278 27995       56.0000   423       64.0000       26.0000 28279291   59.37%
  91512 28061       56.0000   346       64.0000       26.0000 28340507   59.37%
  91776 28466       51.0000   409       64.0000       26.0000 28773923   59.37%
  92012 28316    infeasible             64.0000       26.0000 28623538   59.37%
  92188 28494       49.0000   449       64.0000       26.0000 28790076   59.37%
  92404 28393       40.0000   553       64.0000       26.0000 28694776   59.37%
  92576 28323       34.0000   563       64.0000       26.0000 28601620   59.37%
Elapsed time = 1558.93 sec. (1217538.26 ticks, tree = 1113.57 MB, solutions = 7)
  92755 28534       29.0000   521       64.0000       26.0000 28859705   59.37%
  92928 28680    infeasible             64.0000       26.0000 28963226   59.37%
  93084 28768       51.0000   529       64.0000       26.0000 29016201   59.37%
  93275 28909       63.0000   475       64.0000       26.0000 29130704   59.37%
  93451 29034       29.0000   600       64.0000       26.0000 29222267   59.37%
  93623 29324        cutoff             64.0000       26.0000 29471921   59.37%
  93857 29310        cutoff             64.0000       26.0000 29443631   59.37%
  94064 29347    infeasible             64.0000       26.0000 29490620   59.37%
  94259 29361       48.0000   492       64.0000       26.0000 29500920   59.37%
  94441 29215       36.0000   666       64.0000       26.0000 29389026   59.37%
Elapsed time = 1617.25 sec. (1255863.30 ticks, tree = 1165.07 MB, solutions = 7)
  94640 29553       35.0000   527       64.0000       26.0000 29647026   59.37%
Starting limited solution polishing.
  94835 29577       48.0000   500       64.0000       26.0000 29658687   59.37%
  95038 29890       33.0000   494       64.0000       26.0000 29970309   59.37%
  95208 29768       37.0000   596       64.0000       26.0000 29858200   59.37%
  95367 29834       40.0000   610       64.0000       26.0000 29901740   59.37%
  95531 30183    infeasible             64.0000       26.0000 30227813   59.37%
  95683 30113    infeasible             64.0000       26.0000 30131518   59.37%
  95815 30078       55.0000   472       64.0000       26.0000 30104352   59.37%
  95958 30170       48.0000   567       64.0000       26.0000 30200198   59.37%
  96128 30227    infeasible             64.0000       26.0000 30262800   59.37%
Elapsed time = 1663.97 sec. (1294310.06 ticks, tree = 1239.21 MB, solutions = 7)
  96297 30665    infeasible             64.0000       26.0000 30659893   59.37%
  96426 30588       33.0000   601       64.0000       26.0000 30595084   59.37%
  96583 30739    infeasible             64.0000       26.0000 30716406   59.37%
  96721 30751       56.0000   521       64.0000       26.0000 30726771   59.37%
  96880 30809       49.0000   457       64.0000       26.0000 30797125   59.37%
  97009 30946       40.0000   614       64.0000       26.0000 30918620   59.37%
  97124 30953       40.0000   565       64.0000       26.0000 30928888   59.37%
  97263 31044       44.0000   419       64.0000       26.0000 31024631   59.37%
  97424 31131       36.0000   615       64.0000       26.0000 31121012   59.37%
  97562 30933        cutoff             64.0000       26.0000 30913701   59.37%
Elapsed time = 1714.58 sec. (1332676.57 ticks, tree = 1291.25 MB, solutions = 7)
  97750 31156       38.0000   510       64.0000       26.0000 31173768   59.37%
  97896 31309       46.0000   463       64.0000       26.0000 31353110   59.37%
  98045 31315       41.0000   560       64.0000       26.0000 31363689   59.37%
  98174 31212    infeasible             64.0000       26.0000 31240432   59.37%
  98326 31396       41.0000   607       64.0000       26.0000 31420736   59.37%
  98489 31436       41.0000   589       64.0000       26.0000 31471745   59.37%
  98623 31612       48.0000   349       64.0000       26.0000 31644451   59.37%
  98742 31757       29.0000   653       64.0000       26.0000 31792182   59.37%
  98910 31570       56.0000   530       64.0000       26.0000 31616650   59.37%
  99061 31773       26.6410   714       64.0000       26.0000 31810029   59.37%
Elapsed time = 1763.31 sec. (1371017.32 ticks, tree = 1354.07 MB, solutions = 7)
  99222 32081       57.0000   457       64.0000       26.0000 32072541   59.37%
  99372 31876    infeasible             64.0000       26.0000 31903205   59.37%
  99596 32175       29.6923   657       64.0000       26.0000 32177729   59.37%
  99773 31995       34.0000   666       64.0000       26.0000 32019621   59.37%
  99990 32130       32.0000   554       64.0000       26.0000 32114531   59.37%
 100195 32481       57.1429   567       64.0000       26.0233 32462252   59.34%

GUB cover cuts applied:  2052
Clique cuts applied:  32
Cover cuts applied:  3504
Implied bound cuts applied:  772
Flow cuts applied:  58
Mixed integer rounding cuts applied:  973
Zero-half cuts applied:  43
Lift and project cuts applied:  6
Gomory fractional cuts applied:  51

Root node processing (before b&c):
  Real time             =    0.73 sec. (608.88 ticks)
Parallel b&c, 8 threads:
  Real time             = 1799.28 sec. (1396773.99 ticks)
  Sync time (average)   =  226.40 sec.
  Wait time (average)   =    0.03 sec.
                          ------------
Total (root+branch&cut) = 1800.02 sec. (1397382.87 ticks)
! --------------------------------------------------------
! Status: FEASIBLE (time limit or other stopping criterion reached)
! Best span = 64
! Labeling: 17 50 10 1 9 34 10 34 49 1 34 10 9 9 9 34 18 1 34 1 26 1 50 64 2 7 26 9 24 18 42 26 1 26 10 10 50 1 10 1 26 26 18 17 18 9 9 17 26 34 50 18 1 18 58 26 26 34 39 
! --------------------------------------------------------
! All verification passed
