! Solving for graph /home/truongxuanhieu/CPLEX-MIP-for-MinSpanLabeling/benchmarks/cabp/N-bcsstk07.mtx.rnd
! Target value is set to 41
! Lower bound is set to 42
! Upper bound is set to 525
! Time limit is set to 1800
! Vertices mode is set to Has hole
! Target value mode is set to Cyclic Antibandwidth
Version identifier: 22.2.0.0 | 2026-05-04 | 5dff98e58
CPXPARAM_TimeLimit                               1800
Tried aggregator 2 times.
MIP Presolve eliminated 3721 rows and 1102 columns.
MIP Presolve modified 220658 coefficients.
Aggregator did 8700 substitutions.
Reduced MIP has 20702 rows, 236379 columns, and 492616 nonzeros.
Reduced MIP has 224378 binaries, 4141 generals, 0 SOSs, and 7860 indicators.
Presolve time = 0.72 sec. (1597.85 ticks)
Probing time = 0.70 sec. (490.86 ticks)
Tried aggregator 2 times.
Detecting symmetries...
Aggregator did 4 substitutions.
Reduced MIP has 20698 rows, 236375 columns, and 492612 nonzeros.
Reduced MIP has 224378 binaries, 4557 generals, 0 SOSs, and 7860 indicators.
Presolve time = 0.58 sec. (427.78 ticks)
Probing time = 0.13 sec. (59.26 ticks)
Clique table members: 71618.
MIP emphasis: balance optimality and feasibility.
MIP search method: dynamic search.
Parallel mode: deterministic, using up to 8 threads.
Root relaxation solution time = 1.01 sec. (644.10 ticks)

        Nodes                                         Cuts/
   Node  Left     Objective  IInf  Best Integer    Best Bound    ItCnt     Gap

      0     0       82.0000  2259                     82.0000     4297         
      0     0       82.0000  3712                  Cuts: 5274     7083         
      0     0       82.0000  3736                  Cuts: 5274     7537         
      0     2       82.0000  3736                     82.0000     7537         
Elapsed time = 38.13 sec. (53241.69 ticks, tree = 0.02 MB, solutions = 0)
      1     3       82.0000  3838                     82.0000     8320         
      5     6       82.0000  4083                     82.0000     9380         
      9     4       82.0000  3925                     82.0000     8922         
     11     9       82.0000  3464                     82.0000    10647         
     15    11       82.0000  4063                     82.0000    11648         
     18     9       82.0000  3447                     82.0000    10614         
     19    14       83.0000  3648                     82.0000    12715         
     23    16       82.0000  4186                     82.0000    14320         
     26    21       82.0000  4142                     82.0000    16911         
     31    28      103.0000  3254                     82.0000    21331         
Elapsed time = 42.62 sec. (57328.98 ticks, tree = 2.34 MB, solutions = 0)
     44    36       82.0000  3404                     82.0000    29243         
     83    44       82.0000  3148                     82.0000    31263         
     96    98      123.0000  3045                     82.0000    44007         
    137   103      123.0000  3028                     82.0000    49460         
    198   128       82.0000  3571                     82.0000    55827         
    265   208      123.0000  4145                     82.0000    68664         
    348   300      328.0000  2919                     82.0000    79931         
    427   326      287.0000  2875                     82.0000    81120         
    511   349      246.0000  3607                     82.0000    87039         
    603   498      246.0000  3017                     82.0000   102969         
Elapsed time = 56.43 sec. (67075.10 ticks, tree = 111.02 MB, solutions = 0)
    695   514       82.0000  3174                     82.0000   105137         
    777   559      287.0000  3096                     82.0000   108805         
    862   691      370.0000  2431                     82.0000   121535         
    938   750      123.0000  3003                     82.0000   133093         
   1026   824      370.0000  2480                     82.0000   136411         
   1084   859      164.0000  3460                     82.0000   143835         
   1110   898      226.0000  2783                     82.0000   148141         
   1182  1000      206.0000  2800                     82.0000   157550         
   1268  1039      458.0000  3135                     82.0000   161029         
   1362  1076      288.0000  2702                     82.0000   163771         
Elapsed time = 68.98 sec. (76726.85 ticks, tree = 281.14 MB, solutions = 0)
   1442  1222      164.0000  2937                     82.0000   179296         
   1530  1316      246.0000  3139                     82.0000   184864         
   1634  1378      164.0000  3038                     82.0000   197113         
   1720  1459      397.0000  3135                     82.0000   199428         

Performing restart 1

Repeating presolve.
Tried aggregator 1 time.
Reduced MIP has 20698 rows, 236375 columns, and 492612 nonzeros.
Reduced MIP has 224378 binaries, 4557 generals, 0 SOSs, and 7860 indicators.
Presolve time = 0.27 sec. (247.96 ticks)
Tried aggregator 1 time.
Reduced MIP has 20698 rows, 236375 columns, and 492612 nonzeros.
Reduced MIP has 224378 binaries, 4557 generals, 0 SOSs, and 7860 indicators.
Presolve time = 0.48 sec. (375.13 ticks)
Represolve time = 1.80 sec. (1338.42 ticks)
   1757     0       82.0000  4131                  Cuts: 5274   229971         
   1757     0       82.0000  4384                  Cuts: 5108   235336         
   1757     0       82.0000  4887                  Cuts: 5274   245176         
   1757     0       82.0000  4664                  Cuts: 5213   256926         
   1757     0       82.0000  4655                  Cuts: 5089   269846         
   1757     0       82.0000  4792                  Cuts: 2829   277551         
   1757     2       82.0000  4098                     82.0000   277551         
   1766    11      123.0000  3260                     82.0000   279030         
   1777    18      123.0000  3204                     82.0000   279171         
   1797     3       82.0000  4070                     82.0000   278088         
   1853    64      123.0000  3318                     82.0000   285736         
   1902   118      164.0000  3072                     82.0000   290875         
Elapsed time = 401.29 sec. (620937.88 ticks, tree = 17.03 MB, solutions = 0)
   1963   156      123.0000  3246                     82.0000   298630         
   2060   223      123.0000  3212                     82.0000   305073         
   2135   267      513.0000  3060                     82.0000   307477         
   2234   336      123.0000  3364                     82.0000   311477         
   2377   486      104.0000  3393                     82.0000   314388         
   2505   518      123.0000  3529                     82.0000   315852         
   2596   653      504.0000  3289                     82.0000   318272         
   2692   824      165.0000  3171                     82.0000   327022         
   2787   875      164.0000  3168                     82.0000   329026         
   2883   886      164.0000  3009                     82.0000   329667         
Elapsed time = 414.68 sec. (630545.67 ticks, tree = 185.75 MB, solutions = 0)
   2993  1010      124.0000  3291                     82.0000   333565         
   3110  1125      525.0000  3194                     82.0000   339470         
   3207  1208      164.0000  3230                     82.0000   343077         
   3289  1308      165.0000  3341                     82.0000   345133         
   3390  1433      164.0000  3486                     82.0000   349492         
   3500  1488      164.0000  3508                     82.0000   352423         
   3603  1535      170.0000  3338                     82.0000   352847         
   3717  1665      175.0000  3314                     82.0000   361398         
   3847  1751      164.0000  3297                     82.0000   365809         
   3991  1906      164.0000  3237                     82.0000   370973         
Elapsed time = 428.20 sec. (640157.63 ticks, tree = 446.90 MB, solutions = 0)
   4126  2068      164.0000  3117                     82.0000   378765         
   4255  2169      525.0000  2653                     82.0000   382435         
   4380  2201      186.0000  3383                     82.0000   384289         
   4487  2284      164.0000  3147                     82.0000   386783         
   4626  2506      165.0000  3323                     82.0000   394502         
   4759  2563      164.0000  3022                     82.0000   396085         
   4902  2675      525.0000  2309                     82.0000   401574         
   5064  2742      164.0000  3075                     82.0000   402489         
   5173  2977      165.0000  3167                     82.0000   411419         
   5298  3000      525.0000  2176                     82.0000   411850         
Elapsed time = 441.19 sec. (649762.51 ticks, tree = 734.21 MB, solutions = 0)
   5413  3183      200.0000  3203                     82.0000   416942         
   5525  3224      177.0000  3035                     82.0000   416788         
   5663  3249      187.0000  3050                     82.0000   416832         
   5766  3534      123.0000  3672                     82.0000   427449         
   5893  3617      144.0000  3322                     82.0000   431937         
   6001  3676      123.0000  3151                     82.0000   435859         
   6083  3724      521.0000  3100                     82.0000   437574         
   6179  3822      123.0000  3368                     82.0000   440805         
   6273  3966      164.0000  3177                     82.0000   443002         
   6361  3964      123.0000  3476                     82.0000   442602         
Elapsed time = 454.32 sec. (659374.86 ticks, tree = 983.28 MB, solutions = 0)
   6444  4003    infeasible                           82.0000   448154         
   6546  4094      329.0000  2904                     82.0000   448074         
   6623  4234      329.0000  2923                     82.0000   461811         
   6712  4287      178.0000  3253                     82.0000   464814         
   6800  4409      191.0000  3135                     82.0000   481317         
   6917  4528      199.0000  3523                     82.0000   486813         
   7000  4560      164.0000  3212                     82.0000   487594         
   7085  4581      164.0000  3664                     82.0000   492911         
   7175  4759      179.0000  2925                     82.0000   498508         
   7266  4753      194.0000  3003                     82.0000   498540         
Elapsed time = 466.35 sec. (668976.45 ticks, tree = 1194.20 MB, solutions = 0)
   7365  4934      164.0000  3455                     82.0000   510231         
   7432  4997      175.0000  2982                     82.0000   512876         
   7502  5062    infeasible                           82.0000   524581         
   7597  5157      175.0000  3032                     82.0000   528558         
   7679  5249      175.0000  3037                     82.0000   542953         
   7759  5188       90.2000  4668                     82.0000   544709         
   7837  5339      164.0000  3638                     82.0000   547926         
   7897  5370      164.0000  3789                     82.0000   554346         
   7943  5441       95.6667  4605                     82.0000   559833         
   8192  5761      173.0000  3440                     82.0000   603277         
Elapsed time = 481.33 sec. (681413.89 ticks, tree = 1471.16 MB, solutions = 0)
   8505  6054      164.0000  3604                     82.0000   623992         
   8899  6218      165.0000  3201                     82.0000   635310         
   9213  6675      164.0000  3608                     82.0000   665086         
   9511  6889      205.0000  3377                     82.0000   683219         
   9819  7192      164.0000  3646                     82.0000   714482         
  10163  7424      165.0000  3315                     82.0000   734581         
  10179  7630      206.0000  3365                     82.0000   744171         
  10184  7599      247.0000  3011                     82.0000   742752         

Performing restart 2

Repeating presolve.
Tried aggregator 1 time.
Reduced MIP has 20698 rows, 236375 columns, and 507275 nonzeros.
Reduced MIP has 224378 binaries, 4557 generals, 0 SOSs, and 7860 indicators.
Presolve time = 0.30 sec. (256.22 ticks)
Tried aggregator 1 time.
Reduced MIP has 20698 rows, 236375 columns, and 507275 nonzeros.
Reduced MIP has 224378 binaries, 4557 generals, 0 SOSs, and 7860 indicators.
Presolve time = 0.46 sec. (368.22 ticks)
Represolve time = 7.41 sec. (6342.13 ticks)
  10186     0       82.0000  4896                  Cuts: 5274   769642         
  10186     0       82.0000  4604                  Cuts: 5274   779767         
  10186     0       82.4713  5643                  Cuts: 4962   796183         
  10186     0       82.4824  5790                  Cuts: 5274   800919         
  10186     0       82.4824  6425                  Cuts: 3480   808081         
  10186     0       82.4824  5694                  Cuts: 1999   813245         
  10186     0       82.4824  5951                  Cuts: 5274   818052         
  10186     0       82.4824  5646                  Cuts: 2431   822649         
  10186     0       82.4824  5846                  Cuts: 5274   827447         
  10186     0       82.4824  5585                  Cuts: 2214   833517         
  10186     0       82.4824  5773                  Cuts: 5274   838285         
  10186     0       82.4824  5561                  Cuts: 2867   844346         
  10186     0       82.4824  5550                  Cuts: 5274   849412         
  10186     0       82.4824  5463                  Cuts: 2842   855489         
  10186     0       82.4824  5514                  Cuts: 5274   861153         
  10186     2       82.4824  4649                     82.4824   861153         
  10204    20      103.0000  3971                     82.4824   864264         
Elapsed time = 1332.15 sec. (1858577.81 ticks, tree = 3.04 MB, solutions = 0)
  10228    38      103.0000  3971                     82.4824   864437         
  10367   156      103.0000  3238                     83.0000   872494         
  10469   259      164.0000  3437                     83.0000   884778         
  10573   350      185.0000  3043                     83.0000   898240         
  10659   457      124.0000  3454                     83.0000   927815         
  10761   523      124.0000  3553                     83.0000   948604         
  10867   604      525.0000  3224                     83.0000   957633         
  10997   711      247.0000  3112                     83.0000   965819         
  11124   855      226.0000  3181                     83.0000   979396         
  11266   986      145.0000  3202                     83.0000   991532         
Elapsed time = 1404.66 sec. (1897085.20 ticks, tree = 231.52 MB, solutions = 0)
  11400  1083      525.0000  3177                     83.0000   995022         
  11524  1278      185.0000  3145                     83.0000  1007863         
  11636  1330      247.0000  2917                     83.0000  1010349         
  11757  1483      165.0000  3093                     83.0000  1021613         
  11883  1564      406.0000  2921                     83.0000  1030146         
  12015  1752      327.0000  2986                     83.0000  1039933         
  12247  1919      327.0000  2987                     83.0000  1050133         
  12482  2024      247.0000  2892                     83.0000  1055616         
  12594  2284      247.0000  2771                     83.0000  1068895         
  12738  2486      143.0000  3117                     83.0000  1090225         
Elapsed time = 1474.76 sec. (1935501.44 ticks, tree = 666.12 MB, solutions = 0)
  12888  2555      164.0000  3036                     83.0000  1094207         
  13232  2665      266.0000  2647                     83.0000  1105790         
  13349  3028      266.0000  2405                     83.0000  1127249         
  13410  3116      329.0000  3264                     83.0000  1149057         
  13497  3143      288.0000  2330                     83.0000  1150809         
  13616  3202      369.0000  2913                     83.0000  1170739         
  13719  3324      165.0000  3280                     83.0000  1193612         
  13814  3458      287.0000  3131                     83.0000  1209182         
  14048  3546      289.0000  2520                     83.0000  1221165         
  14253  3721      510.0000  2174                     83.0000  1236084         
Elapsed time = 1548.14 sec. (1973876.01 ticks, tree = 1031.26 MB, solutions = 0)
  14378  4027      268.0000  3411                     83.0000  1270295         
  14461  4062      165.0000  3306                     83.0000  1278651         
  14580  4115      268.0000  3263                     83.0000  1284392         
  14688  4222      268.0000  3257                     83.0000  1305277         
  14838  4371      268.0000  3326                     83.0000  1325603         
  15006  4496      206.0000  3253                     83.0000  1343263         
  15237  4608      288.0000  3151                     83.0000  1350732         
  15342  4692      247.0000  3330                     83.0000  1371099         
  15456  5017      165.0000  3776                     83.0000  1397801         
  15577  5075      331.0000  3186                     83.0000  1406401         
Elapsed time = 1621.26 sec. (2012306.09 ticks, tree = 1441.56 MB, solutions = 0)
  15747  5194      205.0000  3510                     83.0000  1415770         
  16043  5258      328.0000  2964                     83.0000  1419362         
  16191  5685      125.0000  3542                     83.0000  1458117         
  16296  5766      165.0000  3844                     83.0000  1468275         
  16427  5829      328.0000  2926                     83.0000  1474568         
  16546  6104      329.0000  3239                     83.0000  1500098         
  16660  6123      329.0000  3228                     83.0000  1501647         
  16879  6268      329.0000  2866                     83.0000  1520609         
  17100  6348      331.0000  2414                     83.0000  1532309         
  17187  6730      205.0000  4108                     83.0000  1581232         
Elapsed time = 1692.23 sec. (2050816.09 ticks, tree = 1951.84 MB, solutions = 0)
  17292  6786      186.0000  3590                     83.0000  1603243         
  17425  6892      247.0000  3437                     83.0000  1616412         
  17570  6937      288.0000  3215                     83.0000  1625244         
  17759  7035      226.0000  3451                     83.0000  1635091         
  18067  7307      205.0000  3597                     83.0000  1649494         
  18427  7380      205.0000  3577                     83.0000  1651450         
  18737  7747      478.0000  2081                     83.0000  1663978         
  18883  8363      246.0000  3458                     83.0000  1712244         
  18989  8374      164.0000  3695                    103.0000  1715299         
  19093  8412      226.0000  3678                    103.0000  1726134         
Elapsed time = 1758.51 sec. (2089059.09 ticks, tree = 2476.58 MB, solutions = 0)
Nodefile size = 410.05 MB (265.67 MB after compression)
  19201  8628      369.0000  2840                    103.0000  1760968         
  19318  8734      144.0000  3446                    103.0000  1775442         
  19429  8770      287.0000  3393                    103.0000  1781441         
  19625  9021      287.0000  3156                    103.0000  1803911         
  19934  9130      328.0000  3257                    103.0000  1811334         
  20231  9397      287.0000  2987                    103.0000  1832159         

GUB cover cuts applied:  60
Clique cuts applied:  12
Cover cuts applied:  1954
Implied bound cuts applied:  2194
Flow cuts applied:  256
Mixed integer rounding cuts applied:  4777
Zero-half cuts applied:  19
Lift and project cuts applied:  1
Gomory fractional cuts applied:  3

Root node processing (before b&c):
  Real time             =   37.91 sec. (53155.35 ticks)
Parallel b&c, 8 threads:
  Real time             = 1764.43 sec. (2061048.19 ticks)
  Sync time (average)   =  191.16 sec.
  Wait time (average)   =    0.95 sec.
                          ------------
Total (root+branch&cut) = 1802.34 sec. (2114203.54 ticks)
! --------------------------------------------------------
! Problem is UNKNOWN
! CPLEX Status = AbortTimeLim
! --------------------------------------------------------
