! Solving for graph /home/truongxuanhieu/CPLEX-MIP-for-MinSpanLabeling/benchmarks/cabp/O-impcol_d.mtx.rnd
! Target value is set to 131
! Lower bound is set to 132
! Upper bound is set to 532
! Time limit is set to 1800
! Vertices mode is set to Has hole
! Target value mode is set to Cyclic Antibandwidth
Version identifier: 22.2.0.0 | 2026-05-04 | 5dff98e58
CPXPARAM_TimeLimit                               1800
Tried aggregator 2 times.
MIP Presolve eliminated 1268 rows and 1116 columns.
MIP Presolve modified 226259 coefficients.
Aggregator did 3809 substitutions.
Reduced MIP has 8462 rows, 232178 columns, and 471964 nonzeros.
Reduced MIP has 227526 binaries, 1693 generals, 0 SOSs, and 2959 indicators.
Presolve time = 0.65 sec. (983.46 ticks)
Probing time = 0.91 sec. (449.44 ticks)
Tried aggregator 1 time.
Detecting symmetries...
Reduced MIP has 8462 rows, 232178 columns, and 471964 nonzeros.
Reduced MIP has 227526 binaries, 2118 generals, 0 SOSs, and 2959 indicators.
Presolve time = 0.47 sec. (342.07 ticks)
Probing time = 0.14 sec. (54.45 ticks)
Clique table members: 69541.
MIP emphasis: balance optimality and feasibility.
MIP search method: dynamic search.
Parallel mode: deterministic, using up to 8 threads.
Root relaxation solution time = 0.43 sec. (331.30 ticks)

        Nodes                                         Cuts/
   Node  Left     Objective  IInf  Best Integer    Best Bound    ItCnt     Gap

      0     0      262.0000   966                    262.0000     1244         
      0     0      262.0000  2374                  Cuts: 2215     3167         
      0     0      262.0000  1770                  Cuts: 2215     4350         
      0     0      262.0000  2711                  Cuts: 2215     5792         
Detecting symmetries...
      0     2      262.0000  2016                    262.0000     5792         
Elapsed time = 29.32 sec. (42689.40 ticks, tree = 0.02 MB, solutions = 0)
      5     7      262.0000  1885                    262.0000     6309         
     11    11      263.0000  1838                    262.0000     7405         
     25    20      262.0000  2025                    262.0000    11332         
     42    38      393.0000  1408                    262.0000    17769         
     55    41      262.0000  1922                    262.0000    18965         
     74    52      393.0000  1459                    262.0000    20332         
     94    58      393.0000  2141                    262.0000    23151         
    111    90      263.0000  1848                    262.0000    27699         
    118   115      328.0000  1520                    262.0000    30666         
    124   126      329.0000  1602                    262.0000    37440         
Elapsed time = 36.87 sec. (46854.71 ticks, tree = 8.68 MB, solutions = 0)
    236   204      393.0000  1478                    262.0000    44045         
    415   258      262.0000  1731                    262.0000    47869         
    527   472      394.0000  1365                    262.0000    53536         
    662   552      524.0000  1334                    262.0000    55774         
    823   679      525.0000  1325                    262.0000    59693         
   1016   896      525.0000  1235                    262.0000    64291         
   1202  1052      525.0000  1238                    262.0000    66616         
   1374  1173      525.0000  1145                    262.0000    68281         
   1520  1376      525.0000  1175                    262.0000    71538         
   1630  1470      459.0000  1275                    262.0000    72926         
Elapsed time = 49.51 sec. (56429.95 ticks, tree = 211.74 MB, solutions = 0)
   1771  1560      525.0000  1088                    262.0000    74810         
   1956  1799      525.0000  1082                    262.0000    85963         
   2124  1864      525.0000  1168                    262.0000    86695         
   2276  2110      525.0000  1035                    262.0000    90913         
   2432  2178      524.0000  1326                    262.0000    91902         
   2616  2362      394.0000  1345                    262.0000    95608         
   2806  2603      525.0000  1232                    262.0000   103051         
   2962  2666      394.0000  1306                    262.0000   104071         
   3088  2831      394.0000  1248                    262.0000   106185         
   3263  3010    infeasible                          262.0000   114135         
Elapsed time = 61.44 sec. (66015.90 ticks, tree = 461.96 MB, solutions = 0)
   3480  3117      525.0000   829                    262.0000   116128         
   3741  3249    infeasible                          262.0000   118824         
   4062  3439      394.0000  1216                    262.0000   120728         
   4335  3557      394.0000  1210                    262.0000   121843         
   4568  3632      394.0000  1166                    262.0000   122614         
   4836  3813      394.0000  1201                    262.0000   123430         
   5104  3953      394.0000  1380                    262.0000   123861         
   5387  4038    infeasible                          262.0000   124852         
   5610  4145    infeasible                          262.0000   125635         
   5882  4204      394.0000  1161                    262.0000   126050         
Elapsed time = 72.27 sec. (75586.49 ticks, tree = 655.64 MB, solutions = 0)
   6126  4220    infeasible                          262.0000   126231         
   6476  4270      525.0000   785                    262.0000   126740         
   6823  4318      394.0000  1200                    262.0000   127055         
   7092  4349    infeasible                          262.0000   127406         
   7350  4380    infeasible                          262.0000   128027         
   7632  4409      525.0000  1210                    262.0000   128427         
   8001  4422      412.0000  1050                    262.0000   128621         
   8339  4449    infeasible                          262.0000   128994         
   8606  4471      394.0000  1295                    262.0000   129216         
   8872  4491    infeasible                          262.0000   129586         
Elapsed time = 81.51 sec. (85132.63 ticks, tree = 695.03 MB, solutions = 0)
   9150  4495    infeasible                          262.0000   129710         
   9503  4528      394.0000  1184                    262.0000   130425         
   9857  4530      394.0000  1181                    262.0000   130457         
  10136  4542    infeasible                          262.0000   130819         
  10389  4559      394.0000  1295                    262.0000   131021         
  10649  4637      394.0000  1181                    262.0000   131951         
  10974  4636    infeasible                          262.0000   131979         
  11345  4693    infeasible                          262.0000   132634         
  11667  4703    infeasible                          262.0000   132872         
  11943  4709    infeasible                          262.0000   132879         
Elapsed time = 90.96 sec. (94707.15 ticks, tree = 723.31 MB, solutions = 0)
  12214  4731    infeasible                          262.0000   133810         
  12485  4750    infeasible                          262.0000   134118         
  12821  4768    infeasible                          262.0000   134871         
  13195  4770    infeasible                          262.0000   135015         
  13523  4771      525.0000   756                    262.0000   135040         
  13802  4795      412.0000  1040                    262.0000   135750         
  14058  4805      524.0000  1126                    262.0000   135881         
  14325  4828      525.0000   756                    262.0000   136078         
  14619  4859      525.0000   753                    262.0000   136679         
  14959  4865    infeasible                          262.0000   136967         
Elapsed time = 100.67 sec. (104291.67 ticks, tree = 741.38 MB, solutions = 0)
  15277  4933      393.0000  1465                    262.0000   143920         
  15548  4929      525.0000   782                    262.0000   143884         
  15789  4964    infeasible                          262.0000   144234         
  16033  5063    infeasible                          262.0000   148699         
  16291  5197      499.0000  1134                    262.0000   154558         
  16588  5194      525.0000   742                    262.0000   154616         
  16900  5205    infeasible                          262.0000   154792         
  17185  5291    infeasible                          262.0000   161742         
  17464  5436      393.0000  1547                    262.0000   167594         
  17762  5673      394.0000  1389                    262.0000   172326         
Elapsed time = 111.26 sec. (113858.57 ticks, tree = 868.23 MB, solutions = 0)
  18077  5759      393.0000  1518                    262.0000   172778         
  18338  5685    infeasible                          262.0000   172789         
  18647  5942      525.0000   779                    262.0000   174114         
  18979  6217      393.0000  1344                    262.0000   181116         
  19263  6217      525.0000  1109                    262.0000   181392         
  19543  6226    infeasible                          262.0000   181325         
  19790  6407    infeasible                          262.0000   187489         
  20025  6497    infeasible                          262.0000   188342         
  20310  6536    infeasible                          262.0000   188687         
  20589  6589      525.0000  1103                    262.0000   188832         
Elapsed time = 121.47 sec. (123420.40 ticks, tree = 1015.83 MB, solutions = 0)
  20882  6699      499.0000  1083                    262.0000   191220         
  21183  6723      394.0000  1423                    262.0000   191769         
  21402  6880      393.0000  1320                    262.0000   194222         
  21415  6930    infeasible                          262.0000   200883         
  21420  6993    infeasible                          262.0000   203347         
  21425  7098    infeasible                          262.0000   206089         
  21426  7101    infeasible                          262.0000   205922         
  21428  7104      381.0000  1878                    262.0000   208055         
  21436  7107      381.0000  1613                    262.0000   207595         
  21816  7213    infeasible                          262.0000   231191         
Elapsed time = 163.91 sec. (143483.70 ticks, tree = 1116.63 MB, solutions = 0)
  22452  7594      393.0000  1548                    262.0000   261035         
  23484  7921    infeasible                          262.0000   269707         
  24530  8477      394.0000  1357                    262.0000   286139         
  25735  9232      524.0000  1128                    262.0000   301512         
  26863  9462    infeasible                          262.0000   309482         
  27932 10377      393.0000  1455                    262.0000   335244         
  29148 11109      393.0000  1523                    262.0000   346829         
  30285 11452      524.0000  1182                    262.0000   351159         
  31431 12217      394.0000  1500                    262.0000   367482         
  32601 13262      393.0000  1656                    262.0000   383996         
Elapsed time = 206.76 sec. (181670.62 ticks, tree = 2110.99 MB, solutions = 0)
Nodefile size = 45.55 MB (18.50 MB after compression)
  33653 13791      394.0000  1402                    262.0000   393954         
  34741 14164    infeasible                          262.0000   406959         
  35935 14614      524.0000  1240                    262.0000   415852         
  36988 15820      394.0000  1387                    262.0000   443800         
  37974 16076      524.0000  1386                    262.0000   450176         
  39207 16212    infeasible                          262.0000   456757         
  40253 17106    infeasible                          262.0000   485053         
  41408 17759      524.0000  1481                    262.0000   494889         
  42528 18585      524.0000  1456                    262.0000   511034         
  43642 18982    infeasible                          262.0000   522448         
Elapsed time = 249.74 sec. (219852.05 ticks, tree = 3061.94 MB, solutions = 0)
Nodefile size = 987.04 MB (422.73 MB after compression)
  44752 20023      393.0000  1603                    262.0000   540196         
  45940 20646      393.0000  1884                    262.0000   545318         
  46976 20974      393.0000  1586                    262.0000   553410         
  48051 22203      393.0000  1288                    262.0000   568159         
  49160 22944    infeasible                          262.0000   583406         
  50145 23534      393.0000  1434                    262.0000   590655         
  51195 23928      393.0000  1415                    262.0000   602811         
  52286 24884      460.0000  1235                    262.0000   616108         
  53310 25457      393.0000  1449                    262.0000   626642         
  54255 26023    infeasible                          262.0000   638923         
Elapsed time = 293.12 sec. (258039.87 ticks, tree = 4266.00 MB, solutions = 0)
Nodefile size = 2196.16 MB (949.65 MB after compression)
  55268 26129      393.0000  1614                    262.0000   647885         
  56286 26924    infeasible                          262.0000   671177         
  57372 27336      393.0000  1516                    262.0000   676741         
  58398 27922      524.0000  1435                    262.0000   690577         
  59501 28687      393.0000  1463                    262.0000   706042         
  60592 29417      393.0000  1255                    262.0000   717637         
  61624 30074      393.0000  1622                    262.0000   727236         
  62714 30598      393.0000  1549                    262.0000   735577         
  63735 31405      394.0000  1331                    262.0000   743257         
  64675 31503      524.0000  1179                    262.0000   748714         
Elapsed time = 342.96 sec. (296227.27 ticks, tree = 5016.28 MB, solutions = 0)
Nodefile size = 2951.01 MB (1231.58 MB after compression)
  65596 32527      394.0000  1476                    262.0000   763206         
  66266 33082      393.0000  1505                    262.0000   766027         
  67006 33387    infeasible                          262.0000   770671         
  67635 33884      524.0000  1239                    262.0000   778533         
  68162 34401      394.0000  1541                    262.0000   794071         
  68631 34563    infeasible                          262.0000   796093         
  69110 35011    infeasible                          262.0000   804084         
  69565 35221      393.0000  1417                    262.0000   812242         
  70081 35342      395.0000  1341                    262.0000   821136         
  70574 35568      393.0000  1365                    262.0000   823750         
Elapsed time = 423.78 sec. (334429.68 ticks, tree = 5384.49 MB, solutions = 0)
Nodefile size = 3305.71 MB (1282.63 MB after compression)
  71094 36165      393.0000  1322                    262.0000   828473         
  71586 36402      393.0000  1533                    262.0000   833875         
  72106 36722      393.0000  1523                    262.0000   840218         
  72609 36861      394.0000  1302                    262.0000   842151         
  73082 37371    infeasible                          262.0000   851041         
  73663 37710      393.0000  1526                    262.0000   855330         
  74256 37864      393.0000  1494                    262.0000   858519         
  74805 38449      393.0000  1538                    262.0000   865216         
  75316 38856      394.0000  1372                    262.0000   869028         
  75897 39246      393.0000  1349                    262.0000   872766         
Elapsed time = 513.15 sec. (372646.87 ticks, tree = 5718.71 MB, solutions = 0)
Nodefile size = 3640.12 MB (1332.48 MB after compression)
  76443 39775      393.0000  1559                    262.0000   880732         
  76957 40086      393.0000  1523                    262.0000   888155         
  77434 40308      394.0000  1419                    262.0000   891153         
  77903 40655      394.0000  1249                    262.0000   895760         
  78392 40962      393.0000  1510                    262.0000   900702         
  78862 41351    infeasible                          262.0000   903975         
  79341 41671      394.0000  1397                    262.0000   908439         
  79813 41843      394.0000  1264                    262.0000   911992         
  80278 42263      393.0000  1459                    262.0000   919912         
  80744 42576      393.0000  1679                    262.0000   923490         
Elapsed time = 596.07 sec. (410872.49 ticks, tree = 6011.00 MB, solutions = 0)
Nodefile size = 3937.00 MB (1373.57 MB after compression)
  81303 42861    infeasible                          262.0000   928298         
  81886 43298      393.0000  1719                    262.0000   931268         
  82434 43675      393.0000  1550                    262.0000   938709         
  82899 43988      393.0000  1444                    262.0000   945676         
  83394 44257      393.0000  1539                    262.0000   949574         
  84066 44683      393.0000  1539                    262.0000   953632         
  84633 45200      393.0000  1514                    262.0000   961627         
  85149 45575    infeasible                          262.0000   965947         
  85613 45931      394.0000  1436                    262.0000   972842         
  86206 46339      393.0000  1974                    262.0000   978826         
Elapsed time = 686.85 sec. (449079.50 ticks, tree = 6355.12 MB, solutions = 0)
Nodefile size = 4279.23 MB (1428.45 MB after compression)
  86731 46739      393.0000  1535                    262.0000   980996         
  87237 47196    infeasible                          262.0000   986483         
  87756 47341      394.0000  1413                    262.0000   991709         
  88244 47657      393.0000  1454                    262.0000   996806         
  88686 47920    infeasible                          262.0000   999319         
  89221 48381      393.0000  1417                    262.0000  1007284         
  89748 48539      393.0000  1443                    262.0000  1009731         
  90296 48865      393.0000  1246                    262.0000  1015415         
  90730 49120      394.0000  1336                    262.0000  1019042         
  91256 49775      393.0000  1272                    262.0000  1026383         
Elapsed time = 773.46 sec. (487304.69 ticks, tree = 6680.34 MB, solutions = 0)
Nodefile size = 4608.05 MB (1490.58 MB after compression)
  91752 50023      393.0000  1724                    262.0000  1030407         
  92391 50174      394.0000  1419                    262.0000  1033170         
  92879 50752      394.0000  1226                    262.0000  1037777         
  93361 51217      524.0000  1141                    262.0000  1042429         
  93804 51547      416.0000  1593                    262.0000  1046729         
  94217 51832      393.0000  1520                    262.0000  1051815         
  94229 52269    infeasible                          262.0000  1057695         
  94276 52343      524.0000  1362                    262.0000  1058982         
  94653 52402      393.0000  1360                    262.0000  1059817         
  95078 52419      394.0000  1190                    263.0000  1059952         
Elapsed time = 863.81 sec. (526258.64 ticks, tree = 6904.28 MB, solutions = 0)
Nodefile size = 4823.38 MB (1511.20 MB after compression)
  95640 53008      393.0000  1642                    263.0000  1067062         
  96255 53184      393.0000  1827                    263.0000  1069526         
  96868 53684      393.0000  1581                    263.0000  1075979         
  97430 53949      393.0000  1615                    263.0000  1080336         
  97969 54596      393.0000  1435                    263.0000  1088244         
  98475 55060      524.0000  1168                    263.0000  1091792         
  99021 55272      393.0000  1663                    263.0000  1096409         
  99488 55673      393.0000  1475                    263.0000  1098836         
  99952 55802      393.0000  1500                    263.0000  1101383         
 100427 56225      393.0000  1129                    263.0000  1108441         
Elapsed time = 948.67 sec. (564468.63 ticks, tree = 7277.99 MB, solutions = 0)
Nodefile size = 5216.22 MB (1597.07 MB after compression)
 100851 56607      393.0000  1617                    263.0000  1116216         
 101352 56753    infeasible                          263.0000  1117960         
 101863 57212      393.0000  1803                    263.0000  1122571         
 102385 57379      393.0000  1422                    263.0000  1125828         
 102886 57694      393.0000  1391                    263.0000  1131853         
 103358 58131      524.0000  1083                    263.0000  1136253         
 103903 58684    infeasible                          263.0000  1142664         
 104417 59044      393.0000  1573                    263.0000  1145688         
 105021 59338      394.0000  1365                    263.0000  1151162         
 105476 59516      393.0000  1422                    263.0000  1154470         
Elapsed time = 1033.90 sec. (602694.43 ticks, tree = 7563.81 MB, solutions = 0)
Nodefile size = 5486.43 MB (1640.32 MB after compression)
 105934 60187      393.0000  1503                    263.0000  1167196         
 106368 60588    infeasible                          263.0000  1170219         
 106959 60897      393.0000  1575                    263.0000  1173457         
 107538 61132      393.0000  1598                    263.0000  1176243         
 108123 61522      393.0000  1388                    263.0000  1179726         
 108601 62032      393.0000  1226                    263.0000  1185785         
 109038 62282    infeasible                          263.0000  1191578         
 109521 62495      393.0000  1472                    263.0000  1194590         
 110025 62853      393.0000  1607                    263.0000  1198889         
 110531 63027      393.0000  1514                    263.0000  1204661         
Elapsed time = 1123.33 sec. (640924.01 ticks, tree = 7893.07 MB, solutions = 0)
Nodefile size = 5828.65 MB (1701.21 MB after compression)
 110977 63285      394.0000  1458                    263.0000  1208789         
 111443 63598      394.0000  1258                    263.0000  1210715         
 111930 64140      393.0000  1524                    263.0000  1220265         
 112606 64259      393.0000  1514                    263.0000  1221245         
 113185 64771      394.0000  1297                    263.0000  1229651         
 113661 65114      393.0000  1469                    263.0000  1232815         
 114091 65232      393.0000  1476                    263.0000  1237877         
 114610 65886      393.0000  1317                    263.0000  1244418         
 115173 66302      393.0000  1598                    263.0000  1249002         
 115704 66757      393.0000  1372                    263.0000  1252311         
Elapsed time = 1215.82 sec. (679118.93 ticks, tree = 8227.68 MB, solutions = 0)
Nodefile size = 6167.59 MB (1743.95 MB after compression)
 116228 66946      393.0000  1444                    263.0000  1254215         
 116704 67421      393.0000  1262                    263.0000  1257717         
 117137 67732    infeasible                          263.0000  1259433         
 117571 67951      393.0000  1483                    263.0000  1265775         
 118064 68444      393.0000  1512                    263.0000  1270422         
 118647 68589      393.0000  1530                    263.0000  1272015         
 119154 69186      393.0000  1528                    263.0000  1276732         
 119604 69471      393.0000  1522                    263.0000  1279423         
 120041 69806    infeasible                          263.0000  1281971         
 120586 70189      393.0000  1589                    263.0000  1287059         
Elapsed time = 1309.90 sec. (717317.29 ticks, tree = 8547.72 MB, solutions = 0)
Nodefile size = 6471.33 MB (1785.70 MB after compression)
 121134 70265    infeasible                          263.0000  1289475         
 121614 70667      393.0000  1480                    263.0000  1295172         
 122052 71099      393.0000  1193                    263.0000  1298934         
 122531 71407      393.0000  1501                    263.0000  1303301         
 123131 71557      394.0000  1411                    263.0000  1305633         
 123662 72319    infeasible                          263.0000  1311057         
 124204 72534      393.0000  1568                    263.0000  1312946         
 124704 72655      393.0000  1344                    263.0000  1314170         
 125144 73220      393.0000  1408                    263.0000  1317717         
 125578 73561      393.0000  1294                    263.0000  1322362         
Elapsed time = 1404.71 sec. (755542.78 ticks, tree = 8847.02 MB, solutions = 0)
Nodefile size = 6783.20 MB (1821.15 MB after compression)
 126114 74014      393.0000  1575                    263.0000  1326234         
 126746 74183      393.0000  1540                    263.0000  1327382         
 127292 74623      394.0000  1302                    263.0000  1330089         
 127585 75503      393.0000  1514                    263.0000  1336895         
 127784 75592      394.0000  1429                    263.0000  1342127         
 128137 75606      393.0000  1440                    263.0000  1354479         
 128479 75743      394.0000  1190                    263.0000  1356549         
 128969 75924    infeasible                          263.0000  1364647         
 129434 76227      393.0000  1439                    263.0000  1366445         
 129920 76514    infeasible                          263.0000  1370932         
Elapsed time = 1506.44 sec. (796763.38 ticks, tree = 9107.76 MB, solutions = 0)
Nodefile size = 7042.40 MB (1852.68 MB after compression)
 130380 77020      393.0000  1463                    263.0000  1374172         
 130818 77313      393.0000  1331                    263.0000  1379076         
 131264 77488      393.0000  1533                    263.0000  1387131         
 131756 77785      393.0000  1515                    263.0000  1387632         
 132331 78218      393.0000  1491                    263.0000  1393102         
 132813 78568      393.0000  1599                    263.0000  1397105         
 133258 78692      393.0000  1478                    263.0000  1399420         
 133662 78941      393.0000  1479                    263.0000  1401813         
 134145 79263      393.0000  1354                    263.0000  1404783         
 134670 79644      393.0000  1742                    263.0000  1408677         
Elapsed time = 1605.82 sec. (834976.95 ticks, tree = 9410.05 MB, solutions = 0)
Nodefile size = 7333.23 MB (1898.73 MB after compression)
 135167 80156    infeasible                          263.0000  1412915         
 135611 80387      394.0000  1540                    263.0000  1417106         
 136073 80598      393.0000  1410                    263.0000  1418804         
 136516 80885      394.0000  1264                    263.0000  1421255         
 136961 81406      393.0000  1577                    263.0000  1426030         
 137450 81796      394.0000  1373                    263.0000  1427178         
 138016 82085      393.0000  1745                    263.0000  1431168         
 138612 82485      393.0000  1570                    263.0000  1432405         
 139047 82661      393.0000  1500                    263.0000  1434508         
 139502 83238      393.0000  1515                    263.0000  1440897         
Elapsed time = 1703.91 sec. (873182.37 ticks, tree = 9748.33 MB, solutions = 0)
Nodefile size = 7680.06 MB (1964.28 MB after compression)
 139963 83425    infeasible                          263.0000  1443303         
 140476 83868      393.0000  1512                    263.0000  1448858         
 140984 84170      393.0000  1485                    263.0000  1450249         
 141480 84448      393.0000  1445                    263.0000  1452676         
 141576 84445      524.0000  1370                    263.0000  1453015         
 141690 85059      394.0000  1318                    263.0000  1460342         
 142056 85317      394.0000  1304                    263.0000  1463777         
 142465 85381      394.0000  1339                    263.0000  1465828         
 142961 85889      394.0000  1464                    263.0000  1473542         

Clique cuts applied:  1
Cover cuts applied:  232
Implied bound cuts applied:  3446
Mixed integer rounding cuts applied:  448
Zero-half cuts applied:  72
Lift and project cuts applied:  4
Gomory fractional cuts applied:  7

Root node processing (before b&c):
  Real time             =   29.11 sec. (42595.52 ticks)
Parallel b&c, 8 threads:
  Real time             = 1771.85 sec. (873913.73 ticks)
  Sync time (average)   = 1154.06 sec.
  Wait time (average)   =    0.00 sec.
                          ------------
Total (root+branch&cut) = 1800.97 sec. (916509.25 ticks)
! --------------------------------------------------------
! Problem is UNKNOWN
! CPLEX Status = AbortTimeLim
! --------------------------------------------------------
