! Solving for graph /home/truongxuanhieu/CPLEX-MIP-for-MinSpanLabeling/benchmarks/cabp/P-can__445.mtx.rnd
! Target value is set to 108
! Lower bound is set to 109
! Upper bound is set to 557
! Time limit is set to 1800
! Vertices mode is set to Has hole
! Target value mode is set to Cyclic Antibandwidth
Version identifier: 22.2.0.0 | 2026-05-04 | 5dff98e58
CPXPARAM_TimeLimit                               1800
Tried aggregator 2 times.
MIP Presolve eliminated 1683 rows and 1168 columns.
MIP Presolve modified 248032 coefficients.
Aggregator did 4699 substitutions.
Reduced MIP has 10637 rows, 255651 columns, and 521045 nonzeros.
Reduced MIP has 249714 binaries, 2128 generals, 0 SOSs, and 3809 indicators.
Presolve time = 0.69 sec. (1199.93 ticks)
Probing time = 0.93 sec. (488.09 ticks)
Tried aggregator 1 time.
Detecting symmetries...
Reduced MIP has 10637 rows, 255651 columns, and 521045 nonzeros.
Reduced MIP has 249714 binaries, 2573 generals, 0 SOSs, and 3809 indicators.
Presolve time = 0.51 sec. (371.49 ticks)
Probing time = 0.18 sec. (59.45 ticks)
Clique table members: 73403.
MIP emphasis: balance optimality and feasibility.
MIP search method: dynamic search.
Parallel mode: deterministic, using up to 8 threads.
Root relaxation solution time = 0.52 sec. (388.61 ticks)

        Nodes                                         Cuts/
   Node  Left     Objective  IInf  Best Integer    Best Bound    ItCnt     Gap

      0     0      216.0000  1191                    216.0000     1671         
      0     0      216.0000  2722                  Cuts: 2759     3246         
      0     0      216.0000  1850                  Cuts: 2759     4495         
      0     0      216.0000  2146                  Cuts: 2759     6030         
Detecting symmetries...
      0     2      216.0000  2044                    216.0000     6030         
Elapsed time = 31.95 sec. (44175.92 ticks, tree = 0.02 MB, solutions = 0)
      5     7      216.0000  2850                    216.0000     6607         
     10     7      216.0000  1999                    216.0000     6402         
     22     3      216.0000  2839                    216.0000     6607         
     43    37      324.0000  1778                    216.0000    16122         
     54    28      216.0000  2151                    216.0000    14741         
     60    55      216.0000  2026                    216.0000    22455         
     67    64      216.0000  2134                    216.0000    24040         
     71    66      258.0000  2950                    216.0000    25053         
     74    70      324.0000  1832                    216.0000    25682         
     79    80      324.0000  1720                    216.0000    31195         
Elapsed time = 39.43 sec. (49098.40 ticks, tree = 5.59 MB, solutions = 0)
    168   129      324.0000  1765                    216.0000    38950         
    286   215      325.0000  1642                    216.0000    43507         
    380   301      433.0000  1699                    216.0000    49961         
    455   396      325.0000  1730                    216.0000    54771         
    582   537      433.0000  1629                    216.0000    60435         
    712   550      433.0000  1703                    216.0000    60809         
    837   727      433.0000  1596                    216.0000    65350         
    963   858      541.0000  1458                    216.0000    68282         
   1101   889      540.0000  1535                    216.0000    69012         
   1221  1034      541.0000  1281                    216.0000    71864         
Elapsed time = 52.27 sec. (58700.12 ticks, tree = 162.75 MB, solutions = 0)
   1365  1168      540.0000  1564                    216.0000    76771         
   1500  1360      541.0000  1438                    216.0000    83546         
   1617  1428      541.0000  1418                    216.0000    86051         
   1715  1568      541.0000  1175                    216.0000    91497         
   1846  1633      541.0000  1324                    216.0000    95872         
   1974  1810      541.0000  1413                    216.0000   102719         
   2097  1913      541.0000  1251                    216.0000   110104         
   2218  1926      541.0000  1336                    216.0000   110390         
   2348  2154      541.0000  1240                    216.0000   125072         
   2478  2254      541.0000  1180                    216.0000   131754         
Elapsed time = 64.79 sec. (68318.81 ticks, tree = 391.78 MB, solutions = 0)
   2617  2335      324.0000  1775                    216.0000   136273         
   2737  2512      324.0000  1716                    216.0000   141808         
   2846  2592      433.0000  1378                    216.0000   142478         
   2974  2710      324.0000  1584                    216.0000   145954         
   3096  2760      216.0000  2000                    216.0000   150295         
   3223  3009      433.0000  1328                    216.0000   162189         
   3367  3135      333.0000  1712                    216.0000   167374         
   3517  3290      325.0000  1816                    216.0000   173183         
   3654  3376      325.0000  1577                    216.0000   174818         
   3764  3554      433.0000  1455                    216.0000   178947         
Elapsed time = 77.41 sec. (77907.11 ticks, tree = 636.17 MB, solutions = 0)
   3899  3594      541.0000   896                    216.0000   179256         
   4050  3772      541.0000   826                    216.0000   182617         
   4196  3960      433.0000  1277                    216.0000   185136         
   4341  4093      541.0000  1403                    216.0000   190277         
   4487  4159      541.0000  1179                    216.0000   191224         
   4632  4246      433.0000  1330                    216.0000   193835         
   4780  4446      541.0000  1523                    216.0000   198564         
   4972  4546      541.0000  1191                    216.0000   199368         
   5197  4630      432.0000  1466                    216.0000   201901         
   5391  4936      541.0000  1002                    216.0000   207693         
Elapsed time = 90.36 sec. (87527.53 ticks, tree = 898.55 MB, solutions = 0)
   5573  5167      432.0000  1402                    216.0000   207966         
   5793  5305      541.0000   910                    216.0000   211037         
   6037  5376      437.0000  1129                    216.0000   211543         
   6271  5581      437.0000  1088                    216.0000   213557         
   6493  5802      541.0000   828                    216.0000   214868         
   6752  5804    infeasible                          216.0000   214889         
   7030  6001      541.0000   836                    216.0000   215912         
   7257  6164      450.0000  1021                    216.0000   216708         
   7478  6336    infeasible                          216.0000   217836         
   7689  6353    infeasible                          216.0000   218150         
Elapsed time = 101.29 sec. (97102.20 ticks, tree = 1166.23 MB, solutions = 0)
   7915  6422      541.0000   703                    216.0000   222199         
   8155  6419    infeasible                          216.0000   222171         
   8393  6433    infeasible                          216.0000   222519         
   8641  6466      541.0000   703                    216.0000   223134         
   8841  6510      541.0000   696                    216.0000   224233         
   9033  6646      541.0000   696                    216.0000   231901         
   9252  6647    infeasible                          216.0000   231842         
   9470  6720      432.0000  1049                    216.0000   234045         
   9663  6769      450.0000   989                    216.0000   236263         
   9897  6764      541.0000   688                    216.0000   236256         
Elapsed time = 112.15 sec. (106660.27 ticks, tree = 1238.52 MB, solutions = 0)
  10134  6787      541.0000   793                    216.0000   236959         
  10388  6965      325.0000  1652                    216.0000   249538         
  10615  6968      541.0000   707                    216.0000   249733         
  10828  7082      324.0000  1778                    216.0000   253367         
  11065  7250      432.0000   989                    216.0000   259326         
  11324  7294      541.0000   663                    216.0000   262514         
  11623  7401      432.0000   989                    216.0000   264698         
  11917  7510    infeasible                          216.0000   267626         
  12177  7586      324.0000  1785                    216.0000   267699         
  12419  7627    infeasible                          216.0000   268198         
Elapsed time = 121.79 sec. (116234.74 ticks, tree = 1397.71 MB, solutions = 0)
  12652  7884      270.0000  1974                    216.0000   274729         
  12907  7939      270.0000  1974                    216.0000   274729         
  13146  7962    infeasible                          216.0000   276087         
  13371  8249      361.0000  1687                    216.0000   281984         
  13624  8168      541.0000   653                    216.0000   281399         
  13869  8561      541.0000   650                    216.0000   293220         
  14076  8683      325.0000  1504                    216.0000   295560         
  14320  8914      541.0000   654                    216.0000   305659         
  14530  8918    infeasible                          216.0000   305685         
  14766  9088      324.0000  1768                    216.0000   310130         
Elapsed time = 131.91 sec. (125816.92 ticks, tree = 1672.89 MB, solutions = 0)
  14986  9294      324.0000  1764                    216.0000   321997         
  15182  9310    infeasible                          216.0000   318295         
  15403  9579      324.0000  1574                    216.0000   324572         
  15565  9796      324.0000  1882                    216.0000   334362         
  15798 10019      324.0000  1864                    216.0000   337497         
  16051 10059      324.0000  1895                    216.0000   337554         
  16314 10306      325.0000  1800                    216.0000   345155         
  16598 10337      324.0000  1761                    216.0000   349248         
  16857 10542      216.0000  2017                    216.0000   350134         
  17667 11436      324.0000  1523                    216.0000   362583         
Elapsed time = 146.67 sec. (138247.95 ticks, tree = 2120.08 MB, solutions = 0)
Nodefile size = 49.84 MB (20.37 MB after compression)
  18531 12276      324.0000  1841                    216.0000   389262         
  19449 12755      325.0000  1743                    216.0000   393152         

Performing restart 1

Repeating presolve.
Tried aggregator 1 time.
Reduced MIP has 10637 rows, 255651 columns, and 521045 nonzeros.
Reduced MIP has 249714 binaries, 2573 generals, 0 SOSs, and 3809 indicators.
Presolve time = 0.29 sec. (254.09 ticks)
Tried aggregator 1 time.
Reduced MIP has 10637 rows, 255651 columns, and 521045 nonzeros.
Reduced MIP has 249714 binaries, 2573 generals, 0 SOSs, and 3809 indicators.
Presolve time = 0.54 sec. (384.30 ticks)
Represolve time = 2.35 sec. (1405.85 ticks)
  19747     0      216.0000  2157                  Cuts: 2759   419556         
  19747     0      216.0000  2319                  Cuts: 2759   423949         
  19747     0      216.0000  3272                  Cuts: 2759   429831         
  19747     0      216.0000  2461                  Cuts: 2759   433934         
  19747     0      216.0000  2494                  Cuts: 2759   439086         
  19747     2      216.0000  2344                    216.0000   439086         
  19841    36      324.0000  1872                    216.0000   444497         
  20276   410      325.0000  1910                    216.0000   468820         
  20856   931      432.0000  1696                    216.0000   483145         
  21245  1338      540.0000  1614                    216.0000   497948         
  21547  1606    infeasible                          216.0000   509147         
  21600  1695      334.0000  1930                    216.0000   521957         
  21674  1767      432.0000  1791                    216.0000   523491         
Elapsed time = 365.43 sec. (393659.96 ticks, tree = 294.06 MB, solutions = 0)
  21891  1891      540.0000  1776                    216.0000   534474         
  22199  2057      422.0000  1903                    216.0000   548318         
  22659  2472      541.0000  1595                    216.0000   573973         
  23051  2799      540.0000  1628                    216.0000   588864         
  23484  3138      344.0000  1920                    216.0000   609024         
  23898  3504      452.0000  1837                    216.0000   630250         
  24377  3900      540.0000  1719                    216.0000   646882         
  24844  4262      507.0000  1816                    216.0000   662765         
  25216  4623      226.0000  2216                    216.0000   678486         
  25622  4896      542.0000  1681                    216.0000   697917         
Elapsed time = 415.11 sec. (431916.14 ticks, tree = 872.43 MB, solutions = 0)
  26037  5217      452.0000  1864                    216.0000   724426         
  26486  5642      541.0000  1751                    216.0000   746193         
  26954  5921      540.0000  1738                    216.0000   761878         
  27416  6306      541.0000  1788                    216.0000   785124         
  27931  6748      540.0000  1765                    216.0000   809060         
  28427  7232      452.0000  1830                    216.0000   830004         
  28927  7546      541.0000  1770                    216.0000   848833         

Performing restart 2

Repeating presolve.
Tried aggregator 1 time.
MIP Presolve modified 279 coefficients.
Reduced MIP has 10637 rows, 255651 columns, and 577757 nonzeros.
Reduced MIP has 249714 binaries, 2573 generals, 0 SOSs, and 3809 indicators.
Presolve time = 0.37 sec. (312.31 ticks)
Tried aggregator 1 time.
Reduced MIP has 10637 rows, 255651 columns, and 577757 nonzeros.
Reduced MIP has 249714 binaries, 2573 generals, 0 SOSs, and 3809 indicators.
Presolve time = 0.55 sec. (414.42 ticks)
Represolve time = 4.79 sec. (3393.76 ticks)
  29056     0      216.0000  2515                  Cuts: 2759   880249         
  29056     0      216.0000  2771                  Cuts: 2759   886032         
  29056     0      216.0000  2973                  Cuts: 2759   895871         
  29056     0      216.0000  3152                  Cuts: 2759   904023         
  29056     0      216.0000  2525                  Cuts: 2759   909892         
  29056     0      216.0000  3504                  Cuts: 2759   923489         
  29056     0      216.0000  2724                  Cuts: 2238   934010         
  29056     0      216.0000  2643                  Cuts: 2759   950096         
  29056     0      216.0000  3457                  Cuts: 2759   959432         
  29056     2      216.0000  2179                    216.0000   959432         
  29091     3      216.0000  2922                    216.0000   959642         
  29179    90      324.0000  2222                    216.0000   994391         
Elapsed time = 856.81 sec. (1039296.10 ticks, tree = 7.99 MB, solutions = 0)
  29297   218      324.0000  2020                    216.0000  1023027         
  29423   306      384.0000  2073                    216.0000  1031648         
  29564   466      325.0000  1873                    216.0000  1049438         
  29704   587      325.0000  1940                    216.0000  1059080         
  29846   680      340.0000  1891                    216.0000  1067075         
  29992   783      340.0000  1872                    216.0000  1070929         
  30132   969      325.0000  1929                    216.0000  1075892         
  30272  1144      541.0000  1813                    216.0000  1080984         
  30407  1203      432.0000  1834                    216.0000  1082933         
  30535  1352      433.0000  1670                    216.0000  1086288         
Elapsed time = 924.62 sec. (1077713.65 ticks, tree = 227.81 MB, solutions = 0)
  30666  1490      541.0000  1759                    216.0000  1090378         
  30796  1605      541.0000  1657                    216.0000  1093881         
  30912  1789      541.0000  1640                    216.0000  1097565         
  31041  1846      540.0000  1690                    216.0000  1100404         
  31167  1975      543.0000  1544                    216.0000  1107384         
  31287  2122      431.0000  2095                    216.0000  1117722         
  31399  2193      543.0000  1507                    216.0000  1123360         
  31533  2349      325.0000  2107                    216.0000  1138312         
  31668  2454      433.0000  1822                    216.0000  1148612         
  31799  2569      541.0000  1374                    216.0000  1160051         
Elapsed time = 993.89 sec. (1116095.55 ticks, tree = 464.43 MB, solutions = 0)
  31919  2667      433.0000  1906                    216.0000  1164178         
  32052  2868      432.0000  1792                    216.0000  1177379         
  32178  2932    infeasible                          216.0000  1179528         
  32298  3076      465.0000  1770                    216.0000  1190323         
  32428  3154      432.0000  1744                    216.0000  1192069         
  32556  3245      465.0000  1677                    216.0000  1194648         
  32689  3426      326.0000  1979                    216.0000  1204852         
  32833  3610      433.0000  1551                    216.0000  1214087         
  32965  3659      432.0000  1789                    216.0000  1215067         
  33090  3867      433.0000  1766                    216.0000  1219992         
Elapsed time = 1067.35 sec. (1154485.00 ticks, tree = 714.78 MB, solutions = 0)
  33219  3944      433.0000  1558                    216.0000  1221150         
  33347  4026      433.0000  1644                    216.0000  1222899         
  33476  4197      540.0000  1775                    216.0000  1227289         
  33601  4332      433.0000  1632                    216.0000  1230238         
  33730  4504      540.0000  1639                    216.0000  1235836         
  33855  4498      433.0000  1565                    216.0000  1235911         
  33963  4619      550.0000  1329                    216.0000  1241990         
  34078  4734      550.0000  1325                    216.0000  1253006         
  34190  4861      378.0000  2118                    216.0000  1264803         
  34325  5040      550.0000  1227                    216.0000  1289119         
Elapsed time = 1139.21 sec. (1193051.57 ticks, tree = 942.54 MB, solutions = 0)
  34467  5056      551.0000  1165                    216.0000  1289558         
  34601  5343      433.0000  1897                    216.0000  1302780         
  34716  5432      485.0000  1419                    216.0000  1305309         
  34835  5521      433.0000  1806                    216.0000  1315354         
  34947  5647      433.0000  1738                    216.0000  1323326         
  35066  5779      541.0000  1318                    216.0000  1335957         
  35179  5882      433.0000  1893                    216.0000  1344231         
  35266  5925      432.0000  2237                    216.0000  1354514         
  35364  6071      324.0000  2381                    216.0000  1380341         
  35490  6073      325.0000  2260                    216.0000  1375248         
Elapsed time = 1207.85 sec. (1231544.66 ticks, tree = 1146.81 MB, solutions = 0)
  35622  6214      325.0000  2181                    216.0000  1398827         
  35745  6403      433.0000  2064                    216.0000  1422775         
  35858  6502      432.0000  2091                    216.0000  1426466         
  35994  6661      433.0000  1815                    216.0000  1446051         
  36123  6631      222.6522  3771                    216.0000  1453260         
  36261  6878      433.0000  1694                    216.0000  1468642         
  36405  6924      433.0000  1809                    216.0000  1469706         
  36538  7079      434.0000  1782                    216.0000  1473878         
  36670  7330      416.0000  2035                    216.0000  1480432         
  36804  7448      433.0000  1654                    216.0000  1483071         
Elapsed time = 1276.43 sec. (1269943.44 ticks, tree = 1420.62 MB, solutions = 0)
  36919  7464      433.0000  1623                    216.0000  1483315         
  37028  7527      444.0000  1662                    216.0000  1484652         
  37140  7746      444.0000  1626                    216.0000  1493396         
  37230  7888      324.0000  2307                    216.0000  1513349         
  37348  8002      432.0000  2065                    216.0000  1531004         
  37491  8050      433.0000  1936                    216.0000  1534898         
  37634  8281      433.0000  1883                    216.0000  1563025         
  37775  8332      433.0000  1924                    216.0000  1564423         
  37917  8555      433.0000  1735                    216.0000  1570920         
  38056  8626      325.0000  1897                    216.0000  1573398         
Elapsed time = 1343.00 sec. (1308410.94 ticks, tree = 1655.65 MB, solutions = 0)
  38179  8834      433.0000  1697                    216.0000  1578181         
  38312  8896      540.0000  1780                    216.0000  1580540         
  38437  9008      433.0000  1855                    216.0000  1582281         
  38564  9128      325.0000  2268                    216.0000  1591670         
  38704  9241      488.0000  1771                    216.0000  1590160         
  38834  9216      324.0000  2765                    216.0000  1592548         
  38966  9495      380.0000  2348                    217.0000  1618598         
  39117  9484      432.0000  1976                    217.0000  1616230         
  39267  9693      487.0000  1810                    217.0000  1624368         
  39411  9739      432.0000  1950                    217.0000  1625883         
Elapsed time = 1404.22 sec. (1346856.41 ticks, tree = 1878.05 MB, solutions = 0)
  39545 10061      541.0000  1835                    217.0000  1642553         
  39673 10244      433.0000  2063                    217.0000  1650762         
  39817 10452      540.0000  1682                    217.0000  1662674         
  39959 10329      325.0000  2168                    217.0000  1656004         
  40087 10685      434.0000  1760                    217.0000  1668360         
  40229 10775      378.0000  2061                    217.0000  1674280         
  40373 10845      325.0000  2139                    217.0000  1683999         
  40504 10995      325.0000  2405                    217.0000  1691605         
  40656 10973      325.0000  2159                    217.0000  1689653         
  40801 11321      432.0000  2036                    217.0000  1712507         
Elapsed time = 1470.78 sec. (1385292.16 ticks, tree = 2195.33 MB, solutions = 0)
Nodefile size = 136.93 MB (66.33 MB after compression)
  40940 11376      433.0000  1701                    217.0000  1713670         
  41078 11614      432.0000  2027                    217.0000  1721809         
  41215 11672      432.0000  1844                    217.0000  1723321         
  41347 11798      433.0000  1727                    217.0000  1726339         
  41474 11983      433.0000  1786                    217.0000  1733675         
  41611 12035      541.0000  1541                    217.0000  1736266         
  41725 12054      541.0000  1490                    217.0000  1736794         
  41853 12443      541.0000  2065                    217.0000  1761407         
  41989 12292      435.0000  1687                    217.0000  1743604         
  42133 12484      541.0000  1939                    217.0000  1762293         
Elapsed time = 1537.76 sec. (1423708.46 ticks, tree = 2430.44 MB, solutions = 0)
Nodefile size = 363.89 MB (177.34 MB after compression)
  42290 12625      432.0000  1978                    217.0000  1778569         
  42442 12749      527.0000  1904                    217.0000  1788937         
  42593 13081      541.0000  1963                    217.0000  1798352         
  42741 12910      487.0000  1867                    217.0000  1793366         
  42887 13267      487.0000  1742                    217.0000  1802352         
  43028 13604      541.0000  1707                    217.0000  1809210         
  43162 13347      539.0000  1711                    217.0000  1804034         
  43299 13549      541.0000  1546                    217.0000  1808257         
  43419 13913      432.0000  2138                    217.0000  1824826         
  43541 13988      325.0000  2223                    217.0000  1833414         
Elapsed time = 1609.46 sec. (1462094.87 ticks, tree = 2736.12 MB, solutions = 0)
Nodefile size = 675.84 MB (333.99 MB after compression)
  43663 14125      489.0000  1933                    217.0000  1840073         
  43793 14025      326.0000  2160                    217.0000  1835030         
  43935 14344      422.0000  2036                    217.0000  1858778         
  44060 14277      540.0000  1858                    217.0000  1854168         
  44201 14522      433.0000  1999                    217.0000  1884536         
  44342 14712      458.0000  1827                    217.0000  1893107         
  44488 14858      378.0000  1903                    217.0000  1898416         
  44628 14875      432.0000  1805                    217.0000  1899033         
  44762 15035      432.0000  2074                    217.0000  1909055         
  44898 15268      433.0000  1665                    217.0000  1911267         
Elapsed time = 1681.59 sec. (1500487.25 ticks, tree = 2996.95 MB, solutions = 0)
Nodefile size = 935.56 MB (464.76 MB after compression)
  45029 15142      432.0000  2166                    217.0000  1910122         
  45160 15390      384.0000  2159                    217.0000  1918095         
  45294 15614      325.0000  2552                    217.0000  1928034         
  45420 15853      433.0000  1567                    217.0000  1939250         
  45565 15952      541.0000  2075                    217.0000  1947617         
  45710 16050      433.0000  1906                    217.0000  1956470         
  45857 15956      488.0000  1801                    217.0000  1941541         
  46000 16140      542.0000  1662                    217.0000  1959817         
  46140 16480      542.0000  1710                    217.0000  1969333         
  46289 16542      433.0000  2077                    217.0000  1975108         
Elapsed time = 1752.53 sec. (1539062.98 ticks, tree = 3258.15 MB, solutions = 0)
Nodefile size = 1195.18 MB (595.85 MB after compression)
  46439 16658      433.0000  2096                    217.0000  1977879         
  46586 16757      541.0000  1517                    217.0000  1979370         
  46720 16978      433.0000  1901                    217.0000  1989343         
  46840 17098      433.0000  1919                    217.0000  1993228         
  46954 17117      434.0000  1912                    217.0000  1993923         
  47089 17529      487.0000  1979                    217.0000  2020186         
  47219 17428      433.0000  1595                    217.0000  2017150         

GUB cover cuts applied:  75
Clique cuts applied:  2
Cover cuts applied:  420
Implied bound cuts applied:  1374
Flow cuts applied:  40
Mixed integer rounding cuts applied:  2283
Zero-half cuts applied:  133
Lift and project cuts applied:  5
Gomory fractional cuts applied:  10

Root node processing (before b&c):
  Real time             =   31.70 sec. (44083.14 ticks)
Parallel b&c, 8 threads:
  Real time             = 1769.36 sec. (1523495.69 ticks)
  Sync time (average)   =  318.22 sec.
  Wait time (average)   =    0.44 sec.
                          ------------
Total (root+branch&cut) = 1801.07 sec. (1567578.83 ticks)
! --------------------------------------------------------
! Problem is UNKNOWN
! CPLEX Status = AbortTimeLim
! --------------------------------------------------------
