! Solving for graph /home/truongxuanhieu/CPLEX-MIP-for-MinSpanLabeling/benchmarks/cabp/Q-494_bus.mtx.rnd
! Target value is set to 205
! Lower bound is set to 206
! Upper bound is set to 618
! Time limit is set to 1800
! Vertices mode is set to Has hole
! Target value mode is set to Cyclic Antibandwidth
Version identifier: 22.2.0.0 | 2026-05-04 | 5dff98e58
CPXPARAM_TimeLimit                               1800
Tried aggregator 2 times.
MIP Presolve eliminated 589 rows and 1300 columns.
MIP Presolve modified 305476 coefficients.
Aggregator did 2651 substitutions.
Reduced MIP has 5399 rows, 308808 columns, and 622022 nonzeros.
Reduced MIP has 306062 binaries, 1081 generals, 0 SOSs, and 1665 indicators.
Presolve time = 1.25 sec. (1129.37 ticks)
Probing time = 1.72 sec. (553.17 ticks)
Tried aggregator 2 times.
Detecting symmetries...
Aggregator did 146 substitutions.
Reduced MIP has 5253 rows, 308662 columns, and 621876 nonzeros.
Reduced MIP has 306062 binaries, 1428 generals, 0 SOSs, and 1665 indicators.
Presolve time = 1.54 sec. (667.63 ticks)
Probing time = 0.30 sec. (65.20 ticks)
Clique table members: 78221.
MIP emphasis: balance optimality and feasibility.
MIP search method: dynamic search.
Parallel mode: deterministic, using up to 8 threads.
Root relaxation solution time = 3.59 sec. (1500.15 ticks)

        Nodes                                         Cuts/
   Node  Left     Objective  IInf  Best Integer    Best Bound    ItCnt     Gap

      0     0      410.0000   589                    410.0000        7         
      0     0      410.0000  1398                  Cuts: 1413     1107         
      0     0      410.0000  1268                  Cuts: 1371     2112         
      0     0      410.0000  1240                  Cuts: 1394     3318         
      0     0      410.0000  1280                   Cuts: 774     4096         
      0     2      410.0000   958                    410.0000     4096         
Elapsed time = 61.27 sec. (43315.58 ticks, tree = 0.02 MB, solutions = 0)
      7     9      410.0000   919                    410.0000     4119         
     21    19      410.0000   984                    410.0000     5010         
     53    32      410.0000   971                    410.0000     5406         
     90    71      410.0000   974                    410.0000     6935         
    127   106      410.0000   954                    410.0000     7522         
    164   129      411.0000  1072                    410.0000     8389         
    182   168      615.0000   929                    410.0000    12423         
    201   183      512.5000  1492                    410.0000    18013         
    248   217      615.0000   894                    410.0000    27749         
    393   339      615.0000   903                    410.0000    28845         
Elapsed time = 68.28 sec. (46527.81 ticks, tree = 34.87 MB, solutions = 0)
    566   480      616.0000   840                    410.0000    30456         
    666   531      615.0000   844                    410.0000    30962         
    678   594      616.0000   782                    410.0000    31624         
    817   698      412.0000  1111                    410.0000    34005         
   1008   809      618.0000   710                    410.0000    35134         
   1202   946      618.0000   679                    410.0000    36793         
   1386  1135      618.0000   679                    410.0000    39183         
   1598  1208      618.0000   699                    410.0000    39464         
   1777  1425      618.0000   652                    410.0000    41373         
   1935  1517      618.0000   592                    410.0000    41958         
Elapsed time = 99.90 sec. (59532.86 ticks, tree = 225.15 MB, solutions = 0)
   2123  1625      618.0000   772                    410.0000    42383         
   2348  1736      618.0000   636                    410.0000    44081         
   2513  1768      616.0000   856                    410.0000    47679         
   2685  1922    infeasible                          410.0000    50865         
   2849  1979      618.0000   581                    410.0000    51479         
   3092  2036      618.0000   750                    410.0000    51844         
   3328  2058      618.0000   580                    410.0000    54714         
   3583  2123    infeasible                          410.0000    55200         
   3858  2220      618.0000   574                    410.0000    58637         
   4151  2258      618.0000   697                    410.0000    58881         
Elapsed time = 118.37 sec. (69128.24 ticks, tree = 345.90 MB, solutions = 0)
   4456  2311      618.0000   556                    410.0000    59463         
   4714  2344      410.0000   936                    410.0000    59712         
   4922  2385    infeasible                          410.0000    60671         
   5130  2388      618.0000   684                    410.0000    60810         
   5392  2471      618.0000   524                    410.0000    64033         
   5637  2469      618.0000   573                    410.0000    64069         
   5873  2543      410.0000   975                    410.0000    64656         
   6087  2585      618.0000   571                    410.0000    64929         
   6330  2640    infeasible                          410.0000    65319         
   6607  2696      618.0000   571                    410.0000    65944         
Elapsed time = 133.82 sec. (78703.16 ticks, tree = 412.36 MB, solutions = 0)
   6828  2742    infeasible                          410.0000    66254         
   7040  2802      618.0000   575                    410.0000    66715         
   7246  2834      618.0000   584                    410.0000    66859         
   7477  2876    infeasible                          410.0000    67135         
   7714  3056      618.0000   523                    410.0000    68212         
   7910  3099      618.0000   440                    410.0000    69396         
   8112  3220      618.0000   437                    410.0000    71531         
   8312  3224      618.0000   689                    410.0000    71583         
   8555  3287    infeasible                          410.0000    72245         
   8769  3373    infeasible                          410.0000    73729         
Elapsed time = 150.32 sec. (88287.27 ticks, tree = 520.97 MB, solutions = 0)
   8950  3439      618.0000   617                    410.0000    76162         
   9115  3573      411.0000   975                    410.0000    87071         
   9287  3600      618.0000   433                    410.0000    86584         
   9482  3699      618.0000   429                    410.0000    93536         
   9720  3767    infeasible                          410.0000   100915         
   9923  3799      618.0000   541                    410.0000   101285         
  10101  3866      618.0000   714                    410.0000   108360         
  10279  3906    infeasible                          410.0000   115478         
  10452  3913    infeasible                          410.0000   115534         
  10668  4004      618.0000   656                    410.0000   122610         
Elapsed time = 168.01 sec. (97872.08 ticks, tree = 622.79 MB, solutions = 0)
  10914  4006    infeasible                          410.0000   125553         
  11138  4054      551.0000  1004                    410.0000   133145         
  11321  4087      615.0000   862                    410.0000   133751         
  11494  4128    infeasible                          410.0000   140329         
  11677  4078      618.0000   617                    410.0000   132845         
  11877  4244      410.0000   962                    410.0000   146981         
  12065  4259    infeasible                          410.0000   147474         
  12287  4353      617.0000   849                    410.0000   153639         
  12462  4451      617.0000   797                    410.0000   162141         
  12649  4494    infeasible                          410.0000   167213         
Elapsed time = 185.16 sec. (107437.72 ticks, tree = 700.18 MB, solutions = 0)
  12823  4503    infeasible                          410.0000   167248         
  12908  4533      510.0000   976                    410.0000   179713         

Performing restart 1

Repeating presolve.
Tried aggregator 1 time.
MIP Presolve eliminated 0 rows and 404 columns.
Reduced MIP has 5253 rows, 308258 columns, and 621068 nonzeros.
Reduced MIP has 305658 binaries, 1428 generals, 0 SOSs, and 1665 indicators.
Presolve time = 0.55 sec. (301.82 ticks)
Tried aggregator 1 time.
Reduced MIP has 5253 rows, 308258 columns, and 621068 nonzeros.
Reduced MIP has 305658 binaries, 1428 generals, 0 SOSs, and 1665 indicators.
Presolve time = 1.22 sec. (505.00 ticks)
Represolve time = 4.74 sec. (1696.40 ticks)
  12913     0      410.0000  1502                  Cuts: 1413   193444         
  12913     0      410.0000  1748                  Cuts: 1413   197108         
  12913     0      410.0000  1907                  Cuts: 1413   200809         
  12913     0      410.0000  1790                  Cuts: 1397   204660         
  12913     0      410.0000  2168                  Cuts: 1413   209294         
  12913     2      410.0000  1327                    410.0000   209294         
  12923     3      410.0000  1324                    410.0000   209298         
  12974    43      615.0000  1009                    410.0000   215559         
  13078   120      410.0000  1175                    410.0000   217398         
  13240   277      617.0000  1019                    410.0000   220539         
  13400   434      617.0000   911                    410.0000   221564         
  13572   558      615.0000   843                    410.0000   223098         
  13755   759      413.0000  1087                    410.0000   225608         
Elapsed time = 327.94 sec. (218104.18 ticks, tree = 92.37 MB, solutions = 0)
  13922   857      615.0000   855                    410.0000   226615         
  14038   986      618.0000   754                    410.0000   227641         
  14162  1158      618.0000   717                    410.0000   230070         
  14291  1236      616.0000   808                    410.0000   231482         
  14400  1291      615.0000   772                    410.0000   232212         
  14570  1348      615.0000   772                    410.0000   232597         
  14809  1598      615.0000   772                    410.0000   235544         
  15030  1783      615.0000   772                    410.0000   236207         
  15156  1863    infeasible                          410.0000   237130         
  15163  1985      616.0000   785                    410.0000   240961         
Elapsed time = 386.60 sec. (229447.15 ticks, tree = 280.74 MB, solutions = 0)
  15165  2017    infeasible                          410.0000   241765         
  15166  2021      616.0000   723                    410.0000   242881         
  15215  2034      616.0000   767                    410.0000   243380         
  15305  2069      616.0000   865                    410.0000   243613         
  15406  2162      617.0000   870                    410.0000   244535         
  15526  2236      616.0000   696                    410.0000   245328         
  15665  2316      617.0000   869                    410.0000   245507         
  15815  2425      618.0000   795                    410.0000   247977         
  15967  2547      453.0000  1075                    410.0000   253253         
  16564  3107      618.0000   781                    410.0000   258527         
Elapsed time = 417.50 sec. (252086.42 ticks, tree = 460.82 MB, solutions = 0)
  17000  3539      618.0000   350                    410.0000   260214         
  17502  3913      616.0000   900                    410.0000   271961         
  18266  4625      615.0000   913                    410.0000   280043         
  18833  5276      411.0000  1065                    410.0000   288642         
  19478  5673      616.0000   862                    410.0000   296733         
  20034  6198      616.0000   890                    410.0000   307834         
  20779  6990      617.0000   861                    410.0000   331520         
  21482  7605      615.0000   931                    410.0000   340391         
  22148  8292      617.0000   765                    410.0000   346792         
  22747  8845      616.0000   875                    410.0000   353769         
Elapsed time = 499.81 sec. (290266.77 ticks, tree = 1349.90 MB, solutions = 0)
  23467  9076      616.0000   902                    410.0000   360178         
  24239  9997      616.0000   795                    410.0000   369067         
  24956 10569      616.0000   795                    410.0000   377176         
  25585 11294      616.0000   863                    410.0000   395500         
  26357 11958      618.0000   844                    410.0000   403199         

Performing restart 2

Repeating presolve.
Tried aggregator 1 time.
MIP Presolve modified 2068 coefficients.
Reduced MIP has 5253 rows, 308258 columns, and 757109 nonzeros.
Reduced MIP has 305658 binaries, 1428 generals, 0 SOSs, and 1665 indicators.
Presolve time = 0.68 sec. (384.58 ticks)
Tried aggregator 1 time.
Reduced MIP has 5253 rows, 308258 columns, and 757109 nonzeros.
Reduced MIP has 305658 binaries, 1428 generals, 0 SOSs, and 1665 indicators.
Presolve time = 1.26 sec. (520.13 ticks)
Represolve time = 6.97 sec. (2533.90 ticks)
  26986     0      410.0000  1663                  Cuts: 1413   415353         
  26986     0      410.0000  2006                  Cuts: 1413   419878         
  26986     0      410.0000  1968                  Cuts: 1413   424149         
  26986     0      410.0000  1781                  Cuts: 1200   428555         
  26986     0      410.0000  2092                  Cuts: 1198   433340         
  26986     0      410.0000  2000                  Cuts: 1226   437619         
  26986     0      410.0000  1857                  Cuts: 1287   442720         
  26986     0      410.0000  1891                  Cuts: 1130   445806         
  26986     0      410.0000  1977                  Cuts: 1269   450263         
  26986     0      410.0000  1983                  Cuts: 1181   454445         
  26986     2      410.0000  1262                    410.0000   454445         
  27044    31      410.0000  1197                    410.0000   457500         
  27159   133      411.0000  1247                    410.0000   478129         
  27313   283      412.0000  1123                    410.0000   506896         
  27467   421      615.0000   881                    410.0000   525220         
Elapsed time = 1075.31 sec. (935727.85 ticks, tree = 43.88 MB, solutions = 0)
  27635   554      413.0000  1040                    410.0000   532662         
  27817   657      615.0000   798                    410.0000   537356         
  27996   847      615.0000   868                    410.0000   544525         
  28178  1000      615.0000   786                    410.0000   552770         
  28370  1089      616.0000   755                    410.0000   554364         
  28577  1301      618.0000   736                    410.0000   557463         
  28785  1497      617.0000   746                    410.0000   560396         
  29016  1736      618.0000   622                    410.0000   563703         
  29253  1932      618.0000   582                    410.0000   567208         
  29499  2045      615.0000   984                    410.0000   572988         
Elapsed time = 1157.88 sec. (974030.29 ticks, tree = 290.29 MB, solutions = 0)
  29773  2213      617.0000   655                    410.0000   576947         
  30038  2316      618.0000   533                    410.0000   578863         
  30315  2434      618.0000   497                    410.0000   581047         
  30601  2565      618.0000   497                    410.0000   584664         
  30901  2633      618.0000   731                    410.0000   586495         
  31210  2707      617.0000   535                    410.0000   589371         
  31516  2775      618.0000   445                    410.0000   591755         
  31800  2929      617.0000   535                    410.0000   594103         
  32122  3081      617.0000   484                    410.0000   597204         
  32447  3147      618.0000   420                    410.0000   598503         
Elapsed time = 1239.81 sec. (1012244.84 ticks, tree = 458.41 MB, solutions = 0)
  32749  3252      618.0000   432                    410.0000   600964         
  33052  3412      617.0000   422                    410.0000   602566         
  33371  3698      618.0000   566                    410.0000   605519         
  33675  3909      618.0000   516                    410.0000   607465         
  34014  4151      617.0000   422                    410.0000   609373         
  34336  4329      618.0000   281                    410.0000   611036         
  34666  4639      618.0000   238                    410.0000   614115         
  34980  4928      618.0000   238                    410.0000   616633         
  35313  5066      617.0000   330                    410.0000   618085         
  35654  5384      617.0000   475                    410.0000   621099         
Elapsed time = 1318.86 sec. (1050493.84 ticks, tree = 807.06 MB, solutions = 0)
  36009  5632      617.0000   457                    410.0000   623240         
  36381  5772      617.0000   304                    410.0000   624598         
  36771  6341      618.0000   238                    410.0000   627924         
  37144  6669      618.0000   238                    410.0000   630023         
  37544  6832      618.0000   280                    410.0000   631320         
  37954  7093      617.0000   255                    410.0000   632806         
  38348  7363      618.0000   280                    410.0000   634673         
  38726  7898      618.0000   103                    410.0000   637218         
  39126  8159      618.0000   281                    410.0000   639199         
  39504  8474      618.0000   314                    410.0000   641590         
Elapsed time = 1393.33 sec. (1088697.14 ticks, tree = 1294.07 MB, solutions = 0)
  39892  8881    infeasible                          410.0000   645828         
  40268  9165      618.0000   308                    410.0000   648387         
  40636  9500      618.0000   308                    410.0000   651583         
  41002  9760      618.0000   264                    410.0000   658879         
  41385 10071      618.0000    83                    410.0000   661371         
  41771 10441      618.0000    81                    410.0000   665853         
  42137 10681      617.0000   220                    410.0000   667987         
  42585 10999      618.0000   115                    410.0000   670222         
  43042 11220      618.0000   284                    410.0000   671975         
  43480 11583      618.0000   284                    410.0000   674439         
Elapsed time = 1474.98 sec. (1126943.94 ticks, tree = 1784.32 MB, solutions = 0)
  43846 11709      618.0000   296                    410.0000   675343         
  44177 11935      618.0000   239                    410.0000   678341         
  44504 12371      618.0000   296                    410.0000   683543         
  44829 12600      618.0000   229                    410.0000   689656         
  45157 12917      617.0000   170                    410.0000   692339         
  45497 13236    infeasible                          410.0000   696772         
  45831 13304      615.0000   764                    410.0000   697864         
  46143 13594      618.0000   236                    410.0000   699898         
  46452 13790      618.0000   270                    410.0000   701891         
  46766 13976      616.0000   724                    410.0000   703985         
Elapsed time = 1549.22 sec. (1165194.94 ticks, tree = 2158.72 MB, solutions = 0)
Nodefile size = 98.00 MB (29.58 MB after compression)
  47083 14364      616.0000   626                    410.0000   707681         
  47392 14478    infeasible                          410.0000   708274         
  47721 14738      618.0000   210                    410.0000   710012         
  48095 15079      618.0000   210                    410.0000   713122         
  48489 15045      617.0000   632                    410.0000   713485         
  48862 15527      618.0000    28                    410.0000   717379         
  49228 15603      618.0000    28                    410.0000   717531         
  49585 16001      618.0000    28                    410.0000   720845         
  49915 16065      410.0000  1057                    410.0000   721577         
  50222 16394      616.0000   534                    410.0000   726288         
Elapsed time = 1623.04 sec. (1203408.67 ticks, tree = 2537.54 MB, solutions = 0)
Nodefile size = 477.15 MB (144.33 MB after compression)
Starting limited solution polishing.
  50536 16627      412.0000  1118                    410.0000   730932         
* 50652+16387                          617.0000      410.0000            33.55%
  50799 16647      616.0000   843      617.0000      410.0000   732636   33.55%
  50979  2040      615.0000   905      617.0000      410.0000   735962   33.55%
  51132  2093      616.0000   741      617.0000      410.0000   737164   33.55%
  51303  2325      615.0000   843      617.0000      410.0000   753665   33.55%
  51489  2323      615.0000   897      617.0000      410.0000   753190   33.55%
  51703  2575      616.0000   663      617.0000      410.0000   764196   33.55%
  51924  2785      616.0000   661      617.0000      410.0000   770616   33.55%
  52129  2786      616.0000   649      617.0000      410.0000   770690   33.55%
  52354  2865      616.0000   660      617.0000      410.0000   772014   33.55%
Elapsed time = 1717.37 sec. (1241744.11 ticks, tree = 359.01 MB, solutions = 1)
  52590  3048      616.0000   617      617.0000      410.0000   776343   33.55%
  52829  3036      616.0000   691      617.0000      410.0000   777398   33.55%
  53077  3306      616.0000   585      617.0000      410.0000   782026   33.55%
  53310  3443      616.0000   412      617.0000      410.0000   783533   33.55%
  53548  3508      616.0000   490      617.0000      410.0000   784599   33.55%
  53789  3645      616.0000   731      617.0000      410.0000   789057   33.55%
  54024  3781      616.0000   478      617.0000      410.0000   792701   33.55%
  54279  3879      616.0000   413      617.0000      410.0000   797263   33.55%
  54448  3983      615.0000   810      617.0000      410.0000   798877   33.55%

GUB cover cuts applied:  15
Clique cuts applied:  2
Cover cuts applied:  244
Implied bound cuts applied:  148
Flow cuts applied:  1
Mixed integer rounding cuts applied:  425
Zero-half cuts applied:  23
Gomory fractional cuts applied:  6

Root node processing (before b&c):
  Real time             =   60.69 sec. (43170.07 ticks)
Parallel b&c, 8 threads:
  Real time             = 1740.26 sec. (1233589.95 ticks)
  Sync time (average)   =  218.61 sec.
  Wait time (average)   =    0.38 sec.
                          ------------
Total (root+branch&cut) = 1800.95 sec. (1276760.03 ticks)
! --------------------------------------------------------
! Status: FEASIBLE (time limit or other stopping criterion reached)
! Best span = 617
! Labeling: 411 206 206 412 516 1 207 1 617 206 412 412 616 409 206 617 2 207 206 408 206 1 406 617 412 206 206 1 410 207 419 412 408 1 412 207 412 617 616 410 617 200 207 413 412 412 617 2 1 411 207 1 412 406 207 206 412 206 410 412 207 617 376 412 412 412 617 617 1 409 410 1 206 1 206 405 617 410 1 616 1 207 1 1 411 1 617 206 610 412 207 206 207 413 204 408 206 1 206 1 206 403 617 412 207 409 412 206 206 2 410 205 409 412 207 414 617 412 206 412 410 1 1 414 1 617 412 1 1 411 205 599 206 411 2 411 412 207 171 1 412 411 206 1 409 413 205 410 617 617 206 544 206 616 412 2 412 206 2 207 206 617 413 412 412 206 207 411 204 616 206 617 617 617 411 104 1 412 614 207 412 206 411 171 617 1 569 617 1 581 206 617 617 412 617 412 617 2 411 617 206 614 410 411 206 206 412 1 205 207 198 412 206 204 1 207 617 411 590 206 1 204 412 411 203 617 412 132 1 412 204 206 206 207 1 411 1 617 613 412 615 616 1 412 207 206 206 411 410 617 411 1 617 617 207 206 412 617 408 206 206 104 2 206 614 617 346 1 209 207 617 206 205 409 1 1 410 206 204 206 617 616 218 412 617 206 206 617 1 1 412 1 206 1 617 1 617 617 617 409 413 617 616 616 617 411 583 519 412 411 1 617 207 412 617 408 309 206 617 203 551 206 617 1 411 409 617 1 412 616 208 1 617 2 207 1 411 615 376 617 411 207 207 206 411 206 206 617 203 411 207 617 206 412 410 412 411 206 206 206 412 206 214 1 1 410 617 412 413 1 617 207 205 207 617 617 408 206 206 207 412 208 207 207 614 412 412 1 206 1 1 412 204 411 411 410 615 412 207 617 206 412 616 411 412 617 617 1 1 310 411 414 617 617 207 104 412 1 487 1 206 1 409 410 206 411 410 207 616 411 410 514 617 617 410 206 1 207 207 1 1 1 411 207 206 206 411 411 208 617 616 206 599 412 204 617 411 206 412 508 617 412 1 412 206 206 206 1 207 1 617 617 205 205 206 1 411 412 617 617 104 411 2 207 614 1 412 207 206 412 411 1 412 410 
! --------------------------------------------------------
! All verification passed
