! Solving for graph /home/truongxuanhieu/CPLEX-MIP-for-MinSpanLabeling/benchmarks/cabp/S-sherman4.mtx.rnd
! Target value is set to 322
! Lower bound is set to 323
! Upper bound is set to 683
! Time limit is set to 1800
! Vertices mode is set to Has hole
! Target value mode is set to Cyclic Antibandwidth
Version identifier: 22.2.0.0 | 2026-05-04 | 5dff98e58
CPXPARAM_TimeLimit                               1800
Tried aggregator 2 times.
MIP Presolve eliminated 1344 rows and 1436 columns.
MIP Presolve modified 373122 coefficients.
Aggregator did 4317 substitutions.
Reduced MIP has 9434 rows, 379578 columns, and 767493 nonzeros.
Reduced MIP has 374463 binaries, 1888 generals, 0 SOSs, and 3227 indicators.
Presolve time = 1.00 sec. (1733.85 ticks)
Probing time = 1.86 sec. (684.87 ticks)
Tried aggregator 1 time.
Detecting symmetries...
Reduced MIP has 9434 rows, 379578 columns, and 767493 nonzeros.
Reduced MIP has 374463 binaries, 2433 generals, 0 SOSs, and 3227 indicators.
Presolve time = 0.90 sec. (563.60 ticks)
Probing time = 0.21 sec. (84.74 ticks)
Clique table members: 92768.
MIP emphasis: balance optimality and feasibility.
MIP search method: dynamic search.
Parallel mode: deterministic, using up to 8 threads.
Root relaxation solution time = 0.90 sec. (514.49 ticks)

        Nodes                                         Cuts/
   Node  Left     Objective  IInf  Best Integer    Best Bound    ItCnt     Gap

      0     0      644.0000  1174                    644.0000     1352         
      0     0      644.0000  1831                  Cuts: 2458     2959         
      0     0      644.0000  2824                  Cuts: 2458     4334         
Detecting symmetries...
      0     2      644.0000  1909                    644.0000     4334         
Elapsed time = 44.29 sec. (45849.27 ticks, tree = 0.02 MB, solutions = 0)
      5     7      644.0000  1783                    644.0000     4555         
     11    11      644.0000  1866                    644.0000     5262         
     21    18      644.0000  1851                    644.0000     6505         
     28    28      644.0000  1942                    644.0000     8276         
     47    34      644.0000  2110                    644.0000    14149         
     73    54      644.0000  1995                    644.0000    17746         
     97    74      644.0000  1934                    644.0000    18578         
    128   111      644.0000  1738                    644.0000    20501         
    155   127      644.0000  1811                    644.0000    21011         
    170   131      644.0000  1919                    644.0000    21698         
Elapsed time = 52.95 sec. (50365.32 ticks, tree = 13.88 MB, solutions = 0)
    260   196      645.0000  1772                    644.0000    28119         
    368   327      644.0000  1963                    644.0000    33004         
    462   400      645.0000  1613                    644.0000    35641         
    531   453      645.0000  1813                    644.0000    39382         
    621   504      645.0000  1534                    644.0000    40768         
    716   572      646.0000  1379                    644.0000    46262         
    817   641      645.0000  1793                    644.0000    53441         
    909   726      680.0000  1291                    644.0000    56792         
   1014   814      680.0000  1241                    644.0000    67444         
   1124   901      644.0000  2141                    644.0000    72607         
Elapsed time = 67.03 sec. (59962.52 ticks, tree = 163.87 MB, solutions = 0)
   1230  1013      662.0000  1629                    644.0000    79833         
   1322  1106      644.0000  2056                    644.0000    85936         
   1400  1156      680.0000  1022                    644.0000    88723         
   1499  1195      644.0000  2027                    644.0000   100498         
   1605  1252      644.0000  2512                    644.0000   107971         
   1709  1432      680.0000   838                    644.0000   115543         
   1819  1453      680.0000  1564                    644.0000   119001         
   1960  1555      644.0000  2060                    644.0000   125406         
   2077  1636      668.0000  1280                    644.0000   129703         
   2154  1729      645.0000  1692                    644.0000   136521         
Elapsed time = 81.51 sec. (69620.95 ticks, tree = 354.50 MB, solutions = 0)
   2163  1778    infeasible                          644.0000   138201         
   2185  1836      645.0000  2195                    644.0000   149688         
   2274  1853      645.0000  1994                    644.0000   152557         
   2355  1918      644.0000  2225                    644.0000   161357         
   2424  1978      645.0000  1625                    644.0000   169087         
   2528  2051      645.0000  1678                    644.0000   176698         
   2630  2105      680.0000  1331                    644.0000   180914         
   2712  2186      645.0000  1589                    644.0000   188123         
   2815  2290      668.0000  1596                    644.0000   197795         
   2902  2308      645.0000  2036                    644.0000   200874         
Elapsed time = 99.05 sec. (80020.90 ticks, tree = 491.66 MB, solutions = 0)
   3009  2382      680.0000  1656                    644.0000   206844         
   3085  2428      645.0000  1935                    644.0000   210184         
   3150  2588      646.0000  1672                    644.0000   229933         
   3251  2573      644.0000  2117                    644.0000   226362         
   3309  2656      680.0000  1356                    644.0000   236853         
   3409  2755      646.0000  1747                    644.0000   249140         
   3511  2823      667.6667  2090                    644.0000   251540         
   3625  2841      668.0000  1363                    644.0000   251655         
   3744  2941      680.0000  1265                    644.0000   258914         
   3853  3000      645.0000  2099                    644.0000   267981         
Elapsed time = 112.72 sec. (89683.23 ticks, tree = 658.59 MB, solutions = 0)
   3977  3178      648.0000  1786                    644.0000   280799         
   4112  3270      645.0000  1702                    644.0000   286607         
   4239  3351      680.0000  1220                    644.0000   289942         
   4388  3448    infeasible                          644.0000   291765         
   4463  3431      648.0000  1701                    644.0000   294007         
   4468  3459    infeasible                          644.0000   293619         
   4511  3567      668.0000  1241                    644.0000   298271         
   4603  3597      645.0000  1650                    644.0000   298677         
   4704  3590      644.0000  2397                    644.0000   301136         
   4817  3691      648.0000  1763                    644.0000   305263         
Elapsed time = 130.82 sec. (100437.98 ticks, tree = 828.72 MB, solutions = 0)
   4946  3684      645.0000  2219                    644.0000   312014         
   5092  3853    infeasible                          644.0000   313231         
   5226  3858      680.0000  1215                    644.0000   313311         
   5354  3943      644.0000  2189                    644.0000   320289         
   5503  4060      645.0000  1989                    644.0000   324915         
   5656  4105      644.0000  2027                    644.0000   332197         
   5781  4313      675.0000  1310                    644.0000   335982         
   5964  4435      680.0000  1209                    644.0000   338493         
   6087  4516      644.0000  2099                    644.0000   340885         
   6239  4556      644.0000  1915                    644.0000   343670         
Elapsed time = 143.21 sec. (110037.28 ticks, tree = 1041.72 MB, solutions = 0)
   6404  4563      647.0000  1710                    644.0000   343834         
   6557  4596    infeasible                          644.0000   347942         
   6753  4669      680.0000  1196                    644.0000   352610         
   6909  4784      645.0000  2012                    644.0000   354670         
   7093  4810    infeasible                          644.0000   355702         
   7257  5023      644.0000  1887                    644.0000   356361         
   7400  4977    infeasible                          644.0000   356331         
   7526  5153    infeasible                          644.0000   358334         
   7653  5105      648.0000  1748                    644.0000   359672         
   7785  5209      647.0000  1569                    644.0000   358629         
Elapsed time = 154.85 sec. (119621.05 ticks, tree = 1202.50 MB, solutions = 0)
   7912  5295      679.5000  2360                    644.0000   375160         
   8059  5338      647.0000  1548                    644.0000   378014         
   8207  5454      644.0000  2116                    644.0000   386772         
   8375  5585      645.0000  1850                    644.0000   388480         
   8545  5600    infeasible                          644.0000   388545         
   8723  5847      646.0000  1448                    644.0000   392995         
   8894  5855      646.0000  1432                    644.0000   393066         
   9047  6101      647.0000  1519                    644.0000   398110         
   9187  6077      650.0000  1818                    644.0000   397153         
   9243  6143    infeasible                          644.0000   403193         
Elapsed time = 168.29 sec. (129200.01 ticks, tree = 1437.36 MB, solutions = 0)
   9278  6128      645.0000  1644                    644.0000   398673         
   9279  6165    infeasible                          644.0000   403286         
   9301  6287      645.0000  1533                    644.0000   414178         
   9358  6293      646.0000  1939                    644.0000   417106         
   9461  6288      648.0000  1856                    644.0000   421466         
   9575  6379      648.0000  1787                    644.0000   427627         
   9716  6483      648.0000  1845                    644.0000   428936         
   9890  6500      646.0000  1493                    644.0000   431068         
  10066  6522      646.0000  1389                    644.0000   431214         
  10540  7126    infeasible                          644.0000   448857         
Elapsed time = 190.71 sec. (142417.91 ticks, tree = 1687.63 MB, solutions = 0)
  11127  7414      646.0000  1059                    644.0000   471090         
  11667  7859      646.0000  1693                    644.0000   488139         
  12363  7941    infeasible                          644.0000   489513         
  13017  8324      644.0000  1802                    644.0000   497145         
  13687  8554      646.0000  1624                    644.0000   502724         
  14365  8878      665.0000  1478                    644.0000   508248         
  14941  9110      645.0000  1517                    644.0000   514490         
  15581  9328    infeasible                          644.0000   516613         
  15700  9849      644.0000  1892                    644.0000   530921         
  15980  9882      655.0000  1681                    644.0000   533067         
Elapsed time = 243.69 sec. (180591.94 ticks, tree = 2389.80 MB, solutions = 0)
Nodefile size = 325.86 MB (131.03 MB after compression)
  16670 10180      645.0000  1496                    644.0000   538815         
  17377 10577      646.0000  1370                    644.0000   547836         
  17983 10750      646.0000  1351                    644.0000   555484         
  18726 10840    infeasible                          644.0000   561938         
  19511 10873      679.0000  1523                    644.0000   563917         
  20149 11241      645.0000  1114                    644.0000   573140         
  20834 11672      644.0000  1794                    644.0000   590582         
  21598 11844      645.0000  1445                    644.0000   593126         
  22373 11964      681.0000  1404                    644.0000   595053         
  23049 12223    infeasible                          644.0000   602519         
Elapsed time = 285.24 sec. (218796.44 ticks, tree = 2977.69 MB, solutions = 0)
Nodefile size = 910.55 MB (376.99 MB after compression)
  23710 12330      650.0000  1723                    644.0000   606556         
  23907 12391    infeasible                          644.0000   606692         
  24124 12562      645.0000  1416                    644.0000   613614         
  24676 12654      645.0000  1064                    644.0000   617489         
  25367 13117      645.0000  1127                    644.0000   634214         
  26082 13935      644.0000  1800                    644.0000   645915         
  26858 14240      645.0000  1694                    644.0000   646941         
  27508 14625      645.0000  1412                    644.0000   649384         
  28265 14765      645.0000  1320                    644.0000   650811         
  28969 15263      645.0000  1619                    644.0000   661996         
Elapsed time = 345.23 sec. (258426.22 ticks, tree = 3773.31 MB, solutions = 0)
Nodefile size = 1685.97 MB (710.72 MB after compression)
  29696 15843      645.0000  1099                    644.0000   673868         
  30381 16617      645.0000  1140                    644.0000   676974         
  31018 16892      649.0000  1534                    644.0000   680544         
  31704 17266      645.0000  1472                    644.0000   684931         
  32357 17917      660.0000  1148                    644.0000   695356         
  33129 18498    infeasible                          644.0000   704236         
  33853 19001      647.0000  1303                    644.0000   705126         
  34162 19175    infeasible                          644.0000   708665         
  34405 19717      646.0000  1482                    644.0000   713698         
  35061 19801      646.0000  1139                    644.0000   714002         
Elapsed time = 408.12 sec. (299734.65 ticks, tree = 4887.52 MB, solutions = 0)
Nodefile size = 2787.29 MB (1162.32 MB after compression)
  35746 20124      646.0000  1126                    644.0000   718256         
  36511 20739      645.0000  1688                    644.0000   731766         
  37167 21441      645.0000  1695                    644.0000   736335         
  37826 21710      645.0000  1643                    644.0000   737882         
  38561 22172      646.0000  1624                    644.0000   751034         
  39320 22225      645.0000  1380                    644.0000   751116         
  39985 23241      646.0000  1056                    644.0000   766540         
  40570 23611      646.0000  1220                    644.0000   768562         
  41218 23680      645.0000  1283                    644.0000   769287         
  41865 24217      647.0000  1668                    644.0000   773472         
Elapsed time = 456.79 sec. (337951.22 ticks, tree = 5916.96 MB, solutions = 0)
Nodefile size = 3812.42 MB (1573.72 MB after compression)
  42588 24461    infeasible                          644.0000   776235         
  43346 24473      645.0000  1272                    644.0000   776801         
  44106 24744      646.0000  1290                    644.0000   784256         
  44827 25057      646.0000  1247                    644.0000   788523         
  45495 25381      646.0000  1163                    644.0000   791645         
  46190 25436      645.0000  1676                    644.0000   793729         
  46365 26155    infeasible                          644.0000   796835         
  46545 26155    infeasible                          644.0000   797073         
  46952 26238      646.0000  1248                    644.0000   798791         
  47485 26344      646.0000  1347                    644.0000   800887         
Elapsed time = 515.46 sec. (378293.12 ticks, tree = 6457.44 MB, solutions = 0)
Nodefile size = 4357.43 MB (1808.96 MB after compression)
  48110 26868    infeasible                          644.0000   816715         
  48767 26736    infeasible                          644.0000   815154         
  49479 27462    infeasible                          644.0000   824287         
  50318 27799      646.0000  1212                    644.0000   826174         
  51067 27883    infeasible                          644.0000   826866         
  51838 28126      646.0000  1364                    644.0000   828073         
  52536 28208      646.0000  1307                    644.0000   829553         
  53213 28760      678.0000  1313                    644.0000   830746         
  53973 29508      669.0000  1679                    644.0000   833937         
  54612 29523      678.0000  1322                    644.0000   834437         
Elapsed time = 564.10 sec. (416469.21 ticks, tree = 7253.62 MB, solutions = 0)
Nodefile size = 5159.77 MB (2170.56 MB after compression)
  55312 30141    infeasible                          644.0000   838723         
  56106 30156      647.0000  1127                    644.0000   839770         
  56896 30475    infeasible                          644.0000   848752         
  57567 30504      647.0000  1133                    644.0000   849245         
  58183 31114      645.0000  1710                    644.0000   854998         
  58865 31205      646.0000  1266                    644.0000   853237         
  59555 31145      646.0000  1271                    644.0000   856605         
  60298 31426      645.0000  1383                    644.0000   858566         
  61083 31828    infeasible                          644.0000   860107         
  61824 32196      646.0000  1443                    644.0000   866215         
Elapsed time = 615.92 sec. (454659.04 ticks, tree = 7941.68 MB, solutions = 0)
Nodefile size = 5855.78 MB (2470.97 MB after compression)
  62234 32132      646.0000  1418                    644.0000   865794         
  62276 32196    infeasible                          644.0000   867341         
  62502 32717      644.0000  1726                    644.0000   875826         
  62945 32850      647.0000   978                    644.0000   875735         
  63511 33037      648.0000  1592                    644.0000   881581         
  64169 33059    infeasible                          644.0000   883918         
  64826 33085      645.0000  1703                    644.0000   885523         
  65514 33420      645.0000  1807                    644.0000   897538         
  66147 33558      665.0000  1483                    644.0000   900145         
  66817 34241      670.0000  1324                    644.0000   928110         
Elapsed time = 713.94 sec. (493288.61 ticks, tree = 8452.60 MB, solutions = 0)
Nodefile size = 6359.76 MB (2665.70 MB after compression)
  67621 34478      674.0000  1251                    644.0000   928610         
  68408 35326      645.0000  1097                    644.0000   937439         
  69094 35812    infeasible                          644.0000   939554         
  69838 36030      647.0000  1404                    644.0000   941292         
  70642 36454      649.0000  1338                    644.0000   943897         
  71505 36504      646.0000  1385                    644.0000   949350         
  72236 36558      647.0000  1572                    644.0000   946277         
  72950 36903      647.0000  1311                    644.0000   956286         
  73721 37044      646.0000  1281                    644.0000   958546         
  74432 37802    infeasible                          644.0000   962415         
Elapsed time = 777.48 sec. (531480.84 ticks, tree = 9400.80 MB, solutions = 0)
Nodefile size = 7321.33 MB (3085.78 MB after compression)
  75133 37876      646.0000  1227                    644.0000   962924         
  75947 38409      649.0000  1294                    644.0000   967460         
  76810 38613      645.0000  1413                    644.0000   969842         
  77578 38651    infeasible                          644.0000   970567         
  78203 38812      646.0000  1131                    644.0000   974900         
  78528 38829    infeasible                          644.0000   975223         
  78588 39086      649.0000  1324                    644.0000   978112         
  78867 39097      646.0000  1753                    644.0000   978735         
  79378 39078    infeasible                          644.0000   978605         
  80055 39411    infeasible                          644.0000   984878         
Elapsed time = 836.16 sec. (569695.73 ticks, tree = 9779.61 MB, solutions = 0)
Nodefile size = 7700.47 MB (3246.96 MB after compression)
  80831 39422      665.0000  1415                    644.0000   989648         
  81589 39619    infeasible                          644.0000   985937         
  82378 40014    infeasible                          644.0000   999581         
  83150 40431      645.0000  1324                    644.0000  1013981         
  83862 40566    infeasible                          644.0000  1017482         
  84494 40646    infeasible                          644.0000  1021225         
  85170 40714      647.0000  1376                    644.0000  1021602         
  85932 40935    infeasible                          644.0000  1027579         
  86713 40987      645.0000  1481                    644.0000  1031086         
  87406 41226      645.0000  1232                    644.0000  1032433         
Elapsed time = 883.83 sec. (607871.77 ticks, tree = 10212.61 MB, solutions = 0)
Nodefile size = 8109.09 MB (3396.89 MB after compression)
  88080 41326      646.0000  1362                    644.0000  1041090         
  88714 41727    infeasible                          644.0000  1047848         
  89375 41983    infeasible                          644.0000  1053809         
  90089 42063    infeasible                          644.0000  1054925         
  90778 42506      647.0000  1354                    644.0000  1062987         
  91488 42505    infeasible                          644.0000  1062987         
  92043 42673    infeasible                          644.0000  1068126         
  92168 42889    infeasible                          644.0000  1078527         
  92342 43213      666.0000  1228                    644.0000  1089052         
  92727 43552      667.0000  1677                    644.0000  1091701         
Elapsed time = 961.05 sec. (647762.50 ticks, tree = 10754.19 MB, solutions = 0)
Nodefile size = 8665.44 MB (3613.12 MB after compression)
  93368 43689      667.0000  1664                    644.0000  1091726         
  94100 43721      665.0000  1705                    644.0000  1094864         
  94856 44012      666.0000  1156                    644.0000  1097348         
  95557 44556      647.0000  1524                    644.0000  1108006         
  96288 44723      645.0000  1302                    644.0000  1116308         
  97136 45181      675.0000  1423                    644.0000  1122526         
  97921 45470      646.0000  1161                    644.0000  1126020         
  98720 45735      675.0000  1412                    644.0000  1126404         
  99510 45680    infeasible                          644.0000  1126984         
 100250 46292      647.0000  1010                    644.0000  1129818         
Elapsed time = 1011.16 sec. (685958.18 ticks, tree = 11500.53 MB, solutions = 0)
Nodefile size = 9410.43 MB (3943.31 MB after compression)
 100968 46680      648.0000  1360                    644.0000  1132748         
 101626 47242      645.0000  1701                    644.0000  1142239         
 102393 47354    infeasible                          644.0000  1143788         
 103199 47836      670.0000  1414                    644.0000  1159421         
 104005 47889    infeasible                          644.0000  1163720         
 104793 48593      683.0000  1611                    644.0000  1167266         
 105624 48629      666.0000   902                    644.0000  1167474         
 106392 48888      646.0000  1080                    644.0000  1169473         
 106983 49293      654.0000  1688                    644.0000  1178629         
 107684 49385    infeasible                          644.0000  1184469         
Elapsed time = 1058.35 sec. (724145.82 ticks, tree = 12327.90 MB, solutions = 0)
Nodefile size = 10241.80 MB (4309.84 MB after compression)
 108349 49923      653.0000  1712                    644.0000  1200815         
 109041 50211      650.0000  1777                    644.0000  1204675         
 109647 50753    infeasible                          644.0000  1214506         
 110271 50950      655.0000  1612                    644.0000  1226287         
 110354 51332      665.0000  1438                    644.0000  1229551         
 110424 51589      662.0000  1499                    644.0000  1241600         
 110712 51667      680.0000  1426                    644.0000  1241508         
 111298 51701      671.0000  1384                    644.0000  1246058         
 112098 52273      647.0000  1563                    644.0000  1260020         
 112969 52412      647.0000  1565                    644.0000  1260037         
Elapsed time = 1120.60 sec. (762364.11 ticks, tree = 13132.42 MB, solutions = 0)
Nodefile size = 10988.91 MB (4639.88 MB after compression)
 113764 52875      655.0000  1502                    644.0000  1264227         
 114509 53850      645.0000  1678                    644.0000  1268436         
 115269 54264      671.0000  1096                    644.0000  1268442         
 115924 54745      646.0000  1785                    644.0000  1279766         
 116633 54942    infeasible                          644.0000  1282515         
 117362 55527      655.0000  1803                    644.0000  1291420         
 118223 55799      678.0000  1530                    644.0000  1294065         
 118918 56223      661.0000  1741                    644.0000  1300827         
 119657 56850      646.0000  1693                    644.0000  1304939         
 120288 57198    infeasible                          644.0000  1336644         
Elapsed time = 1169.91 sec. (800545.83 ticks, tree = 14397.03 MB, solutions = 0)
Nodefile size = 12316.56 MB (5220.21 MB after compression)
 120883 57393      645.0000  1552                    644.0000  1346334         
 121583 57703    infeasible                          644.0000  1367061         
 122274 57881      676.0000  1648                    644.0000  1375850         
 122984 58312      654.0000  1485                    644.0000  1380335         
 123624 58460      645.0000  1648                    644.0000  1386946         
 124208 58745    infeasible                          644.0000  1393252         
 124554 58746      646.0000  1078                    644.0000  1393252         
 124636 59263      646.0000  1305                    644.0000  1421504         
 124749 59376      646.0000  1321                    644.0000  1421509         
 125031 59479      663.0000  1490                    644.0000  1430177         
Elapsed time = 1246.31 sec. (838788.28 ticks, tree = 15002.69 MB, solutions = 0)
Nodefile size = 12914.70 MB (5468.32 MB after compression)
 125790 59249    infeasible                          644.0000  1427819         
 126439 59653      679.0000  1702                    644.0000  1442743         
 127005 60436      646.0000  1240                    644.0000  1446282         
 127461 60520      645.0000  1694                    644.0000  1458660         
 127999 60850      646.0000  1112                    644.0000  1468031         
 128566 61268      645.0000  1162                    644.0000  1512552         
 129180 61827      679.0000  1685                    644.0000  1548733         
 129881 62052    infeasible                          644.0000  1552272         
 130514 62345      646.0000  1641                    644.0000  1554193         
 131198 62564      646.0000  1345                    644.0000  1559315         
Elapsed time = 1293.38 sec. (877015.75 ticks, tree = 15707.44 MB, solutions = 0)
Nodefile size = 13621.82 MB (5749.51 MB after compression)
 131856 62951    infeasible                          644.0000  1571926         
 132586 62906      645.0000  1714                    644.0000  1573829         
 133246 63254      651.0000  1832                    644.0000  1591605         
 134005 63467      646.0000  1209                    644.0000  1597025         
 134637 63743    infeasible                          644.0000  1603662         
 135255 64066      646.0000  1706                    644.0000  1619996         
 135923 64063      646.0000  1054                    644.0000  1620447         
 136607 64235      656.0000  1629                    644.0000  1632646         
 137306 64522    infeasible                          644.0000  1644208         
 138002 64858      646.0000   974                    644.0000  1655401         
Elapsed time = 1337.58 sec. (915229.12 ticks, tree = 16288.08 MB, solutions = 0)
Nodefile size = 14202.16 MB (5971.90 MB after compression)
 138782 64906      645.0000  1480                    644.0000  1656431         
 139209 65164      645.0000  1618                    644.0000  1659594         
 139358 65357      671.0000  1753                    644.0000  1664604         
 139406 65523      644.0000  1757                    644.0000  1668885         
 139581 65571      645.0000  1731                    644.0000  1671759         
 139826 65724      645.0000  1628                    644.0000  1684266         
 140180 65822      645.0000  1559                    644.0000  1691377         
 140670 65876      645.0000  1530                    644.0000  1693680         
 141232 66509      646.0000  1328                    644.0000  1734661         
 141937 66922    infeasible                          644.0000  1758143         
Elapsed time = 1412.49 sec. (953535.42 ticks, tree = 16850.49 MB, solutions = 0)
Nodefile size = 14761.55 MB (6219.90 MB after compression)
 142724 66929      647.0000  1375                    644.0000  1758546         
 143445 67610      645.0000  1673                    644.0000  1776087         
 144138 67672      654.0000  1694                    644.0000  1780093         
 144793 67986      648.0000  1105                    644.0000  1787978         
 145423 68348    infeasible                          644.0000  1810408         
 146037 68349      647.0000  1333                    644.0000  1810499         
 146729 68957      647.0000  1333                    644.0000  1831985         
 147526 68971      647.0000  1331                    644.0000  1832132         
 148319 69687      647.0000  1508                    644.0000  1835346         
 148928 69768      647.0000  1312                    644.0000  1835783         
Elapsed time = 1454.67 sec. (991721.23 ticks, tree = 17661.00 MB, solutions = 0)
Nodefile size = 15539.88 MB (6583.95 MB after compression)
 149574 70249    infeasible                          644.0000  1836470         
 150287 70873      654.0000  1067                    644.0000  1853928         
 150949 70995    infeasible                          644.0000  1865357         
 151712 71532      647.0000  1710                    644.0000  1875508         
 152432 72244      654.0000  1470                    644.0000  1889000         
 153185 72191      654.0000   934                    644.0000  1889195         
 153898 72521      654.0000  1446                    644.0000  1894272         
 154615 72698      654.0000   914                    644.0000  1897315         
 155327 72960      654.0000  1205                    644.0000  1908277         
 156035 73179      683.0000  1524                    644.0000  1912736         
Elapsed time = 1497.88 sec. (1029928.19 ticks, tree = 18628.41 MB, solutions = 0)
Nodefile size = 16525.74 MB (7041.34 MB after compression)
 156868 73318    infeasible                          644.0000  1921139         
 157382 73602      654.0000   807                    644.0000  1933418         
 157569 74239      644.0000  1760                    644.0000  1936908         
 157670 74338    infeasible                          644.0000  1937994         
 157941 74588      654.0000  1475                    644.0000  1939668         
 158292 74649    infeasible                          644.0000  1943194         
 158820 74956      677.0000  1395                    644.0000  1955452         
 159389 75145      683.0000  1599                    644.0000  1968706         
 160093 75134      682.0000  1437                    644.0000  1967880         
 160812 75492      654.0000  1573                    644.0000  1978676         
Elapsed time = 1567.36 sec. (1068180.90 ticks, tree = 19290.02 MB, solutions = 0)
Nodefile size = 17190.83 MB (7352.16 MB after compression)
 161557 75856      674.0000  1546                    644.0000  1996090         
 162201 76617      677.0000  1295                    644.0000  1999211         
 162915 76774      659.0000  1205                    644.0000  2000225         
 163613 77436      664.0000  1549                    644.0000  2020737         
 164339 77764      670.5000  2469                    644.0000  2034912         
 165123 77901      671.0000  1822                    644.0000  2034984         
 165931 78315      682.0000  1529                    644.0000  2036551         
 166686 78677    infeasible                          644.0000  2038006         
 167411 78994      682.0000  1594                    644.0000  2038517         
 167983 79007      654.0000  1578                    644.0000  2040493         
Elapsed time = 1609.85 sec. (1106400.18 ticks, tree = 20299.14 MB, solutions = 0)
Nodefile size = 18195.70 MB (7823.15 MB after compression)
 168579 79143      654.0000  1090                    644.0000  2042259         
 169194 79531      654.0000  1697                    644.0000  2062201         
 169868 80231      681.0000  1718                    644.0000  2093025         
 170615 79879      679.0000  1299                    644.0000  2079115         
 171430 81163      649.0000  1799                    644.0000  2107450         
 172104 80607      654.0000  1542                    644.0000  2105643         
 172783 81212      654.0000  1422                    644.0000  2110082         
 173442 81444      644.0000  1731                    644.0000  2112743         
 173874 81608      679.0000  1267                    644.0000  2123669         
 174103 82211    infeasible                          644.0000  2151939         
Elapsed time = 1674.80 sec. (1147202.78 ticks, tree = 21216.27 MB, solutions = 0)
Nodefile size = 19128.47 MB (8260.96 MB after compression)
 174226 82438      654.0000  1718                    644.0000  2155577         
 174733 82493    infeasible                          644.0000  2156029         
 175352 82767      654.0000  1648                    644.0000  2161340         
 176055 82502      670.0000  1550                    644.0000  2158609         
 176659 83153    infeasible                          644.0000  2181508         
 177127 83183      644.0000  1656                    644.0000  2185726         
 177614 83687      675.0000  1632                    644.0000  2218327         
 178199 83873      648.0000  1587                    644.0000  2232259         
 178840 84107      645.0000  1767                    644.0000  2262957         
 179616 84755      682.0000  1282                    644.0000  2284941         
Elapsed time = 1720.40 sec. (1185418.07 ticks, tree = 21947.90 MB, solutions = 0)
Nodefile size = 19815.39 MB (8583.83 MB after compression)
 180404 84929      668.0000  1713                    644.0000  2312657         
 181243 85069      669.0000  1734                    644.0000  2312690         
 181953 86002      654.0000  1140                    644.0000  2329909         
 182551 86525      654.0000  1791                    644.0000  2338051         
 183046 86585      677.0000  1472                    644.0000  2343578         
 183575 86858      682.0000  1705                    644.0000  2366799         
 184113 87612    infeasible                          644.0000  2414190         
 184732 87310      644.0000  1789                    644.0000  2407969         
 185434 87921      654.0000  1514                    644.0000  2447076         
 186126 88554      683.0000  1426                    644.0000  2460654         
Elapsed time = 1766.00 sec. (1223637.51 ticks, tree = 23041.84 MB, solutions = 0)
Nodefile size = 20933.94 MB (9108.76 MB after compression)
 186675 88644    infeasible                          644.0000  2464774         
 187043 88745    infeasible                          644.0000  2464389         
 187162 89387      650.0000  1724                    644.0000  2494795         
 187271 89245    infeasible                          644.0000  2479386         

Clique cuts applied:  21
Cover cuts applied:  115
Implied bound cuts applied:  9560
Mixed integer rounding cuts applied:  614
Zero-half cuts applied:  31
Lift and project cuts applied:  1

Root node processing (before b&c):
  Real time             =   43.98 sec. (45732.00 ticks)
Parallel b&c, 8 threads:
  Real time             = 1759.22 sec. (1197156.85 ticks)
  Sync time (average)   =  601.95 sec.
  Wait time (average)   =    0.00 sec.
                          ------------
Total (root+branch&cut) = 1803.20 sec. (1242888.85 ticks)
! --------------------------------------------------------
! Problem is UNKNOWN
! CPLEX Status = AbortTimeLim
! --------------------------------------------------------
