! Solving for graph /home/truongxuanhieu/CPLEX-MIP-for-MinSpanLabeling/benchmarks/cabp/T-dwt__592.mtx.rnd
! Target value is set to 141
! Lower bound is set to 142
! Upper bound is set to 740
! Time limit is set to 1800
! Vertices mode is set to Has hole
! Target value mode is set to Cyclic Antibandwidth
Version identifier: 22.2.0.0 | 2026-05-04 | 5dff98e58
CPXPARAM_TimeLimit                               1800
Tried aggregator 2 times.
MIP Presolve eliminated 2257 rows and 1554 columns.
MIP Presolve modified 438302 coefficients.
Aggregator did 6288 substitutions.
Reduced MIP has 14242 rows, 448511 columns, and 910076 nonzeros.
Reduced MIP has 440558 binaries, 2849 generals, 0 SOSs, and 5104 indicators.
Presolve time = 1.22 sec. (2498.10 ticks)
Probing time = 1.45 sec. (766.14 ticks)
Tried aggregator 1 time.
Detecting symmetries...
Reduced MIP has 14242 rows, 448511 columns, and 910076 nonzeros.
Reduced MIP has 440558 binaries, 3441 generals, 0 SOSs, and 5104 indicators.
Presolve time = 0.95 sec. (644.37 ticks)
Probing time = 0.28 sec. (98.12 ticks)
Clique table members: 97415.
MIP emphasis: balance optimality and feasibility.
MIP search method: dynamic search.
Parallel mode: deterministic, using up to 8 threads.
Root relaxation solution time = 1.02 sec. (677.41 ticks)

        Nodes                                         Cuts/
   Node  Left     Objective  IInf  Best Integer    Best Bound    ItCnt     Gap

      0     0      282.0000  1612                    282.0000     2259         
      0     0      282.0000  3617                  Cuts: 3660     4294         
      0     0      282.0000  3631                  Cuts: 3660     5128         
Detecting symmetries...
      0     2      282.0000  3631                    282.0000     5128         
Elapsed time = 59.47 sec. (68300.99 ticks, tree = 0.02 MB, solutions = 0)
      2     4      282.0000  2880                    282.0000     5883         
      5     7      282.0000  2537                    282.0000     6022         
      8    10      282.0000  2811                    282.0000     6666         
     19    13      282.0000  3223                    282.0000     8024         
     26    18      282.0000  3651                    282.0000     8481         
     32    23      282.0000  3676                    282.0000    10206         
     39    35      282.0000  3621                    282.0000    16918         
     46    41      282.0000  2890                    282.0000    18726         
     48    44      282.0000  2859                    282.0000    19591         
     86    72      282.0000  2723                    282.0000    26312         
Elapsed time = 64.16 sec. (71662.04 ticks, tree = 9.55 MB, solutions = 0)
    161   135      423.0000  2603                    282.0000    33145         
    201   182      423.0000  2514                    282.0000    37288         
    293   217      564.0000  2428                    282.0000    41340         
    363   330      564.0000  2309                    282.0000    47683         
    454   400      564.0000  2293                    282.0000    49954         
    532   428      424.0000  2408                    282.0000    52310         
    597   481      423.0000  2453                    282.0000    54310         
    658   597      564.0000  2354                    282.0000    58432         
    702   654      635.0000  2249                    282.0000    59965         
    706   608      564.0000  2314                    282.0000    58520         
Elapsed time = 84.01 sec. (82823.41 ticks, tree = 148.95 MB, solutions = 0)
    711   696      564.0000  2588                    282.0000    61114         
    746   668      565.0000  2218                    282.0000    60140         
    810   709      565.0000  2196                    282.0000    62413         
    881   748      564.0000  2250                    282.0000    63429         
    957   890      424.0000  2495                    282.0000    66620         
   1030   901      424.0000  2452                    282.0000    66862         
   1087  1005      423.0000  2550                    282.0000    72133         
   1135  1066      565.0000  2374                    282.0000    72077         
   1207  1062      565.0000  2069                    282.0000    72263         
   1287  1132      424.0000  2494                    282.0000    75756         
Elapsed time = 101.22 sec. (92473.26 ticks, tree = 315.20 MB, solutions = 0)
   1380  1183      635.0000  2059                    282.0000    76543         
   1468  1327      635.0000  2042                    282.0000    79648         
   1554  1371      706.0000  2032                    282.0000    80354         
   1651  1435      565.0000  2031                    282.0000    81753         
   1745  1564    infeasible                          282.0000    83689         
   1825  1720      564.0000  2192                    282.0000    86678         
   1906  1745      565.0000  1933                    282.0000    86879         
   1984  1812      706.0000  1980                    282.0000    87575         
   2045  1825      706.0000  1961                    282.0000    87745         
   2114  2029      634.5000  2721                    282.0000    90233         
Elapsed time = 114.90 sec. (102069.97 ticks, tree = 604.84 MB, solutions = 0)
   2200  2048      706.0000  1881                    282.0000    90743         
   2282  2059      706.0000  1837                    282.0000    90896         
   2380  2119      565.0000  2013                    282.0000    91755         
   2468  2259      635.0000  1852                    282.0000    94400         
   2548  2268      635.0000  1832                    282.0000    94520         
   2639  2453      565.0000  1933                    282.0000    97555         
   2717  2492      706.0000  1885                    282.0000    98208         
   2787  2658      706.0000  1764                    282.0000   100837         
   2861  2686      706.0000  1703                    282.0000   103572         
   2945  2697      706.0000  1659                    282.0000   103702         
Elapsed time = 126.08 sec. (111660.61 ticks, tree = 821.85 MB, solutions = 0)
   3026  2754      635.0000  1858                    282.0000   104888         
   3112  2864      706.0000  1902                    282.0000   110485         
   3189  2995      706.0000  1628                    282.0000   115819         
   3270  3100      706.0000  1717                    282.0000   117928         
   3353  3137      423.0000  2364                    282.0000   118771         
   3441  3149      423.0000  2388                    282.0000   119041         
   3534  3233      706.0000  1551                    282.0000   120240         
   3626  3439      565.0000  2031                    282.0000   123461         
   3729  3383      706.0000  1826                    282.0000   122376         
   3806  3635      565.0000  2071                    282.0000   126825         
Elapsed time = 140.48 sec. (121276.03 ticks, tree = 1126.08 MB, solutions = 0)
   3878  3536      423.0000  2513                    282.0000   129953         
   3969  3772      706.0000  1530                    282.0000   133650         
   4060  3846      424.0000  2251                    282.0000   136044         
   4119  3918      706.0000  1781                    282.0000   138103         
   4199  3993      565.0000  1959                    282.0000   139250         
   4290  4002      565.0000  1949                    282.0000   139344         
   4369  4221      636.0000  1592                    282.0000   145675         
   4447  4169      565.0000  1889                    282.0000   144566         
   4531  4264      564.0000  2312                    282.0000   147540         
   4620  4275      564.0000  2293                    282.0000   147881         
Elapsed time = 153.36 sec. (130901.84 ticks, tree = 1334.14 MB, solutions = 0)
   4705  4459      706.0000  1299                    282.0000   152474         
   4819  4523      706.0000  1396                    282.0000   152985         
   4951  4573      636.0000  1882                    282.0000   153356         
   5087  4656      636.0000  1463                    282.0000   156527         
   5216  4941      706.0000  1217                    282.0000   159986         
   5381  4940    infeasible                          282.0000   160027         
   5572  4944    infeasible                          282.0000   160068         
   5790  5086      636.0000  1478                    282.0000   161509         
   6030  5114      706.0000  1217                    282.0000   161889         
   6192  5162      636.0000  1816                    282.0000   162241         
Elapsed time = 167.31 sec. (140495.93 ticks, tree = 1622.42 MB, solutions = 0)
   6309  5198      565.0000  1742                    282.0000   162912         
   6428  5351      565.0000  2101                    282.0000   169516         
   6554  5365      565.0000  2122                    282.0000   169745         
   6661  5409      636.0000  1844                    282.0000   174396         
   6782  5538      706.0000  1098                    282.0000   177301         
   6897  5569      564.0000  2389                    282.0000   179454         
   7035  5674    infeasible                          282.0000   180315         
   7188  5682      565.0000  2069                    282.0000   180423         
   7334  5691      706.0000  1098                    282.0000   180507         
   7495  5763      423.0000  2485                    282.0000   181594         
Elapsed time = 179.91 sec. (150112.87 ticks, tree = 1810.96 MB, solutions = 0)
   7646  5767      565.0000  2058                    282.0000   181564         
   7817  5816      424.0000  2328                    282.0000   182153         
   7997  5849      706.0000  1094                    282.0000   182371         
   8158  5844    infeasible                          282.0000   182285         
   8289  5886      706.0000  1251                    282.0000   182719         
   8425  5913    infeasible                          282.0000   182990         
   8562  5929    infeasible                          282.0000   183350         
   8713  5978    infeasible                          282.0000   185277         
   8863  5979      706.0000  1094                    282.0000   185294         
   9573  6082      565.0000  1993                    282.0000   186392         
Elapsed time = 193.45 sec. (162560.27 ticks, tree = 1906.07 MB, solutions = 0)
  10228  6137      706.0000  1094                    282.0000   189059         
  10849  6245    infeasible                          282.0000   190356         
  11531  6347      636.0000  1813                    282.0000   191625         
  12147  6494    infeasible                          282.0000   195899         
  12675  6530    infeasible                          282.0000   197793         
  13370  6593      706.0000  1082                    282.0000   200377         
  14034  6717      706.0000  1243                    282.0000   201658         
  14599  6826    infeasible                          282.0000   201940         
  15241  6941    infeasible                          282.0000   204864         
  15967  7073    infeasible                          282.0000   206074         
Elapsed time = 231.74 sec. (200758.26 ticks, tree = 2196.39 MB, solutions = 0)
Nodefile size = 129.93 MB (49.79 MB after compression)
  16529  7113    infeasible                          282.0000   207996         
  17125  7129    infeasible                          282.0000   208496         
  17837  7353    infeasible                          282.0000   210693         
  18519  7360    infeasible                          282.0000   211038         
  19083  7460      423.0000  2370                    282.0000   212661         
  19657  7500      425.0000  2411                    282.0000   214727         
  20396  7618    infeasible                          282.0000   215995         
  21070  7645      636.0000  1782                    282.0000   216613         
  21622  7789      425.0000  2401                    282.0000   219639         
  22184  7815      425.0000  2393                    282.0000   220662         
Elapsed time = 270.50 sec. (238979.72 ticks, tree = 2406.56 MB, solutions = 0)
Nodefile size = 333.55 MB (129.58 MB after compression)
  22816  7866      424.0000  2363                    282.0000   223926         
  23483  8026    infeasible                          282.0000   226772         
  24059  8044      706.0000  1203                    282.0000   227315         
  24614  8153      706.0000  1207                    282.0000   230814         
  25226  8204      705.0000  1485                    282.0000   234551         
  25972  8285      565.0000  1820                    282.0000   236225         
  26612  8386      706.0000  1018                    282.0000   237418         
  27227  8539      706.0000  1190                    282.0000   240143         
  27776  8680      565.0000  1820                    282.0000   242392         
  28435  8732      565.0000  1814                    282.0000   243650         
Elapsed time = 312.45 sec. (277188.31 ticks, tree = 2674.97 MB, solutions = 0)
Nodefile size = 596.47 MB (234.35 MB after compression)
  29134  8735      706.0000  1428                    282.0000   243874         
  29584  8838    infeasible                          282.0000   244536         
  29597  8932      564.0000  2390                    282.0000   248138         
  29721  9056      564.0000  2389                    282.0000   248178         
  29785  9118      424.0000  2485                    282.0000   251330         
  29854  9123    infeasible                          282.0000   251419         
  29924  9123    infeasible                          282.0000   251511         
  30034  9126      424.0000  2555                    282.0000   253578         
  30445  9229      423.0000  2528                    282.0000   254922         
  31076  9304      423.0000  2542                    282.0000   270381         
Elapsed time = 404.21 sec. (325564.41 ticks, tree = 2852.21 MB, solutions = 0)
Nodefile size = 753.30 MB (296.03 MB after compression)
  31661  9945      424.0000  2642                    282.0000   309451         
  32148 10044      424.0000  2366                    282.0000   313969         
  32659 10690      423.0000  2427                    282.0000   338966         
  33309 10788      423.0000  2431                    282.0000   341838         
  33965 11251      424.0000  2360                    282.0000   344638         
  34694 11506    infeasible                          282.0000   349700         
  35340 11962      424.0000  2383                    282.0000   357468         
  35923 12661      423.0000  2369                    282.0000   374131         
  36491 12833      423.0000  2394                    282.0000   379515         
  37059 13100      564.0000  2357                    282.0000   379889         
Elapsed time = 446.71 sec. (363748.80 ticks, tree = 4048.28 MB, solutions = 0)
Nodefile size = 1928.57 MB (748.92 MB after compression)
  37601 13515      423.0000  2302                    282.0000   394015         
  38148 13738    infeasible                          282.0000   400302         
  38676 13879    infeasible                          282.0000   405130         
  39308 14002      423.0000  2348                    282.0000   412435         
  39915 14001    infeasible                          282.0000   415069         
  40555 14006      424.0000  2076                    282.0000   415277         
  41088 14772      424.0000  2041                    282.0000   429032         
  41642 14973    infeasible                          282.0000   437672         
  42228 15490      423.0000  2528                    282.0000   452495         
  42886 15756      424.0000  2481                    282.0000   460655         
Elapsed time = 487.74 sec. (401969.66 ticks, tree = 4900.07 MB, solutions = 0)
Nodefile size = 2808.48 MB (1089.79 MB after compression)
  43595 16007      423.0000  2489                    282.0000   468051         
  44261 16007      423.0000  2372                    282.0000   467375         
  44939 16343      706.0000  1819                    282.0000   470579         
  45617 16780      424.0000  2469                    282.0000   477869         
  46272 17239      423.0000  2411                    282.0000   483748         
  46990 17795      424.0000  1724                    282.0000   493195         
  47603 17789    infeasible                          282.0000   493133         
  48161 18308    infeasible                          282.0000   504575         
  48681 18847      423.0000  2449                    282.0000   510838         
  49213 18907      424.0000  2806                    282.0000   513623         
Elapsed time = 534.87 sec. (440156.21 ticks, tree = 5736.37 MB, solutions = 0)
Nodefile size = 3635.03 MB (1372.84 MB after compression)
  49786 18963    infeasible                          282.0000   513458         
  50368 19432    infeasible                          282.0000   528427         
  50920 20259      424.0000  2464                    282.0000   544384         
  51505 20399      283.0000  2842                    282.0000   553530         
  52086 20821      423.0000  2685                    282.0000   557559         
  52594 20815    infeasible                          282.0000   567222         
  53065 21172      283.0000  2885                    282.0000   572449         
  53595 21325    infeasible                          282.0000   573957         
  54151 21433      283.0000  2906                    282.0000   587516         
  54631 21777      353.0000  2633                    282.0000   604570         
Elapsed time = 582.62 sec. (478371.38 ticks, tree = 6261.91 MB, solutions = 0)
Nodefile size = 4158.07 MB (1479.82 MB after compression)
  55207 22335      353.0000  2499                    282.0000   628771         
  55748 22348      282.0000  2860                    282.0000   628887         
  56303 22460      565.0000  1659                    282.0000   630559         
  56927 22646      355.0000  2630                    282.0000   639005         
  57468 22910      424.0000  2494                    282.0000   648483         
  58036 22865      706.0000  1757                    282.0000   644119         
  58616 23091      423.0000  2109                    282.0000   651526         
  59261 24046      300.0000  2889                    282.0000   681421         
  59963 24385      282.0000  2844                    282.0000   685017         
  60682 24042    infeasible                          282.0000   681693         
Elapsed time = 621.90 sec. (516562.20 ticks, tree = 6944.12 MB, solutions = 0)
Nodefile size = 4855.70 MB (1731.51 MB after compression)
  61291 24670    infeasible                          282.0000   687192         
  61923 24929      282.0000  2774                    282.0000   692728         
  62415 25240    infeasible                          282.0000   692884         
  62945 25753      423.0000  2482                    282.0000   713676         
  63526 25845      355.0000  2560                    282.0000   727587         
  64175 26328      282.0000  2658                    282.0000   744446         
  64801 26790    infeasible                          282.0000   751331         
  65468 27158      424.0000  2377                    282.0000   755509         
  66087 27229    infeasible                          282.0000   759593         
  66617 28076      282.0000  2696                    282.0000   784457         
Elapsed time = 664.32 sec. (554754.54 ticks, tree = 8293.14 MB, solutions = 0)
Nodefile size = 6192.09 MB (2257.43 MB after compression)
  67150 28346      424.0000  2156                    282.0000   792507         
  67725 28626      423.0000  2147                    282.0000   809647         
  68290 29517      424.0000  2305                    282.0000   831724         
  68839 29518      424.0000  2305                    282.0000   831815         
  69365 29959    infeasible                          282.0000   856758         
  69981 30055      423.0000  2327                    282.0000   863594         
  70636 30048      423.0000  2436                    282.0000   884527         
  71276 30113      423.0000  2280                    282.0000   899784         
  71936 30597      424.0000  2286                    282.0000   915875         
  72740 30972      475.0000  2321                    282.0000   917593         
Elapsed time = 706.39 sec. (592987.29 ticks, tree = 9264.84 MB, solutions = 0)
Nodefile size = 7131.18 MB (2618.77 MB after compression)
  73462 31373      475.0000  2318                    282.0000   919681         
  74188 31608      580.0000  2344                    282.0000   919880         
  74873 31950      282.0000  2677                    282.0000   922227         
  75569 31998    infeasible                          282.0000   922447         
  76338 31994      424.0000  2263                    282.0000   922623         
  77032 32268      424.0000  2140                    282.0000   942171         
  77646 32595    infeasible                          282.0000   943097         
  78266 32628      477.0000  2318                    282.0000   943428         
  78923 32989      477.0000  2317                    282.0000   957110         
  79553 33011      424.0000  2270                    282.0000   957550         
Elapsed time = 747.36 sec. (631193.68 ticks, tree = 9948.01 MB, solutions = 0)
Nodefile size = 7856.72 MB (2898.56 MB after compression)
  80182 33194      423.0000  2117                    282.0000   958440         
  80876 33336      424.0000  2105                    282.0000   959629         
  81581 33506      424.0000  2265                    282.0000   960044         
  82194 33742      423.0000  2362                    282.0000   978221         
  82806 33860      423.0000  2328                    282.0000   978304         
  83420 33991      423.0000  2337                    282.0000   988501         
  84018 34862    infeasible                          282.0000  1027629         
  84466 34929      423.0000  2415                    282.0000  1048959         
  84992 35087      477.0000  2201                    282.0000  1045473         
  85621 35528      424.0000  2086                    282.0000  1101116         
Elapsed time = 789.05 sec. (669423.89 ticks, tree = 10795.18 MB, solutions = 0)
Nodefile size = 8678.06 MB (3216.36 MB after compression)
  86249 36230    infeasible                          282.0000  1134371         
  86860 36022      427.0000  2013                    282.0000  1133066         
  87433 36774      424.0000  1839                    282.0000  1137026         
  88020 37074      424.0000  1998                    282.0000  1138683         
  88589 37470    infeasible                          282.0000  1160183         
  89194 37475      424.0000  2044                    282.0000  1160313         
  89724 38016      423.0000  2268                    282.0000  1187377         
  90369 38015      477.0000  2189                    282.0000  1200178         
  91043 38089      424.0000  1953                    282.0000  1202220         
  91610 38549      424.0000  2043                    282.0000  1214510         
Elapsed time = 831.70 sec. (707631.45 ticks, tree = 11813.42 MB, solutions = 0)
Nodefile size = 9721.99 MB (3622.40 MB after compression)
  92193 39155      423.0000  2160                    282.0000  1225144         
  92800 39390    infeasible                          282.0000  1242071         
  93456 39551      423.0000  2112                    282.0000  1226359         
  94039 39946      564.0000  2082                    282.0000  1259430         
  94683 40292      423.0000  1903                    282.0000  1259953         
  95363 40609      564.0000  1932                    282.0000  1262208         
  95967 40951    infeasible                          282.0000  1276759         
  96554 41403    infeasible                          282.0000  1290900         
  97109 41464    infeasible                          282.0000  1290987         
  97625 41745      424.0000  2019                    282.0000  1291876         
Elapsed time = 873.56 sec. (745838.06 ticks, tree = 12890.39 MB, solutions = 0)
Nodefile size = 10791.92 MB (4038.84 MB after compression)
  98150 41736    infeasible                          282.0000  1292197         
  98728 41747      424.0000  2137                    282.0000  1292536         
  99307 42164    infeasible                          282.0000  1293918         
  99923 42273    infeasible                          282.0000  1302317         
 100528 42550    infeasible                          282.0000  1306857         
 101173 43160      492.0000  2085                    282.0000  1347447         
 101792 43263      512.0000  2035                    282.0000  1347561         
 102394 43769      494.0000  2368                    282.0000  1348147         
 102980 44124      512.0000  2048                    282.0000  1350846         
 103604 44534      423.0000  2409                    282.0000  1382606         
Elapsed time = 917.34 sec. (784037.22 ticks, tree = 13833.59 MB, solutions = 0)
Nodefile size = 11738.62 MB (4408.63 MB after compression)
 104236 44565    infeasible                          282.0000  1388710         
 104785 45358      460.0000  1919                    282.0000  1436940         
 105417 45224    infeasible                          282.0000  1439828         
 106044 45735      423.0000  2039                    282.0000  1453551         
 106668 45794    infeasible                          282.0000  1457704         
 107219 46077      423.0000  2313                    282.0000  1458319         
 107830 46100    infeasible                          282.0000  1460543         
 108393 46104    infeasible                          282.0000  1461057         
 108966 46350    infeasible                          282.0000  1477746         
 109586 46887      423.0000  2371                    282.0000  1497884         
Elapsed time = 959.70 sec. (822239.13 ticks, tree = 14626.31 MB, solutions = 0)
Nodefile size = 12501.64 MB (4705.96 MB after compression)
 110165 46886    infeasible                          282.0000  1517644         
 110739 47321    infeasible                          282.0000  1533166         
 111329 47302      439.0000  2329                    282.0000  1527216         
 111927 47517    infeasible                          282.0000  1533811         
 112574 47900      633.0000  2193                    282.0000  1541195         
 113205 47988    infeasible                          282.0000  1542400         
 113871 48141      425.0000  2149                    282.0000  1548772         
 114540 48607      423.0000  1997                    282.0000  1554273         
 115203 49199      423.0000  1969                    282.0000  1555696         
 115851 49131      633.0000  2220                    282.0000  1555136         
Elapsed time = 1003.40 sec. (860428.66 ticks, tree = 15386.28 MB, solutions = 0)
Nodefile size = 13230.24 MB (4994.03 MB after compression)
 116482 49816      423.0000  2354                    282.0000  1558389         
 117108 49898      564.0000  2232                    282.0000  1559699         
 117725 50402      564.0000  2214                    282.0000  1570613         
 118393 50660    infeasible                          282.0000  1573808         
 119079 50896      424.0000  2153                    282.0000  1579106         
 119709 51745      633.0000  2189                    282.0000  1601564         
 120345 52422      423.0000  2369                    282.0000  1615347         
 120967 52446      423.0000  2418                    282.0000  1616842         
 121667 53214      282.0000  2673                    282.0000  1632290         
 122331 53192      423.0000  2322                    282.0000  1641531         
Elapsed time = 1046.74 sec. (898607.85 ticks, tree = 16760.35 MB, solutions = 0)
Nodefile size = 14664.22 MB (5557.39 MB after compression)
 122878 53849      423.0000  2298                    282.0000  1645754         
 123449 54023      564.0000  2318                    282.0000  1677386         
 124002 54121      424.0000  2366                    282.0000  1696729         
 124613 54790      424.0000  2366                    282.0000  1724624         
 125228 54679      564.0000  2040                    282.0000  1714852         
 125781 55481      423.0000  2196                    282.0000  1726227         
 126369 55442      424.0000  2355                    282.0000  1725951         
 126912 55974      423.0000  2157                    282.0000  1727708         
 127502 56153      564.0000  2005                    282.0000  1738605         
 128063 56477      423.0000  2360                    282.0000  1758939         
Elapsed time = 1090.17 sec. (936808.81 ticks, tree = 17874.97 MB, solutions = 0)
Nodefile size = 15778.72 MB (5996.33 MB after compression)
 128683 56909      423.0000  2434                    282.0000  1779548         
 129371 57311    infeasible                          282.0000  1804104         
 130057 57370      423.0000  2315                    282.0000  1810849         
 130708 58082      423.0000  2322                    282.0000  1825861         
 131398 58181      423.0000  2437                    282.0000  1846442         
 132030 58708    infeasible                          282.0000  1861729         
 132621 59040      564.0000  2200                    282.0000  1871331         
 133257 59631      633.0000  1874                    282.0000  1894409         
 133892 60062      564.0000  2036                    282.0000  1895638         
 134538 60422    infeasible                          282.0000  1896353         
Elapsed time = 1134.56 sec. (975013.35 ticks, tree = 19208.81 MB, solutions = 0)
Nodefile size = 17113.01 MB (6518.89 MB after compression)
 135149 60704      633.0000  1898                    282.0000  1896358         
 135755 61146      564.0000  2155                    282.0000  1897143         
 136312 61978      564.0000  2170                    282.0000  1902319         
 136853 61985    infeasible                          282.0000  1902703         
 137410 62675      565.0000  2089                    282.0000  1947384         
 137730 62596      494.0000  2086                    282.0000  1947787         
 137773 63202    infeasible                          282.0000  1968931         
 137777 63201    infeasible                          282.0000  1969037         
 137781 62803    infeasible                          282.0000  1968137         
 137786 63421    infeasible                          282.0000  1970770         
Elapsed time = 1232.06 sec. (1025714.45 ticks, tree = 20230.47 MB, solutions = 0)
Nodefile size = 18135.07 MB (6920.55 MB after compression)
 137788 63420    infeasible                          282.0000  1970796         
 137792 63332    infeasible                          282.0000  1970321         
 137795 63418    infeasible                          282.0000  1970910         
 137798 63411    infeasible                          282.0000  1974464         
 137812 63417      423.0000  2374                    282.0000  1976397         
 138019 63482      423.0000  2353                    282.0000  1976976         
 138258 63610      423.0000  2407                    282.0000  1976909         
 138542 63592      423.0000  2418                    282.0000  1978807         
 138861 63953      423.0000  2366                    282.0000  1989078         
 139228 64055      423.0000  2460                    282.0000  1992876         
Elapsed time = 1385.29 sec. (1086615.16 ticks, tree = 20444.22 MB, solutions = 0)
Nodefile size = 18316.75 MB (6990.27 MB after compression)
 139579 63987      424.0000  2421                    282.0000  1993302         
 140010 64406    infeasible                          282.0000  1999730         
 140492 64452      424.0000  2431                    282.0000  2015142         
 140947 64503      564.0000  2258                    282.0000  2020949         
 141477 64956      492.0000  2130                    282.0000  2027165         
 142057 65382    infeasible                          282.0000  2060859         
 142690 65622      492.0000  2128                    282.0000  2063368         
 143257 66151      470.0000  2074                    282.0000  2071894         
 143849 66410      423.0000  2419                    282.0000  2076866         
 144376 66669      470.0000  2072                    282.0000  2074169         
Elapsed time = 1443.65 sec. (1124838.27 ticks, tree = 21326.06 MB, solutions = 0)
Nodefile size = 19218.42 MB (7343.75 MB after compression)
 144917 66926      423.0000  2472                    282.0000  2084589         
 145494 66960      423.0000  2150                    282.0000  2081416         
 146123 67245      496.0000  1937                    282.0000  2082641         
 146728 67496      423.0000  2455                    282.0000  2092203         
 147306 67511      564.0000  2044                    282.0000  2087349         
 147878 68099      633.0000  2109                    282.0000  2099160         
 148453 68053      564.0000  2044                    282.0000  2099323         
 149032 68623      426.0000  2156                    282.0000  2112201         
 149623 68792      633.0000  2127                    282.0000  2112547         
 150191 68700    infeasible                          282.0000  2113256         
Elapsed time = 1486.28 sec. (1163032.66 ticks, tree = 22015.59 MB, solutions = 0)
Nodefile size = 19918.61 MB (7619.92 MB after compression)
 150762 69343    infeasible                          282.0000  2113997         
 151361 69351      423.0000  2273                    282.0000  2114237         
 151958 69819      470.0000  2292                    282.0000  2121009         
 152552 70094      564.0000  2139                    282.0000  2130970         
 153099 70509    infeasible                          282.0000  2152029         
 153628 70448    infeasible                          282.0000  2149550         
 154137 70848    infeasible                          282.0000  2153312         
 154652 70819      470.0000  2267                    282.0000  2152286         
 155211 70996      424.0000  2249                    282.0000  2153858         
 155860 71435      423.0000  2107                    282.0000  2155552         
Elapsed time = 1529.25 sec. (1201224.59 ticks, tree = 22941.92 MB, solutions = 0)
Nodefile size = 20830.70 MB (7979.93 MB after compression)
 156501 71490      515.0000  1938                    282.0000  2156144         
 157125 72131      510.0000  2008                    282.0000  2174747         
 157737 72107      470.0000  2198                    282.0000  2174891         
 158360 72400    infeasible                          282.0000  2181002         
 158991 72808      510.0000  2040                    282.0000  2189386         
 159559 72803      424.0000  1945                    282.0000  2189747         
 160164 73001    infeasible                          282.0000  2190236         
 160755 73267      470.0000  2191                    282.0000  2190713         
 161409 73680      423.0000  2433                    282.0000  2194590         
 162059 73919      470.0000  2169                    282.0000  2191614         
Elapsed time = 1572.14 sec. (1239414.12 ticks, tree = 23784.70 MB, solutions = 0)
Nodefile size = 21687.77 MB (8320.76 MB after compression)
 162800 74187      564.0000  1963                    282.0000  2199553         
 163467 74535      470.0000  2147                    282.0000  2210220         
 164206 75070    infeasible                          282.0000  2212551         
 164907 74821      564.0000  1950                    282.0000  2212078         
 165593 75075      470.0000  2147                    282.0000  2213221         
 166238 75771    infeasible                          282.0000  2220625         
 166899 75771    infeasible                          282.0000  2220695         
 167637 76458      564.0000  1942                    282.0000  2221295         
 168395 77082      470.0000  2389                    282.0000  2227762         
 169088 76472    infeasible                          282.0000  2222232         
Elapsed time = 1614.85 sec. (1277600.66 ticks, tree = 24651.08 MB, solutions = 0)
Nodefile size = 22553.24 MB (8661.88 MB after compression)
 169679 77188      470.0000  2143                    282.0000  2228538         
 170355 77860      423.0000  2417                    282.0000  2245996         
 170958 78062    infeasible                          282.0000  2248001         
 171560 78144    infeasible                          282.0000  2252140         
 172144 78375      423.0000  2389                    282.0000  2256750         
 172757 78282    infeasible                          282.0000  2255461         
 173418 78530    infeasible                          282.0000  2261752         
 174080 78571      423.0000  2366                    282.0000  2263377         
 174734 78573      564.0000  1726                    282.0000  2263178         
 175377 78883    infeasible                          282.0000  2275886         
Elapsed time = 1656.70 sec. (1315819.59 ticks, tree = 25467.18 MB, solutions = 0)
Nodefile size = 23363.28 MB (8980.36 MB after compression)
 176061 79121      564.0000  2112                    282.0000  2288287         
 176676 79249    infeasible                          282.0000  2293825         
 177278 79358      423.0000  2426                    282.0000  2295356         
 177866 79931    infeasible                          282.0000  2303055         
 178480 79885      470.0000  2130                    282.0000  2302391         
 179076 80348      423.0000  2276                    282.0000  2306356         
 179785 80360      423.0000  2236                    282.0000  2306452         
 180492 80702      565.0000  1934                    282.0000  2318890         
 181078 81218      565.0000  1867                    282.0000  2322809         
 181647 81223    infeasible                          282.0000  2322912         
Elapsed time = 1696.84 sec. (1353989.91 ticks, tree = 26261.17 MB, solutions = 0)
Nodefile size = 24156.28 MB (9296.42 MB after compression)
 182194 81591      564.0000  1989                    282.0000  2323326         
 182782 81387    infeasible                          282.0000  2323591         
 183390 81898      564.0000  1716                    282.0000  2325715         
 184034 81896      564.0000  2148                    282.0000  2325586         
 184691 82193      470.0000  2070                    282.0000  2326442         
 185383 82285    infeasible                          282.0000  2327190         
 186041 82604      423.0000  2205                    282.0000  2338300         
 186625 82542    infeasible                          282.0000  2332271         
 187262 82766    infeasible                          282.0000  2343922         
 187854 83290      636.0000  1692                    282.0000  2353660         
Elapsed time = 1738.10 sec. (1392196.34 ticks, tree = 26962.70 MB, solutions = 0)
Nodefile size = 24857.85 MB (9576.50 MB after compression)
 188473 83279    infeasible                          282.0000  2353687         
 189044 83686      423.0000  2446                    282.0000  2355082         
 189688 83736    infeasible                          282.0000  2356391         
 190326 84005      423.0000  2415                    282.0000  2357049         
 191047 84135    infeasible                          282.0000  2358660         
 191801 84138      424.0000  2055                    282.0000  2358430         
 192475 84141      470.0000  1999                    282.0000  2358696         
 193137 84636      499.0000  2291                    282.0000  2364926         
 193816 84877      564.0000  2133                    282.0000  2373270         
 194556 84882    infeasible                          282.0000  2373426         
Elapsed time = 1780.62 sec. (1430382.50 ticks, tree = 27500.76 MB, solutions = 0)
Nodefile size = 25399.41 MB (9790.77 MB after compression)
 195226 85565      564.0000  2181                    282.0000  2377113         
 196008 85501      564.0000  1837                    282.0000  2377432         
 196709 86225      423.0000  2511                    282.0000  2379000         
 197120 86570      564.0000  1930                    282.0000  2380166         

Cover cuts applied:  152
Implied bound cuts applied:  4888
Mixed integer rounding cuts applied:  3856
Gomory fractional cuts applied:  1

Root node processing (before b&c):
  Real time             =   59.11 sec. (68187.37 ticks)
Parallel b&c, 8 threads:
  Real time             = 1745.21 sec. (1381565.58 ticks)
  Sync time (average)   =  449.56 sec.
  Wait time (average)   =    0.00 sec.
                          ------------
Total (root+branch&cut) = 1804.32 sec. (1449752.95 ticks)
! --------------------------------------------------------
! Problem is UNKNOWN
! CPLEX Status = AbortTimeLim
! --------------------------------------------------------
