! Solving for graph /home/truongxuanhieu/CPLEX-MIP-for-MinSpanLabeling/benchmarks/cabp/W-685_bus.mtx.rnd
! Target value is set to 142
! Lower bound is set to 143
! Upper bound is set to 857
! Time limit is set to 1800
! Vertices mode is set to Has hole
! Target value mode is set to Cyclic Antibandwidth
Version identifier: 22.2.0.0 | 2026-05-04 | 5dff98e58
CPXPARAM_TimeLimit                               1800
Tried aggregator 2 times.
MIP Presolve eliminated 1283 rows and 1798 columns.
MIP Presolve modified 587302 coefficients.
Aggregator did 4619 substitutions.
Reduced MIP has 9837 rows, 593801 columns, and 1196065 nonzeros.
Reduced MIP has 588584 binaries, 1968 generals, 0 SOSs, and 3249 indicators.
Presolve time = 1.62 sec. (2825.05 ticks)
Probing time = 1.69 sec. (943.29 ticks)
Tried aggregator 2 times.
Detecting symmetries...
Aggregator did 28 substitutions.
Reduced MIP has 9809 rows, 593773 columns, and 1196037 nonzeros.
Reduced MIP has 588584 binaries, 2625 generals, 0 SOSs, and 3249 indicators.
Presolve time = 1.52 sec. (1016.47 ticks)
Probing time = 0.31 sec. (117.47 ticks)
Clique table members: 110741.
MIP emphasis: balance optimality and feasibility.
MIP search method: dynamic search.
Parallel mode: deterministic, using up to 8 threads.
Root relaxation solution time = 9.83 sec. (6252.22 ticks)

        Nodes                                         Cuts/
   Node  Left     Objective  IInf  Best Integer    Best Bound    ItCnt     Gap

      0     0      284.0000  1560                    284.0000        8         
      0     0      284.0000  2203                  Cuts: 2552     1418         
      0     0      284.0000  2170                  Cuts: 2112     3554         
      0     0      284.0000  2266                  Cuts: 2552     5941         
      0     2      284.0000  1899                    284.0000     5941         
Elapsed time = 86.68 sec. (114538.97 ticks, tree = 0.02 MB, solutions = 0)
      2     4      284.0000  1894                    284.0000     6020         
      5     7      284.0000  1864                    284.0000     6106         
      9     4      284.0000  1861                    284.0000     5952         
     14    14      284.0000  1942                    284.0000     8067         
     22    20      284.0000  1971                    284.0000     9181         
     36    25      284.0000  1969                    284.0000    10239         
     49    39      284.0000  1922                    284.0000    10421         
     62    52      284.0000  2019                    284.0000    13752         
     86    68      284.0000  1892                    284.0000    15204         
    190   173      284.0000  1937                    284.0000    21122         
Elapsed time = 91.62 sec. (117840.57 ticks, tree = 24.66 MB, solutions = 0)
    266   243      284.0000  1816                    284.0000    26857         
    335   299      426.0000  1882                    284.0000    33011         
    404   364      285.0000  1918                    284.0000    40422         
    462   420      284.0000  1771                    284.0000    47548         
    488   463      285.0000  1969                    284.0000    48447         
    530   492      427.0000  1608                    284.0000    51692         
    589   514      285.0000  2093                    284.0000    56922         
    654   564      428.0000  1715                    284.0000    60608         
    711   653      569.0000  1665                    284.0000    62709         
    771   729      569.0000  1651                    284.0000    67558         
Elapsed time = 107.47 sec. (127512.23 ticks, tree = 174.09 MB, solutions = 0)
    842   772      568.0000  1658                    284.0000    73650         
    918   803      568.0000  1689                    284.0000    74583         
    990   871      568.0000  1629                    284.0000    75592         
   1063   948      569.0000  1424                    284.0000    76153         
   1077  1037      569.0000  1400                    284.0000    77385         
   1078   976      569.0000  1542                    284.0000    76850         
   1097  1077      710.0000  1549                    284.0000    78600         
   1120  1087      710.0000  1598                    284.0000    78711         
   1139  1115      710.0000  1524                    284.0000    78886         
   1183  1131      427.0000  1657                    284.0000    79535         
Elapsed time = 153.27 sec. (148818.12 ticks, tree = 294.65 MB, solutions = 0)
   1260  1128      712.0000  1510                    284.0000    79323         
   1321  1220      712.0000  1488                    284.0000    81104         
   1395  1174      711.0000  1300                    284.0000    80898         
   1459  1268      710.0000  1612                    284.0000    81828         
   1535  1312      569.0000  1521                    284.0000    82446         
   1625  1488      569.0000  1516                    284.0000    84588         
   1712  1500      569.0000  1511                    284.0000    84676         
   1794  1620      427.0000  1549                    284.0000    86494         
   1860  1604      712.0000  1386                    284.0000    85566         
   1933  1672      710.0000  1585                    284.0000    86857         
Elapsed time = 166.48 sec. (158498.07 ticks, tree = 461.00 MB, solutions = 0)
   2009  1838      712.0000  1380                    284.0000    88181         
   2085  1791      711.0000  1260                    284.0000    87720         
   2161  1992      569.0000  1371                    284.0000    89314         
   2249  1946      712.0000  1368                    284.0000    89040         
   2332  2195      711.0000  1379                    284.0000    91683         
   2414  2300      710.0000  1533                    284.0000    92657         
   2501  2183      570.0000  1316                    284.0000    91583         
   2591  2297      427.0000  1430                    284.0000    92890         
   2694  2446      711.0000  1205                    284.0000    95434         
   2811  2517    infeasible                          284.0000    96046         
Elapsed time = 179.75 sec. (168097.80 ticks, tree = 718.77 MB, solutions = 0)
   2928  2613    infeasible                          284.0000    96965         
   3044  2641      710.0000  1398                    284.0000    96862         
   3150  2809      711.0000  1187                    284.0000    99440         
   3246  2861      427.0000  1301                    284.0000   100603         
   3325  2819    infeasible                          284.0000   100120         
   3400  2894    infeasible                          284.0000   102350         
   3506  2882      710.0000  1388                    284.0000   101371         
   3616  2964      427.0000  1276                    284.0000   102791         
   3728  3000      710.0000  1388                    284.0000   103997         
   3840  3021      711.0000  1406                    284.0000   104114         
Elapsed time = 191.35 sec. (177707.29 ticks, tree = 870.57 MB, solutions = 0)
   3945  3103    infeasible                          284.0000   105799         
   4058  3134      711.0000  1325                    284.0000   106830         
   4168  3142      711.0000  1325                    284.0000   107187         
   4264  3168      711.0000  1388                    284.0000   110403         
   4373  3182      473.0000  1305                    284.0000   112003         
   4470  3225      711.0000  1178                    284.0000   113892         
   4548  3287      569.0000  1229                    284.0000   118609         
   4635  3299    infeasible                          284.0000   118737         
   4706  3308      712.0000  1323                    284.0000   118866         
   4781  3313      712.0000  1319                    284.0000   118874         
Elapsed time = 204.96 sec. (187335.61 ticks, tree = 956.21 MB, solutions = 0)
   4869  3382      711.0000  1323                    284.0000   122543         
   4977  3463      711.0000  1375                    284.0000   126402         
   5075  3490      711.0000  1321                    284.0000   127381         
   5183  3503    infeasible                          284.0000   128025         
   5300  3539    infeasible                          284.0000   129981         
   5409  3541      711.0000  1176                    284.0000   129993         
   5513  3610      427.0000  1209                    284.0000   132512         
   5616  3629      711.0000  1176                    284.0000   133643         
   5715  3651      711.0000  1317                    284.0000   134360         
   5806  3689      710.0000  1363                    284.0000   135978         
Elapsed time = 215.87 sec. (196952.33 ticks, tree = 1068.19 MB, solutions = 0)
   5909  3694      427.0000  1204                    284.0000   136010         
   6010  3693    infeasible                          284.0000   136023         
   6116  3809      710.0000  1363                    284.0000   140438         
   6238  3845    infeasible                          284.0000   140694         
   6364  3880    infeasible                          284.0000   143370         
   6486  3903      710.0000  1361                    284.0000   146066         
   6604  3910      846.0000  1389                    284.0000   147038         
   6727  3924    infeasible                          284.0000   146010         
   6825  3999      711.0000  1176                    284.0000   152743         
   6927  4004    infeasible                          284.0000   152766         
Elapsed time = 225.30 sec. (206562.11 ticks, tree = 1161.36 MB, solutions = 0)
   7040  3998    infeasible                          284.0000   152770         
   7146  3998    infeasible                          284.0000   152806         
   7252  4082      712.0000  1305                    284.0000   158635         
   7368  4085    infeasible                          284.0000   158703         
   7497  4084      427.0000  1182                    284.0000   158771         
   7622  4099    infeasible                          284.0000   159561         
   7740  4098      569.0000  1188                    284.0000   160509         
   7871  4097      711.0000  1309                    284.0000   159249         
   7983  4131    infeasible                          284.0000   161368         
   8399  4229      711.0000  1307                    284.0000   167430         
Elapsed time = 238.09 sec. (219051.03 ticks, tree = 1224.05 MB, solutions = 0)
   8831  4345      712.0000  1295                    284.0000   174933         
   9322  4461    infeasible                          284.0000   178912         
   9756  4650      711.0000  1151                    284.0000   185480         
  10195  4775    infeasible                          284.0000   189767         
  10701  4869      711.0000  1282                    284.0000   190001         
  11166  5050    infeasible                          284.0000   196916         
  11591  5163      711.0000  1287                    284.0000   199329         
  12089  5239      427.0000  1403                    284.0000   200871         
  12576  5349      711.0000  1122                    284.0000   206350         
  12981  5431      427.0000  1403                    284.0000   210452         
Elapsed time = 277.44 sec. (257243.05 ticks, tree = 1574.27 MB, solutions = 0)
  13365  5602      711.0000  1268                    284.0000   214087         
  13819  5700      711.0000  1229                    284.0000   214614         
  14313  5966      711.0000  1230                    284.0000   218587         
  14698  6099      711.0000  1230                    284.0000   221626         
  15104  6208    infeasible                          284.0000   223996         
  15508  6288      427.0000  1331                    284.0000   225123         
  15976  6394      711.0000  1196                    284.0000   225343         
  16349  6573      426.0000  1777                    284.0000   236157         
  16726  6617      426.0000  1831                    284.0000   237720         
  17224  6767      711.0000  1148                    284.0000   241898         
Elapsed time = 322.32 sec. (295438.74 ticks, tree = 1969.17 MB, solutions = 0)
  17658  7073      432.0000  1678                    284.0000   253335         
  18083  7205    infeasible                          284.0000   257716         

Performing restart 1

Repeating presolve.
Tried aggregator 1 time.
Reduced MIP has 9809 rows, 593773 columns, and 1196037 nonzeros.
Reduced MIP has 588584 binaries, 2625 generals, 0 SOSs, and 3249 indicators.
Presolve time = 0.67 sec. (564.30 ticks)
Tried aggregator 1 time.
Reduced MIP has 9809 rows, 593773 columns, and 1196037 nonzeros.
Reduced MIP has 588584 binaries, 2625 generals, 0 SOSs, and 3249 indicators.
Presolve time = 1.29 sec. (884.51 ticks)
Represolve time = 4.98 sec. (2991.91 ticks)
  18152     0      284.0000  2880                  Cuts: 2552   280842         
  18152     0      284.0000  3368                  Cuts: 2552   285232         
  18152     0      284.0000  3395                  Cuts: 2552   291317         
  18152     0      284.0000  3483                  Cuts: 2552   298541         
  18152     2      284.0000  2422                    284.0000   298541         
  18217    50      285.0000  2432                    284.0000   302337         
  18473   238      285.0000  2104                    284.0000   309770         
  18753   509      285.0000  2044                    284.0000   318059         
  19000   708      285.0000  2045                    284.0000   327873         
  19279  1040      426.0000  1707                    284.0000   352232         
  19407  1116      285.0000  2092                    284.0000   361856         
  19450  1214      301.0000  1811                    284.0000   371664         
Elapsed time = 560.94 sec. (587145.55 ticks, tree = 302.47 MB, solutions = 0)
  19560  1288      314.0000  1785                    284.0000   376422         
  19712  1419      426.0000  1671                    284.0000   390905         
  19894  1579      426.0000  1779                    284.0000   395627         
  20161  1777      427.0000  1525                    284.0000   398155         
  20420  2037      426.0000  1676                    284.0000   403038         
  20741  2367      428.0000  1712                    284.0000   406806         
  21065  2704      532.0000  1575                    284.0000   410081         
  21350  2939      427.0000  1635                    284.0000   412607         
  21640  3117      853.0000  1289                    284.0000   414461         
  21889  3526      853.0000  1352                    284.0000   425141         
Elapsed time = 624.75 sec. (625404.06 ticks, tree = 989.46 MB, solutions = 0)
  22113  3611      853.0000  1320                    284.0000   426087         
  22404  3806      568.0000  1658                    284.0000   436149         
  22681  4058      569.0000  1557                    284.0000   441242         
  22958  4227      568.0000  1702                    284.0000   442913         
  23262  4471      853.0000  1097                    284.0000   445166         
  23506  4871      568.0000  1678                    284.0000   448346         
  23701  5003      853.0000  1167                    284.0000   452784         
  23969  5218      853.0000  1018                    284.0000   460508         
  24230  5410      427.0000  1803                    284.0000   462948         
  24513  5672      568.0000  1697                    284.0000   474353         
Elapsed time = 678.77 sec. (663750.41 ticks, tree = 1617.93 MB, solutions = 0)
  24762  5948      568.0000  1631                    284.0000   478871         
  25030  6280      854.0000   882                    284.0000   483878         
  25280  6518      426.0000  1935                    284.0000   494294         
  25492  6716      568.0000  1552                    284.0000   498870         
  25689  6879      426.0000  1955                    284.0000   514407         
  25922  7177      711.0000  1475                    284.0000   519155         
  26156  7258      427.0000  1877                    284.0000   524755         
  26409  7488      426.0000  1907                    284.0000   526584         
  26561  7665      426.0000  2074                    284.0000   537931         
  26566  7678      711.0000  1430                    284.0000   536447         
Elapsed time = 753.29 sec. (708547.49 ticks, tree = 2200.85 MB, solutions = 0)
Nodefile size = 140.80 MB (37.85 MB after compression)
  26651  7922      427.0000  2029                    284.0000   545761         
  26886  7964      427.0000  1844                    284.0000   546285         
  27148  8113      568.0000  1654                    284.0000   548086         
  27461  8553      573.0000  1593                    284.0000   552245         
  27758  8801      853.0000  1274                    284.0000   555036         
  28009  8943      711.0000  1656                    284.0000   561226         
  28249  9174      853.0000  1240                    284.0000   570524         
  28529  9538      711.0000  1593                    284.0000   576238         
  28778  9726      570.0000  1656                    284.0000   577273         
  29069 10132      601.0000  1584                    284.0000   584526         
Elapsed time = 800.46 sec. (746809.94 ticks, tree = 2914.71 MB, solutions = 0)
Nodefile size = 850.94 MB (226.54 MB after compression)
  29287 10396      497.0000  1810                    284.0000   597118         
  29504 10553      853.0000  1026                    284.0000   603926         
  29764 10602      569.0000  1657                    284.0000   605480         
  30031 11084      711.0000  1633                    284.0000   613584         
  30238 11196      569.0000  1608                    284.0000   615066         
  30316 11302      568.0000  1792                    284.0000   620083         

Performing restart 2

Repeating presolve.
Tried aggregator 1 time.
MIP Presolve modified 429 coefficients.
Reduced MIP has 9809 rows, 593773 columns, and 1278411 nonzeros.
Reduced MIP has 588584 binaries, 2625 generals, 0 SOSs, and 3249 indicators.
Presolve time = 0.84 sec. (693.05 ticks)
Tried aggregator 1 time.
Reduced MIP has 9809 rows, 593773 columns, and 1278411 nonzeros.
Reduced MIP has 588584 binaries, 2625 generals, 0 SOSs, and 3249 indicators.
Presolve time = 1.46 sec. (921.35 ticks)
Represolve time = 8.66 sec. (5212.92 ticks)
  30331     0      284.0000  3514                  Cuts: 2552   652681         
  30331     0      284.0000  3147                  Cuts: 2552   657540         
  30331     0      284.0000  3031                  Cuts: 2552   665717         
  30331     0      284.0000  3427                  Cuts: 2552   674499         
  30331     0      284.0000  3649                  Cuts: 2420   686231         
  30331     0      284.0000  3704                  Cuts: 2552   699135         
  30331     0      284.0000  3716                  Cuts: 2376   706384         
  30331     0      284.0000  3683                  Cuts: 2530   715862         
  30331     0      284.0000  3343                  Cuts: 2552   727041         
  30331     0      284.0000  3570                  Cuts: 2552   736451         
  30331     2      284.0000  2413                    284.0000   736451         
  30341    12      425.0000  2366                    284.0000   740204         
  30366    25      425.0000  2294                    284.0000   740267         
  30429    81      426.0000  2142                    284.0000   744333         
Elapsed time = 1522.83 sec. (1855747.98 ticks, tree = 11.25 MB, solutions = 0)
  30508   123      285.0000  2988                    284.0000   758800         
  30592   217      285.0000  2929                    284.0000   776388         
  30685   285      427.0000  1931                    284.0000   779126         
  30775   377      285.0000  2721                    284.0000   781998         
  30864   477      426.0000  1861                    284.0000   786920         
  31082   534      426.0000  1774                    284.0000   792120         
  31271   750      426.0000  1738                    284.0000   802504         
  31351   940      425.0000  1807                    284.0000   810679         
  31428   986      373.0000  1849                    284.0000   812861         
  31511  1110      427.0000  1767                    284.0000   823144         
Elapsed time = 1587.15 sec. (1894248.37 ticks, tree = 275.36 MB, solutions = 0)
  31593  1177      569.0000  1589                    284.0000   824054         
  31669  1262      569.0000  1579                    284.0000   825959         
  31742  1316      427.0000  1578                    284.0000   827458         
  31821  1395      426.0000  1695                    284.0000   829049         
  31898  1524      569.0000  1521                    284.0000   831617         
  31970  1543      568.0000  1551                    284.0000   832404         
  32042  1588      427.0000  1510                    284.0000   833022         
  32116  1681      427.0000  1621                    284.0000   834603         
  32190  1742      427.0000  1670                    284.0000   835784         
  32262  1819      429.0000  1624                    284.0000   837788         
Elapsed time = 1644.71 sec. (1932952.85 ticks, tree = 484.07 MB, solutions = 0)
  32330  1871      568.0000  1494                    284.0000   838891         
  32401  1999      427.0000  1641                    284.0000   842640         
  32469  1999      567.0000  1503                    284.0000   842109         
  32540  2097      427.0000  1603                    284.0000   845636         
  32611  2127      427.0000  1412                    284.0000   846371         
  32676  2271      568.0000  1413                    284.0000   848368         
  32745  2252      568.0000  1379                    284.0000   848088         
  32815  2373      568.0000  1392                    284.0000   850065         
  32883  2471      568.0000  1380                    284.0000   851741         
  32942  2451      568.0000  1340                    284.0000   851649         
Elapsed time = 1702.73 sec. (1971571.95 ticks, tree = 669.24 MB, solutions = 0)
  33007  2522      569.0000  1460                    284.0000   853115         
  33072  2625      570.0000  1357                    284.0000   855174         
  33139  2704      569.0000  1358                    284.0000   856548         
  33205  2735      570.0000  1346                    284.0000   856893         
  33271  2812      569.0000  1348                    284.0000   858460         
  33334  2856      568.0000  1363                    284.0000   858928         
  33396  2938      568.0000  1393                    284.0000   860342         
  33462  2959      568.0000  1352                    284.0000   860626         
  33531  3075      570.0000  1293                    284.0000   862099         
  33598  3160      568.0000  1356                    284.0000   863064         
Elapsed time = 1760.18 sec. (2010132.24 ticks, tree = 880.37 MB, solutions = 0)
  33663  3194      570.0000  1280                    284.0000   863586         
  33729  3279      569.0000  1333                    284.0000   864423         
  33794  3314      570.0000  1257                    284.0000   865094         
  33862  3416      568.0000  1303                    284.0000   866500         
  33921  3466      711.0000  1203                    284.0000   867666         
  33979  3521      711.0000  1205                    284.0000   868592         

GUB cover cuts applied:  32
Clique cuts applied:  1
Cover cuts applied:  58
Implied bound cuts applied:  352
Flow cuts applied:  5
Mixed integer rounding cuts applied:  702
Zero-half cuts applied:  57
Gomory fractional cuts applied:  2

Root node processing (before b&c):
  Real time             =   85.97 sec. (114086.61 ticks)
Parallel b&c, 8 threads:
  Real time             = 1714.23 sec. (1922622.95 ticks)
  Sync time (average)   =  244.84 sec.
  Wait time (average)   =    0.51 sec.
                          ------------
Total (root+branch&cut) = 1800.20 sec. (2036709.56 ticks)
! --------------------------------------------------------
! Problem is UNKNOWN
! CPLEX Status = AbortTimeLim
! --------------------------------------------------------
