! Solving for graph /home/truongxuanhieu/CPLEX-MIP-for-MinSpanLabeling/benchmarks/abp/H-impcol_b.mtx.rnd
! Target value is set to 6
! Lower bound is set to 7
! Upper bound is set to 44
! Time limit is set to 1800
! Vertices mode is set to No hole
! Target value mode is set to Antibandwidth
Version identifier: 22.2.0.0 | 2026-05-04 | 5dff98e58
CPXPARAM_TimeLimit                               1800
Tried aggregator 2 times.
MIP Presolve eliminated 283 rows and 140 columns.
MIP Presolve modified 5155 coefficients.
Aggregator did 739 substitutions.
Reduced MIP has 1464 rows, 3876 columns, and 11322 nonzeros.
Reduced MIP has 2914 binaries, 341 generals, 0 SOSs, and 621 indicators.
Presolve time = 0.02 sec. (14.85 ticks)
Probing time = 0.01 sec. (5.87 ticks)
Tried aggregator 1 time.
Detecting symmetries...
Reduced MIP has 1464 rows, 3876 columns, and 11322 nonzeros.
Reduced MIP has 2914 binaries, 400 generals, 0 SOSs, and 621 indicators.
Presolve time = 0.01 sec. (8.30 ticks)
Probing time = 0.01 sec. (3.33 ticks)
Clique table members: 2024.
MIP emphasis: balance optimality and feasibility.
MIP search method: dynamic search.
Parallel mode: deterministic, using up to 8 threads.
Root relaxation solution time = 0.01 sec. (8.80 ticks)

        Nodes                                         Cuts/
   Node  Left     Objective  IInf  Best Integer    Best Bound    ItCnt     Gap

      0     0        7.0000   205                      7.0000      302         
      0     0        7.0000   434                   Cuts: 466      620         
      0     0        7.0000   387                   Cuts: 466      821         
      0     0        7.0000   400                   Cuts: 466     1063         
Detecting symmetries...
      0     2        7.0000   445                      7.0000     1063         
Elapsed time = 0.63 sec. (452.69 ticks, tree = 0.02 MB, solutions = 0)
    659   536       19.0000   116                      7.0000    17870         
   1416  1240       37.0000   302                      7.0000    41497         
   2324  1968       25.0000   104                      7.0000    66312         
   3333  2836       43.0000   170                      7.0000    94414         

Performing restart 1

Repeating presolve.
Tried aggregator 1 time.
Reduced MIP has 1464 rows, 3876 columns, and 11322 nonzeros.
Reduced MIP has 2914 binaries, 400 generals, 0 SOSs, and 621 indicators.
Presolve time = 0.01 sec. (5.97 ticks)
Tried aggregator 1 time.
Reduced MIP has 1464 rows, 3876 columns, and 11322 nonzeros.
Reduced MIP has 2914 binaries, 400 generals, 0 SOSs, and 621 indicators.
Presolve time = 0.01 sec. (8.57 ticks)
Represolve time = 0.04 sec. (25.43 ticks)
   3346     0        7.0000   568                   Cuts: 466   101905         
   3346     0        7.0000   589                   Cuts: 466   102486         
   3346     0        7.0000   538                   Cuts: 466   103200         
   3346     0        7.0000   581                   Cuts: 466   103615         
   3346     0        7.0000   522                   Cuts: 466   104157         
   3346     0        7.0000   500                   Cuts: 466   104483         
   3346     0        7.0135   607                   Cuts: 466   105021         
   3346     0        8.0000   566                   Cuts: 466   105403         
   3346     0        8.0000   599                   Cuts: 466   105649         
   3346     2        8.0000   366                      8.0000   105649         
   3502   105       15.0000   178                      8.0000   107989         
   3787   301       20.0000   161                      8.0000   113458         
   3882   431    infeasible                            8.0000   120312         
   4252   518       19.0000   120                      8.0000   125292         
   5367  1671       31.0000   146                      9.0000   178137         
Elapsed time = 8.58 sec. (5797.19 ticks, tree = 3.81 MB, solutions = 0)
   6487  2532       27.0000   207                      9.0465   225794         
   7408  3209       31.0000    89                      9.8436   269457         
   8323  4274    infeasible                            9.8436   330055         
   8952  4760       26.0000   207                     11.1477   376547         

Performing restart 2

Repeating presolve.
Tried aggregator 1 time.
Reduced MIP has 1464 rows, 3876 columns, and 12363 nonzeros.
Reduced MIP has 2914 binaries, 400 generals, 0 SOSs, and 621 indicators.
Presolve time = 0.01 sec. (6.23 ticks)
Tried aggregator 1 time.
MIP Presolve modified 5 coefficients.
Reduced MIP has 1464 rows, 3876 columns, and 12359 nonzeros.
Reduced MIP has 2914 binaries, 400 generals, 0 SOSs, and 621 indicators.
Presolve time = 0.01 sec. (11.63 ticks)
Represolve time = 0.11 sec. (81.83 ticks)
   9040     0       12.0000   750                   Cuts: 466   397788         
   9040     0       12.0000   645                   Cuts: 466   399899         
   9040     0       12.0000   659                   Cuts: 466   401395         
   9040     0       12.0000   623                   Cuts: 466   403026         
   9040     0       12.0000   528                   Cuts: 466   404223         
   9040     0       12.0000   533                   Cuts: 466   405054         
   9040     0       12.0000   596                   Cuts: 466   406358         
   9040     0       12.0000   550                   Cuts: 466   407755         
   9040     0       12.0000   599                   Cuts: 466   409199         
   9040     0       12.0000   603                   Cuts: 466   410573         
   9040     2       12.0000   432                     13.0000   410573         
   9312   218       37.0000   212                     13.0000   422415         
   9566   428       19.0000   345                     13.0000   448455         
   9811   610       38.0000   244                     13.0000   473775         
   9975   729       31.0000   290                     13.0000   505696         
  10239   898    infeasible                           13.0000   533675         
Elapsed time = 28.40 sec. (20192.18 ticks, tree = 3.77 MB, solutions = 0)
  10443  1082       25.0000   275                     13.0000   566926         
  10614  1263    infeasible                           13.0000   598719         
  10751  1345       31.0000   378                     13.0000   623537         
  10866  1435       20.0000   499                     13.0000   664193         
  11101  1602       38.0000   189                     13.0000   694369         
  11174  1712       13.0000   658                     13.0000   722509         
  11222  1743       13.0000   582                     13.0000   751002         
  11318  1838       25.0000   359                     13.0000   805676         
  11523  1936       31.0000   263                     13.0000   817351         
  11675  2076       15.0000   619                     13.0000   843710         
Elapsed time = 40.81 sec. (29782.89 ticks, tree = 18.09 MB, solutions = 0)
  11802  2170       31.0000   244                     13.0000   878122         
  12054  2366       37.0000   109                     13.0000   911766         
  12175  2489    infeasible                           13.0000   941291         
  12326  2625       32.0000   317                     13.0000   986050         
  12450  2726       34.0000   159                     13.0000  1019963         
  12609  2883       37.0000   205                     13.0000  1068684         
  12716  2906       32.0000   404                     13.0000  1091042         
  12832  2988       31.0000   297                     13.0000  1127750         
  12976  3119       43.0000   181                     13.0000  1177292         
  13156  3175       25.0000   387                     13.0000  1209972         
Elapsed time = 55.12 sec. (39377.48 ticks, tree = 32.21 MB, solutions = 0)
  13286  3313       26.0000   353                     13.0000  1246991         
  13364  3444       14.4270   620                     14.0000  1307822         
  13522  3552       43.0000   278                     14.0000  1350063         
  13675  3571       25.0000   473                     14.0000  1358996         
  13824  3812       25.0000   420                     14.0000  1418907         
  13963  3912       38.0000   206                     14.0000  1432937         
  14107  4081       31.0000   360                     14.0000  1485570         
  14308  4242       37.0000   274                     14.0000  1525193         
  14449  4296       43.0000   188                     14.0000  1528361         
  14562  4349       31.0000   390                     14.0000  1555287         
Elapsed time = 68.22 sec. (48987.08 ticks, tree = 50.41 MB, solutions = 0)
  14656  4553       32.0000   357                     14.0000  1613571         
  14944  4662       43.0000   159                     14.0000  1650229         
  15188  4753       37.0000   272                     14.0000  1679159         
  15372  4980       31.0000   442                     14.0000  1702593         
  15495  5166       31.0000   462                     14.0000  1734721         
  15659  5437       37.0000   226                     14.0000  1806271         
  15849  5457       43.0000   262                     14.1111  1811538         
  16128  5504       17.0000   548                     14.4166  1822923         
  16300  5861       43.0000   239                     14.5148  1870532         
  16533  6071       25.0000   383                     14.6382  1930027         
Elapsed time = 81.89 sec. (58575.83 ticks, tree = 86.60 MB, solutions = 0)
  16705  6116       37.0000   215                     14.6627  1933152         
  16925  6396       37.0000   169                     15.0000  1992192         
  17318  6566       34.0000   299                     15.0000  2029657         
  17591  6752       44.0000   106                     15.0000  2055443         
  17766  6881       43.0000   290                     15.0000  2075936         
  17870  7144       43.0000   432                     15.0000  2127792         
  17976  7315       43.0000   329                     15.0000  2177458         
  18154  7369       37.0000   236                     15.0000  2193610         
  18450  7606    infeasible                           15.0000  2225782         
  18643  7651       37.0000   273                     16.0000  2231467         
Elapsed time = 95.87 sec. (68162.33 ticks, tree = 125.07 MB, solutions = 0)
  18779  7903       21.3528   572                     16.0000  2292188         
  18901  7988       43.0000   169                     16.0000  2318490         
  19022  8059       25.0000   455                     16.0000  2367376         
  19213  8171       37.0000   190                     16.0000  2382887         
  19417  8271       44.0000   360                     16.0000  2430860         
  19636  8505       43.0000   430                     16.0000  2462972         
  19741  8656       44.0000   352                     16.0000  2495762         
  19992  8792       43.0000   376                     16.0000  2522909         
  20173  8896       28.0000   424                     16.0000  2546842         
  20389  9056       43.0000   244                     16.0000  2584321         
Elapsed time = 109.92 sec. (77776.03 ticks, tree = 164.20 MB, solutions = 0)
  20596  9249       44.0000    31                     16.0000  2619068         
* 20612  9190      integral     0       44.0000       16.0000  2619162   63.64%
  20824  8739       43.0000   255       44.0000       16.0000  2672624   63.64%
  21105  8984       27.7623   447       44.0000       16.4475  2718773   62.62%
  21293  9095       43.0000   410       44.0000       16.4475  2748147   62.62%
  21444  9134       43.0000   374       44.0000       17.0000  2767788   61.36%
  21555  9307    infeasible             44.0000       17.0000  2824996   61.36%
  21638  9422       26.0000   497       44.0000       17.0000  2866890   61.36%
  21690  9360       19.0000   531       44.0000       17.0000  2845350   61.36%
  21826  9480       37.0000   157       44.0000       17.0000  2882822   61.36%
  21966  9552       37.0000   291       44.0000       17.0000  2918228   61.36%
Elapsed time = 123.28 sec. (87371.70 ticks, tree = 181.04 MB, solutions = 1)
  22184  9753       37.0000   323       44.0000       17.0000  2971444   61.36%
  22373  9877       18.0000   608       44.0000       17.0000  2999634   61.36%
  22534  9904       43.0000   391       44.0000       17.0000  2995499   61.36%
  22736  9917       43.0000   346       44.0000       17.0000  3017904   61.36%
  22913 10135       30.0000   407       44.0000       17.0497  3080550   61.25%
  23041 10221       37.0000   391       44.0000       17.0497  3102641   61.25%
  23173 10404       25.0000   539       44.0000       17.3600  3161635   60.55%
  23261 10567       19.4615   524       44.0000       18.0000  3200390   59.09%
  23373 10568       43.0000   383       44.0000       18.0000  3194605   59.09%
  23818 10940       43.0000   315       44.0000       18.0000  3315770   59.09%
Elapsed time = 140.38 sec. (99811.80 ticks, tree = 222.61 MB, solutions = 1)
* 23945+10906                           43.0000       18.0000            58.14%
  24194  7071       19.0000   582       43.0000       19.0000  3414871   55.81%
  24490  7232       32.0000   459       43.0000       19.0000  3597361   55.81%
  24819  7319    infeasible             43.0000       19.0000  3668812   55.81%
  25166  7428    infeasible             43.0000       19.0000  3764369   55.81%
  25470  7597       31.0000   432       43.0000       19.0000  3903364   55.81%
  25836  7683       26.0000   462       43.0000       19.0000  4003698   55.81%
  26061  7833        cutoff             43.0000       19.0000  4145660   55.81%
  26304  7879       37.0000   448       43.0000       19.0000  4212674   55.81%
  26644  7995       19.0000   477       43.0000       19.0000  4304573   55.81%
  26871  8134    infeasible             43.0000       19.0000  4418078   55.81%
Elapsed time = 192.94 sec. (138126.63 ticks, tree = 157.78 MB, solutions = 2)
  27073  8205       19.0000   678       43.0000       19.0000  4535390   55.81%
  27278  8269       34.5000   378       43.0000       19.0000  4621998   55.81%
  27544  8393       37.0000   378       43.0000       19.0000  4738985   55.81%
  27759  8493       37.0000   354       43.0000       19.0000  4859192   55.81%
  28077  8518       26.0000   477       43.0000       19.0000  4909834   55.81%
  28331  8647       31.0000   255       43.0000       19.0000  5014653   55.81%
  28550  8766       31.0000   419       43.0000       19.0000  5157909   55.81%
  28828  8893    infeasible             43.0000       19.0000  5272219   55.81%
  29139  8999       39.0000   389       43.0000       19.0000  5383576   55.81%
  29416  9047       29.0000   441       43.0000       19.0000  5431726   55.81%
Elapsed time = 245.88 sec. (176411.86 ticks, tree = 183.59 MB, solutions = 2)
  29625  9215       19.9331   639       43.0000       19.0000  5614229   55.81%
  29786  9291       33.7623   485       43.0000       19.0000  5692218   55.81%
  29959  9370       31.0000   446       43.0000       19.0000  5809339   55.81%
  30261  9427       27.0000   418       43.0000       19.0000  5886038   55.81%
  30559  9541       31.0000   484       43.0000       19.0000  5991875   55.81%
  30793  9586       37.7347   476       43.0000       19.0000  6032084   55.81%
  30967  9753       31.0000   391       43.0000       19.0000  6199570   55.81%
  31195  9797       21.0000   478       43.0000       19.0000  6277675   55.81%
  31442  9914       19.6786   753       43.0000       19.0000  6395399   55.81%
  31649  9920       26.7623   557       43.0000       19.0000  6410941   55.81%
Elapsed time = 296.04 sec. (214823.61 ticks, tree = 216.91 MB, solutions = 2)
  31816 10055       24.0909   631       43.0000       19.0000  6569687   55.81%
  32021 10086       26.0000   521       43.0000       19.0000  6624161   55.81%
  32249 10234       27.0000   469       43.0000       19.0000  6771239   55.81%
  32524 10273       25.0000   516       43.0000       19.0000  6828461   55.81%
  32812 10384       20.0000   632       43.0000       19.0279  6930582   55.75%
  33037 10519    infeasible             43.0000       19.0600  7063687   55.67%
  33301 10557    infeasible             43.0000       19.1025  7106873   55.58%
  33548 10723       37.0000   354       43.0000       19.1802  7284644   55.39%
  33806 10768       20.1375   559       43.0000       19.1967  7374081   55.36%
  34068 10821       33.0000   468       43.0000       19.3375  7398987   55.03%
Elapsed time = 349.63 sec. (253110.61 ticks, tree = 250.23 MB, solutions = 2)
  34382 10971        cutoff             43.0000       19.4667  7559049   54.73%
  34734 11100       31.0000   479       43.0000       19.6122  7676628   54.39%
  35048 11203       31.0000   410       43.0000       19.7347  7759320   54.11%
  35324 11308       32.0000   583       43.0000       19.9870  7845983   53.52%
  35493 11417       21.1633   574       43.0000       20.0000  7989234   53.49%
  35655 11471       21.0000   599       43.0000       20.0000  8070438   53.49%
  35833 11493       37.0000   456       43.0000       20.0000  8110675   53.49%
  36044 11598       24.0000   444       43.0000       20.0000  8265557   53.49%
  36340 11640       33.0000   364       43.0000       20.0000  8297853   53.49%
  36624 11684    infeasible             43.0000       20.0000  8367133   53.49%
Elapsed time = 401.92 sec. (291464.14 ticks, tree = 288.10 MB, solutions = 2)
  36886 11828       31.0000   424       43.0000       20.0000  8515335   53.49%
  37080 11943       31.0000   418       43.0000       20.0000  8611614   53.49%
  37269 12014       27.0000   641       43.0000       20.0000  8710846   53.49%
  37510 12059       28.0000   487       43.0000       20.0000  8757439   53.49%
  37769 12124       42.0000   388       43.0000       20.0000  8846414   53.49%
  38027 12239       26.0000   558       43.0000       20.0000  8953270   53.49%
  38312 12356    infeasible             43.0000       20.0000  9081272   53.49%
  38600 12345       20.1117   658       43.0000       20.0000  9074916   53.49%
  38903 12471       37.0000   514       43.0000       20.0000  9167580   53.49%
  39150 12577       32.0000   441       43.0000       20.0000  9296161   53.49%
Elapsed time = 452.24 sec. (329765.80 ticks, tree = 329.93 MB, solutions = 2)
  39342 12720    infeasible             43.0000       20.0000  9408023   53.49%
  39478 12826       35.0000   481       43.0000       20.0000  9510462   53.49%
  39674 12957        cutoff             43.0000       20.0000  9686302   53.49%
  39815 13019        cutoff             43.0000       20.0000  9785822   53.49%
  40034 13074    infeasible             43.0000       20.0000  9860724   53.49%
  40222 13047       20.0000   649       43.0000       20.0000  9813330   53.49%
  40463 13161    infeasible             43.0000       20.0000  9952932   53.49%
  40687 13210       26.0000   596       43.0000       20.0000 10011350   53.49%
  40904 13257       40.0000   547       43.0000       20.0000 10058233   53.49%
  41093 13481    infeasible             43.0000       20.0000 10282132   53.49%
Elapsed time = 502.69 sec. (368184.88 ticks, tree = 376.60 MB, solutions = 2)
  41329 13465        cutoff             43.0000       20.0000 10258141   53.49%
  41531 13635       37.7347   468       43.0000       20.0000 10438221   53.49%
  41803 13715       32.0000   475       43.0000       20.0021 10530954   53.48%
  42106 13669       31.0000   479       43.0000       20.0600 10485879   53.35%
  42421 13822       37.0000   408       43.0000       20.1044 10625479   53.25%
  42696 13837       38.0000   531       43.0000       20.1207 10689751   53.21%
  42955 13891    infeasible             43.0000       20.1961 10743939   53.03%
  43135 14111       21.0000   587       43.0000       20.3285 10945513   52.72%
  43348 14206       21.0000   621       43.0000       20.4898 11054984   52.35%
  43585 14199       25.0000   669       43.0000       20.5065 11046550   52.31%
Elapsed time = 554.35 sec. (406494.27 ticks, tree = 418.31 MB, solutions = 2)
  43781 14312       21.0000   583       43.0000       20.8750 11203480   51.45%
  44007 14436       32.0000   440       43.0000       21.0000 11364171   51.16%
  44253 14436        cutoff             43.0000       21.0000 11333205   51.16%
  44507 14583    infeasible             43.0000       21.0000 11539682   51.16%
  44753 14591       32.0000   506       43.0000       21.0000 11548265   51.16%
  45000 14607       32.0000   495       43.0000       21.0000 11558514   51.16%
  45233 14869       33.5000   528       43.0000       21.0000 11801028   51.16%
  45485 14919       25.0000   482       43.0000       21.0000 11863714   51.16%
  45745 14995       26.0000   524       43.0000       21.0000 11940892   51.16%
  46043 15008    infeasible             43.0000       21.0000 11952961   51.16%
Elapsed time = 605.86 sec. (444821.05 ticks, tree = 463.42 MB, solutions = 2)
  46321 15141       25.0000   542       43.0000       21.0000 12110760   51.16%
  46576 15122       27.7347   601       43.0000       21.0000 12072930   51.16%
  46805 15304    infeasible             43.0000       21.0000 12262448   51.16%
  47011 15314    infeasible             43.0000       21.0000 12274239   51.16%
  47213 15489    infeasible             43.0000       21.0000 12469346   51.16%
  47397 15537       33.0000   387       43.0000       21.0000 12503302   51.16%
  47561 15575       39.0000   367       43.0000       21.0000 12542049   51.16%
  47756 15627       27.0000   487       43.0000       21.0000 12603017   51.16%
  47985 15767    infeasible             43.0000       21.0000 12785264   51.16%
  48260 15752       25.0000   486       43.0000       21.0000 12774806   51.16%
Elapsed time = 657.33 sec. (483097.05 ticks, tree = 505.53 MB, solutions = 2)
  48494 15851    infeasible             43.0000       21.0000 12854325   51.16%
  48812 15965       35.0000   410       43.0000       21.0000 13006490   51.16%
  49112 16129       31.1050   463       43.0000       21.0000 13132687   51.16%
  49429 16173       31.0000   402       43.0000       21.0256 13186273   51.10%
  49718 16245       37.0000   444       43.0000       21.1249 13273218   50.87%
  49966 16365       35.0000   307       43.0000       21.1667 13406350   50.78%
  50135 16312       31.0000   507       43.0000       21.1959 13357606   50.71%
  50325 16498       39.0000   474       43.0000       21.6458 13581271   49.66%
  50497 16564    infeasible             43.0000       22.0000 13661590   48.84%
  50673 16628    infeasible             43.0000       22.0000 13747176   48.84%
Elapsed time = 710.20 sec. (521404.27 ticks, tree = 562.04 MB, solutions = 2)
  50841 16609       31.0000   595       43.0000       22.0000 13710648   48.84%
  51066 16787    infeasible             43.0000       22.0000 13975021   48.84%
  51351 16772        cutoff             43.0000       22.0000 13952972   48.84%
  51614 16857       31.0000   403       43.0000       22.0000 14070409   48.84%
  51842 17029       37.0000   456       43.0000       22.0000 14210878   48.84%
  52085 17160       22.0000   629       43.0000       22.0000 14336243   48.84%
  52303 17204    infeasible             43.0000       22.0000 14386453   48.84%
  52532 17165       34.0000   506       43.0000       22.0000 14331164   48.84%
  52748 17261       26.3061   515       43.0000       22.0000 14459463   48.84%
  52940 17396       25.0000   392       43.0000       22.0000 14574021   48.84%
Elapsed time = 765.19 sec. (559744.98 ticks, tree = 607.24 MB, solutions = 2)
  53173 17353       37.0000   380       43.0000       22.0000 14528511   48.84%
  53369 17587       36.0000   495       43.0000       22.0000 14792098   48.84%
  53564 17573       24.0000   672       43.0000       22.0000 14775231   48.84%
  53750 17728       24.0000   597       43.0000       22.0000 14957878   48.84%
  53918 17736       37.0000   342       43.0000       22.0000 14966704   48.84%
  54079 17743       34.0000   637       43.0000       22.0000 14976427   48.84%
  54232 17847       35.0000   410       43.0000       22.0000 15101305   48.84%
  54389 17906        cutoff             43.0000       22.0000 15193624   48.84%
  54604 18074    infeasible             43.0000       22.0000 15405344   48.84%
  54835 18023       31.0000   390       43.0000       22.0000 15312367   48.84%
Elapsed time = 814.90 sec. (598094.03 ticks, tree = 650.54 MB, solutions = 2)
  55097 18206       40.0000   453       43.0000       22.0000 15534742   48.84%
  55421 18232       38.0000   352       43.0000       22.0000 15547053   48.84%
  55645 18313       25.0600   548       43.0000       22.0000 15639671   48.84%
  55897 18320       32.0000   443       43.0000       22.0000 15678966   48.84%
  56075 18490       25.0612   549       43.0000       22.0153 15815280   48.80%
  56261 18503       34.0000   462       43.0000       22.0279 15843168   48.77%
  56485 18604       35.0000   580       43.0000       22.1163 15968294   48.57%
  56678 18670       32.0000   533       43.0000       22.1163 16064731   48.57%
  56839 18737       26.0000   487       43.0000       22.2449 16115961   48.27%
  57003 18744       23.0000   630       43.0000       22.2727 16127069   48.20%
Elapsed time = 867.89 sec. (636416.30 ticks, tree = 705.38 MB, solutions = 2)
  57156 18835    infeasible             43.0000       22.5000 16245409   47.67%
  57236 18985       37.0000   603       43.0000       23.0000 16482959   46.51%
  57337 18991       29.0000   452       43.0000       23.0000 16496338   46.51%
  57447 18982       38.0000   439       43.0000       23.0000 16480248   46.51%
  57592 19015       23.0000   513       43.0000       23.0000 16579943   46.51%
  57788 19062       37.0000   454       43.0000       23.0000 16751967   46.51%
  57992 19135       31.0000   519       43.0000       23.0000 16878876   46.51%
  58191 19119       37.0000   536       43.0000       23.0000 16832836   46.51%
  58357 19218    infeasible             43.0000       23.0000 17031186   46.51%
  58549 19287       39.0000   397       43.0000       23.0000 17106817   46.51%
Elapsed time = 920.06 sec. (674993.62 ticks, tree = 729.17 MB, solutions = 2)
  58732 19330       42.0000   586       43.0000       23.0000 17162353   46.51%
  58923 19365    infeasible             43.0000       23.0000 17226175   46.51%
  59188 19364       41.0000   552       43.0000       23.0000 17210688   46.51%
  59449 19497       29.0000   650       43.0000       23.0000 17360551   46.51%
  59647 19611       31.0000   521       43.0000       23.0000 17505545   46.51%
  59864 19734       32.7347   491       43.0000       23.0000 17615708   46.51%
  60085 19770       36.0000   540       43.0000       23.0000 17654835   46.51%
  60278 19934       27.0000   599       43.0000       23.0000 17865921   46.51%
  60474 19799        cutoff             43.0000       23.0000 17708225   46.51%
  60643 19913       38.0000   540       43.0000       23.0000 17851126   46.51%
Elapsed time = 974.11 sec. (713441.00 ticks, tree = 774.03 MB, solutions = 2)
  60841 20121       24.0000   615       43.0000       23.0000 18038434   46.51%
  61047 20123       40.0000   360       43.0000       23.0000 18024593   46.51%
  61214 20166       23.0000   616       43.0000       23.0000 18086923   46.51%
  61486 20263       40.0000   432       43.0000       23.0000 18186440   46.51%
  61746 20334       29.0000   561       43.0000       23.0000 18250289   46.51%
  62017 20519       25.0000   561       43.0000       23.0000 18488605   46.51%
  62297 20532       29.0000   397       43.0000       23.0000 18499664   46.51%
  62535 20617       32.0000   684       43.0000       23.0000 18612825   46.51%
  62805 20715       25.0000   514       43.0000       23.0000 18697971   46.51%
  63080 20756       28.0000   507       43.0000       23.0000 18735358   46.51%
Elapsed time = 1026.37 sec. (751691.08 ticks, tree = 836.21 MB, solutions = 2)
  63362 20795       25.0000   508       43.0000       23.0000 18776943   46.51%
  63609 20897       25.0000   655       43.0000       23.0000 18855529   46.51%
  63859 21003       27.7347   583       43.0000       23.0663 18969903   46.36%
  64155 21160       30.0000   343       43.0000       23.1644 19097518   46.13%
  64441 21197       37.0000   444       43.0000       23.2669 19136370   45.89%
  64704 21276       36.0000   444       43.0000       24.0000 19203546   44.19%
  64963 21344       31.0000   429       43.0000       24.0000 19295492   44.19%
  65231 21536       26.0000   516       43.0000       24.0000 19441057   44.19%
  65553 21665       25.0000   520       43.0000       24.0000 19552926   44.19%
  65805 21715       35.0000   497       43.0000       24.0000 19618477   44.19%
Elapsed time = 1084.80 sec. (789988.30 ticks, tree = 907.80 MB, solutions = 2)
  66097 21881       24.0000   635       43.0000       24.0000 19731091   44.19%
  66367 22091       37.0000   504       43.0000       24.0000 19926672   44.19%
  66600 21975       25.5000   529       43.0000       24.0000 19838642   44.19%
  66797 22067    infeasible             43.0000       24.0000 19907696   44.19%
  67001 22344       30.0000   522       43.0000       24.0000 20142123   44.19%
  67202 22427        cutoff             43.0000       24.0000 20231027   44.19%
  67414 22369       40.0000   403       43.0000       24.0000 20165626   44.19%
  67609 22421       34.0000   498       43.0000       24.0000 20223050   44.19%
  67804 22546       35.0000   507       43.0000       24.0000 20351435   44.19%
  68059 22659       24.0000   548       43.0000       24.0000 20489513   44.19%
Elapsed time = 1138.08 sec. (828324.41 ticks, tree = 976.67 MB, solutions = 2)
  68295 22719       25.4615   594       43.0000       24.0000 20567703   44.19%
  68579 22913       33.0000   455       43.0000       24.0000 20775684   44.19%
  68844 22841       31.0000   426       43.0000       24.0000 20693981   44.19%
  69064 22919       37.0000   541       43.0000       24.0000 20794623   44.19%
  69291 22925       37.0000   422       43.0000       24.0000 20806576   44.19%
  69535 23130       27.0000   538       43.0000       24.0000 21056679   44.19%
  69752 23098       25.0000   510       43.0000       24.0000 21033359   44.19%
  69964 23233       26.0000   559       43.0000       24.0150 21225665   44.15%
  70184 23256       37.0000   374       43.0000       24.0991 21275582   43.96%
  70373 23277    infeasible             43.0000       24.6364 21331939   42.71%
Elapsed time = 1190.06 sec. (866674.58 ticks, tree = 1025.47 MB, solutions = 2)
  70581 23332       31.0000   441       43.0000       25.0000 21421916   41.86%
  70766 23299       31.0000   505       43.0000       25.0000 21379767   41.86%
  70933 23460       27.0000   434       43.0000       25.0000 21719810   41.86%
  71107 23471    infeasible             43.0000       25.0000 21733422   41.86%
  71393 23493       25.0000   537       43.0000       25.0000 21880859   41.86%
  71645 23585       38.0000   410       43.0000       25.0000 22037154   41.86%
  71901 23510       31.0000   475       43.0000       25.0000 21904413   41.86%
  72154 23512       37.0000   477       43.0000       25.0000 21941807   41.86%
  72429 23644       37.0000   397       43.0000       25.0000 22141195   41.86%
  72663 23754        cutoff             43.0000       25.0000 22290007   41.86%
Elapsed time = 1244.06 sec. (904912.26 ticks, tree = 1062.07 MB, solutions = 2)
  72949 23828        cutoff             43.0000       25.0000 22374257   41.86%
  73235 23795       26.0000   529       43.0000       25.0000 22346820   41.86%
  73485 23967       31.0000   437       43.0000       25.0000 22605965   41.86%
  73812 23929        cutoff             43.0000       25.0000 22524210   41.86%
  74099 23983       29.0000   476       43.0000       25.0000 22630522   41.86%
  74431 24070       31.0000   377       43.0000       25.0000 22717357   41.86%
  74779 24232       31.0000   455       43.0000       25.0000 22924447   41.86%
  75082 24216    infeasible             43.0000       25.0000 22896841   41.86%
  75307 24243       27.7623   438       43.0000       25.0000 22940833   41.86%
  75566 24381    infeasible             43.0000       25.0000 23061444   41.86%
Elapsed time = 1299.92 sec. (943156.48 ticks, tree = 1113.92 MB, solutions = 2)
  75797 24615       26.0000   444       43.0000       25.0000 23327018   41.86%
  76060 24653       29.5714   514       43.0000       25.0000 23372888   41.86%
  76384 24737       37.0000   327       43.0000       25.0000 23493082   41.86%
  76666 24773       26.0000   470       43.0000       25.0000 23531137   41.86%
  76962 24861       31.0000   265       43.0000       25.0000 23639343   41.86%
  77226 24840    infeasible             43.0000       25.0000 23614019   41.86%
  77557 24914       25.0000   545       43.0000       25.0000 23698481   41.86%
  77845 24939       31.0000   539       43.0000       25.0000 23733783   41.86%
  78158 25151       34.0000   498       43.0000       25.0000 23968824   41.86%
  78470 25260       32.0000   445       43.0000       25.0000 24117037   41.86%
Elapsed time = 1356.10 sec. (981441.80 ticks, tree = 1183.87 MB, solutions = 2)
  78762 25369       32.0000   414       43.0000       25.0000 24239197   41.86%
  79066 25379       35.0000   434       43.0000       25.0000 24249012   41.86%
  79381 25292       37.0000   365       43.0000       25.0000 24151513   41.86%
  79668 25469       31.0000   364       43.0000       25.0000 24343839   41.86%
  79952 25675       31.0000   582       43.0000       25.0000 24589079   41.86%
  80270 25579        cutoff             43.0000       25.0000 24467864   41.86%
  80583 25694    infeasible             43.0000       25.0000 24612623   41.86%
  80899 25856       31.0000   366       43.0000       25.0000 24768601   41.86%
  81187 25774       40.0000   430       43.0000       25.0000 24686029   41.86%
  81459 25920       31.0000   513       43.0000       25.0000 24823001   41.86%
Elapsed time = 1409.54 sec. (1019702.74 ticks, tree = 1235.50 MB, solutions = 2)
  81758 25946       32.0000   427       43.0000       25.0000 24865045   41.86%
  82027 26171       34.0000   388       43.0000       25.0000 25130921   41.86%
  82296 26248       36.0000   420       43.0000       25.0000 25204156   41.86%
  82662 26304       31.0000   467       43.0000       25.0000 25268138   41.86%
  82899 26337       26.0000   493       43.0000       25.0000 25316774   41.86%
  83154 26325       34.0000   441       43.0000       25.0000 25291479   41.86%
  83370 26442       31.0000   435       43.0000       25.0000 25439331   41.86%
  83608 26616       31.0000   515       43.0000       25.0000 25627260   41.86%
  83878 26712       27.0000   601       43.0000       25.0000 25732007   41.86%
  84162 26704       25.7347   521       43.0000       25.0000 25713012   41.86%
Elapsed time = 1463.14 sec. (1057921.74 ticks, tree = 1295.55 MB, solutions = 2)
  84403 26908       37.0000   452       43.0000       25.0000 25971052   41.86%
  84666 26883       37.0000   408       43.0000       25.0000 25911691   41.86%
  84904 26894    infeasible             43.0000       25.0000 25956190   41.86%
  85205 26930       26.0000   507       43.0000       25.0000 26002730   41.86%
  85493 27069       37.0000   384       43.0000       25.0000 26166205   41.86%
  85726 27198        cutoff             43.0000       25.0000 26346925   41.86%
  86040 27216       35.0000   376       43.0000       25.0000 26359872   41.86%
  86287 27375       31.0000   516       43.0000       25.0000 26542191   41.86%
  86534 27554       25.0000   451       43.0000       25.0000 26722967   41.86%
  86755 27426       25.0600   478       43.0000       25.0000 26599595   41.86%
Elapsed time = 1516.70 sec. (1096228.83 ticks, tree = 1345.07 MB, solutions = 2)
  87006 27641       37.0000   427       43.0000       25.0000 26800802   41.86%
  87218 27745       39.0000   621       43.0000       25.0000 26918105   41.86%
  87515 27716       37.0000   539       43.0000       25.0000 26904398   41.86%
  87822 27696    infeasible             43.0000       25.0000 26886056   41.86%
  88165 27884       25.0147   549       43.0000       25.0000 27089192   41.86%
  88435 27951       36.7347   498       43.0000       25.0000 27183630   41.86%
  88714 28020       37.7347   456       43.0000       25.0000 27236377   41.86%
  89045 28051        cutoff             43.0000       25.0000 27282991   41.86%
  89350 28118       31.0000   471       43.0000       25.0000 27371324   41.86%
  89579 28355       37.0000   614       43.0000       25.0000 27640391   41.86%
Elapsed time = 1570.36 sec. (1134619.92 ticks, tree = 1410.94 MB, solutions = 2)
  89894 28236       28.0000   529       43.0000       25.0000 27492801   41.86%
  90210 28402        cutoff             43.0000       25.0000 27702213   41.86%
  90461 28577       37.0000   498       43.0000       25.0000 27892112   41.86%
  90715 28448       38.0000   415       43.0000       25.0000 27748929   41.86%
  90940 28740       31.0000   535       43.0000       25.0000 28049143   41.86%
  91245 28768       33.0000   483       43.0000       25.0000 28087157   41.86%
  91518 28871       37.0000   543       43.0000       25.0000 28220052   41.86%
  91797 28999       39.7347   514       43.0000       25.0000 28317816   41.86%
  92089 29089       35.0000   523       43.0000       25.0000 28400407   41.86%
Starting limited solution polishing.
  92400 29155    infeasible             43.0000       25.0000 28490849   41.86%
Elapsed time = 1624.10 sec. (1172895.83 ticks, tree = 1469.48 MB, solutions = 2)
  92717 29199       30.0000   434       43.0000       25.0000 28539778   41.86%
  93013 29342       31.0000   436       43.0000       25.0000 28682628   41.86%
  93291 29460       28.0000   595       43.0000       25.0000 28813807   41.86%
  93611 29524    infeasible             43.0000       25.0000 28894200   41.86%
  93886 29574    infeasible             43.0000       25.0000 28972837   41.86%
  94130 29571       32.0000   492       43.0000       25.0000 28952549   41.86%
  94338 29749       37.0000   363       43.0000       25.0000 29163798   41.86%
  94568 29750    infeasible             43.0000       25.0000 29172693   41.86%
  94827 29650       25.0000   536       43.0000       25.0000 29037214   41.86%
  95099 29881       31.0000   575       43.0000       25.0000 29299980   41.86%
Elapsed time = 1678.15 sec. (1211185.20 ticks, tree = 1522.83 MB, solutions = 2)
  95397 30068       40.7623   499       43.0000       25.0000 29500347   41.86%
  95701 29971       35.0000   402       43.0000       25.0000 29386499   41.86%
  96012 30065       25.0000   495       43.0000       25.0000 29489047   41.86%
  96293 30173       25.6545   690       43.0000       25.0000 29625511   41.86%
  96573 30351       26.0000   552       43.0000       25.0000 29792441   41.86%
  96875 30188       31.0000   458       43.0000       25.0000 29647320   41.86%
  97171 30446       28.0000   519       43.0000       25.0000 29886752   41.86%
  97431 30455       31.0000   546       43.0000       25.0000 29898726   41.86%
  97666 30557    infeasible             43.0000       25.0000 30021126   41.86%
  97945 30655       31.0000   436       43.0000       25.0000 30103446   41.86%
Elapsed time = 1732.30 sec. (1249562.30 ticks, tree = 1580.92 MB, solutions = 2)
  98236 30799       28.0000   655       43.0000       25.0000 30291563   41.86%
  98501 30808       29.0000   523       43.0000       25.0000 30301169   41.86%
  98736 30820       31.0000   518       43.0000       25.0000 30312101   41.86%
  99021 30965       38.0000   417       43.0000       25.0000 30475654   41.86%
  99300 31055       25.0000   513       43.0000       25.0000 30556875   41.86%
  99570 31304    infeasible             43.0000       25.0000 30813809   41.86%
  99867 31310    infeasible             43.0000       25.0000 30825138   41.86%
 100134 31226       37.0000   471       43.0000       25.0000 30737290   41.86%
 100486 31498       37.7347   447       43.0000       25.0000 30996411   41.86%
 100783 31527       26.0000   552       43.0000       25.0000 31037446   41.86%
Elapsed time = 1785.00 sec. (1287853.75 ticks, tree = 1642.21 MB, solutions = 2)
 101051 31646       38.0000   594       43.0000       25.0000 31188929   41.86%
 101334 31880       25.0002   692       43.0000       25.0000 31402733   41.86%

GUB cover cuts applied:  1527
Clique cuts applied:  94
Cover cuts applied:  3970
Implied bound cuts applied:  855
Flow cuts applied:  31
Mixed integer rounding cuts applied:  825
Zero-half cuts applied:  11
Gomory fractional cuts applied:  62

Root node processing (before b&c):
  Real time             =    0.61 sec. (452.14 ticks)
Parallel b&c, 8 threads:
  Real time             = 1799.40 sec. (1298630.12 ticks)
  Sync time (average)   =  205.18 sec.
  Wait time (average)   =    0.02 sec.
                          ------------
Total (root+branch&cut) = 1800.01 sec. (1299082.26 ticks)
! --------------------------------------------------------
! Status: FEASIBLE (time limit or other stopping criterion reached)
! Best span = 43
! Labeling: 23 29 37 17 13 12 37 36 13 10 1 9 40 35 38 11 31 6 27 19 7 20 13 21 43 30 3 33 1 24 25 1 22 4 37 1 1 41 28 42 28 7 1 16 43 34 32 26 2 39 18 15 8 25 19 5 1 7 14 
! --------------------------------------------------------
! All verification passed
