! Solving for graph /home/truongxuanhieu/CPLEX-MIP-for-MinSpanLabeling/benchmarks/abp/I-ash85.mtx.rnd
! Target value is set to 17
! Lower bound is set to 18
! Upper bound is set to 63
! Time limit is set to 1800
! Vertices mode is set to No hole
! Target value mode is set to Antibandwidth
Version identifier: 22.2.0.0 | 2026-05-04 | 5dff98e58
CPXPARAM_TimeLimit                               1800
Tried aggregator 2 times.
MIP Presolve eliminated 221 rows and 201 columns.
MIP Presolve modified 10666 coefficients.
Aggregator did 693 substitutions.
Reduced MIP has 1365 rows, 6456 columns, and 19106 nonzeros.
Reduced MIP has 5628 binaries, 305 generals, 0 SOSs, and 523 indicators.
Presolve time = 0.02 sec. (23.72 ticks)
Probing time = 0.03 sec. (13.97 ticks)
Tried aggregator 1 time.
Detecting symmetries...
Reduced MIP has 1365 rows, 6456 columns, and 19106 nonzeros.
Reduced MIP has 5628 binaries, 390 generals, 0 SOSs, and 523 indicators.
Presolve time = 0.01 sec. (13.03 ticks)
Probing time = 0.02 sec. (4.08 ticks)
Clique table members: 2168.
MIP emphasis: balance optimality and feasibility.
MIP search method: dynamic search.
Parallel mode: deterministic, using up to 8 threads.
Root relaxation solution time = 0.03 sec. (16.40 ticks)

        Nodes                                         Cuts/
   Node  Left     Objective  IInf  Best Integer    Best Bound    ItCnt     Gap

      0     0       18.0000   198                     18.0000      401         
      0     0       18.0000   504                   Cuts: 441      770         
      0     0       18.0000   400                   Cuts: 441     1115         
      0     0       18.0000   419                   Cuts: 441     1586         
Detecting symmetries...
      0     2       18.0000   264                     18.0000     1586         
Elapsed time = 0.96 sec. (722.21 ticks, tree = 0.02 MB, solutions = 0)
    486   430       36.0000   207                     18.0000    20613         
    642   584       35.0000   167                     18.0000    31233         
   1002   857       56.0000   205                     18.0000    47835         
   1104  1032       35.0000   282                     18.0000    67725         
   1428  1207       52.0000   212                     18.0000    78847         
   1722  1489       52.0000   196                     18.0000    96933         

Performing restart 1

Repeating presolve.
Tried aggregator 1 time.
MIP Presolve eliminated 0 rows and 18 columns.
Reduced MIP has 1365 rows, 6438 columns, and 19052 nonzeros.
Reduced MIP has 5610 binaries, 390 generals, 0 SOSs, and 523 indicators.
Presolve time = 0.01 sec. (9.51 ticks)
Tried aggregator 1 time.
Reduced MIP has 1365 rows, 6438 columns, and 19052 nonzeros.
Reduced MIP has 5610 binaries, 390 generals, 0 SOSs, and 523 indicators.
Presolve time = 0.01 sec. (13.37 ticks)
Represolve time = 0.07 sec. (52.10 ticks)
   1723     0       18.0000   555                   Cuts: 441   106735         
   1723     0       18.0000   586                   Cuts: 441   107345         
   1723     0       18.0755   688                   Cuts: 441   108192         
   1723     0       19.0000   583                   Cuts: 441   108654         
   1723     0       19.0000   618                   Cuts: 441   109109         
   1723     0       19.0000   556                   Cuts: 441   109868         
   1723     0       19.0186   700                   Cuts: 441   110448         
   1723     0       20.0000   686                   Cuts: 441   111026         
   1723     0       20.0000   668                   Cuts: 441   111473         
   1723     0       20.0000   679                   Cuts: 441   112156         
   1723     2       20.0000   441                     20.0000   112156         
   1765    32       36.0000   295                     20.0000   112763         
   1835    81       36.0000   262                     20.0000   113460         
   2316   448       36.0000   279                     20.0000   137183         
Elapsed time = 10.29 sec. (7515.21 ticks, tree = 0.94 MB, solutions = 0)
   2599   581       35.0000   301                     20.0000   160726         
   3386  1298       35.0000   365                     20.0000   210572         
   4384  1825       52.0000   260                     21.0000   259697         
   5303  2508       52.0000   199                     22.4590   311268         
   5586  3147       35.0000   453                     26.5000   374317         
   6097  3421       35.0000   493                     26.5000   410285         
   6693  3794       62.0000   260                     26.5000   474060         
   7025  4305       56.0000   274                     26.5000   521853         
   7846  4923       47.0000   410                     26.5000   573272         
   8119  5063       56.0000   369                     26.5000   612384         
Elapsed time = 27.01 sec. (17119.01 ticks, tree = 17.84 MB, solutions = 0)
   8222  5287       52.0000   278                     26.5000   656603         

Performing restart 2

Repeating presolve.
Tried aggregator 1 time.
Reduced MIP has 1365 rows, 6438 columns, and 22129 nonzeros.
Reduced MIP has 5610 binaries, 390 generals, 0 SOSs, and 523 indicators.
Presolve time = 0.01 sec. (10.55 ticks)
Tried aggregator 1 time.
MIP Presolve modified 2 coefficients.
Reduced MIP has 1365 rows, 6438 columns, and 22129 nonzeros.
Reduced MIP has 5610 binaries, 390 generals, 0 SOSs, and 523 indicators.
Presolve time = 0.02 sec. (15.32 ticks)
Represolve time = 0.17 sec. (138.88 ticks)
   8293     0       22.0000   760                   Cuts: 441   690136         
   8293     0       24.0000   726                   Cuts: 441   691340         
   8293     0       24.0000   724                   Cuts: 441   692332         
   8293     0       24.0000   669                   Cuts: 441   693982         
   8293     0       24.0000   712                   Cuts: 441   695076         
   8293     0       24.0000   674                   Cuts: 441   696877         
   8293     0       24.0000   682                   Cuts: 441   699088         
   8293     0       25.0000   596                   Cuts: 441   703574         
   8293     0       25.0000   623                   Cuts: 441   704128         
   8293     0       25.0000   605                   Cuts: 441   705043         
   8293     0       25.0000   633                   Cuts: 441   705942         
   8293     0       25.0514   684                   Cuts: 441   706957         
   8293     2       26.0000   364                     34.0000   706957         
   8372    72       52.0000   355                     34.0000   711302         
   8432   120       52.0000   358                     34.0000   736912         
   8538   193       35.0000   605                     34.0000   754455         
   8649   314       52.0000   321                     34.0000   782957         
   8748   389       46.0000   436                     34.0000   804428         
   8844   468       52.0000   363                     34.0000   824472         
   8874   484       28.0000   705                     34.0000   842562         
   8922   536       52.0000   339                     34.0000   871011         
Elapsed time = 52.00 sec. (37967.91 ticks, tree = 1.77 MB, solutions = 0)
   8955   553       28.6926   738                     34.0000   895598         
   8970   581       35.0000   646                     34.0000   931181         
   8988   594       35.0000   573                     34.0000   953561         
   9009   595       52.0000   441                     34.0000   952109         
   9034   609       52.0000   435                     34.0000   983866         
   9059   646    infeasible                           34.0000  1013308         
   9088   687    infeasible                           34.0000  1076349         
   9108   686       45.0000   627                     34.0000  1071715         
   9132   706       35.0000   597                     34.0000  1106090         
   9160   753       52.0000   377                     34.0000  1154383         
Elapsed time = 64.25 sec. (47766.57 ticks, tree = 2.79 MB, solutions = 0)
   9206   780       60.0000   412                     34.0000  1170827         
   9253   797       35.0000   566                     34.0000  1193232         
   9312   848       62.0000   405                     34.0000  1223095         
   9338   899       63.0000   331                     34.0000  1259070         
   9355   909       63.0000   319                     34.0000  1261098         
   9381   910       35.0000   674                     34.0000  1283966         
   9407   914       35.0000   648                     34.0000  1286869         
   9417   936       52.0000   477                     34.0000  1316192         
   9430   946       52.0000   576                     34.0000  1331120         
   9438   940       35.0000   619                     34.0000  1328884         
Elapsed time = 75.44 sec. (57600.64 ticks, tree = 4.91 MB, solutions = 0)
   9445   986       58.0000   539                     34.0000  1386553         
   9451   969       35.0000   735                     34.0000  1361036         
   9459   990       46.0000   604                     34.0000  1426666         
   9468   996       52.0000   553                     34.0000  1463150         
   9473  1000       35.2411   751                     34.0000  1498888         
   9482   999       52.0000   520                     34.0000  1471849         
   9495  1005       52.0000   481                     34.0000  1505435         
   9514  1019       54.0000   407                     34.0000  1566488         
   9533  1021       44.0000   614                     34.0000  1574088         
   9553  1023       44.0000   690                     34.0000  1576893         
Elapsed time = 88.27 sec. (68401.46 ticks, tree = 5.73 MB, solutions = 0)
   9568  1034       35.0000   697                     34.0000  1607309         
   9586  1062    infeasible                           34.0000  1629554         
   9596  1042       52.0000   600                     34.0000  1620584         
   9607  1085       52.0000   433                     34.0000  1662988         
   9617  1105       52.0000   500                     34.0000  1720899         
   9630  1129       52.1178   513                     34.0000  1755025         
   9647  1143       53.0000   501                     34.0000  1785451         
   9671  1153       35.0000   647                     34.0000  1815274         
   9682  1152       35.3007   764                     34.0000  1832647         
   9699  1162       36.0000   826                     34.0000  1849923         
Elapsed time = 100.50 sec. (78482.06 ticks, tree = 6.76 MB, solutions = 0)
   9725  1194       41.0000   655                     34.0000  1910476         
   9754  1187       53.0000   459                     34.0000  1898874         
   9779  1231       60.0000   347                     34.0000  1960381         
   9797  1252       53.0000   416                     34.0000  1997744         
   9810  1242       60.0000   340                     34.0000  1973175         
   9824  1253       53.0000   418                     34.0000  2013246         
   9841  1289       61.0000   284                     34.0000  2059857         
   9859  1231       28.8734   941                     34.0000  1983181         
   9869  1296       61.0000   529                     34.0000  2110541         
   9882  1302    infeasible                           34.0000  2139382         
Elapsed time = 113.43 sec. (88761.77 ticks, tree = 9.39 MB, solutions = 0)
   9899  1301       61.0000   450                     34.0000  2115986         
   9917  1323       53.0000   402                     34.0000  2182111         
   9936  1324       53.6190   442                     34.0000  2187804         
   9957  1343       61.0000   372                     34.0000  2235148         
   9991  1358       54.0000   393                     34.0000  2253559         
  10032  1373       59.0000   332                     34.0000  2282864         
  10065  1384       59.0000   289                     34.0000  2285759         
  10084  1384       54.0000   385                     34.0000  2293862         
  10095  1426       54.0000   454                     34.0000  2364234         
  10105  1360       28.1250   972                     34.0000  2262215         
Elapsed time = 126.09 sec. (98726.93 ticks, tree = 10.09 MB, solutions = 0)
  10122  1438       54.0000   314                     34.0000  2370770         
  10137  1445       54.0000   334                     34.0000  2374492         
  10151  1453       45.0000   727                     34.0000  2389060         
  10164  1491       35.0000   888                     34.0000  2419630         
  10173  1472       35.0000   870                     34.0000  2417898         
  10176  1529       35.0000   707                     34.0000  2465627         
  10186  1553       35.0000   654                     34.0000  2550432         
  10192  1533       57.0000   564                     34.0000  2479516         
  10201  1555       35.0000   647                     34.0000  2558285         
  10227  1585       53.0000   546                     34.0000  2673068         
Elapsed time = 142.18 sec. (111844.03 ticks, tree = 14.51 MB, solutions = 0)
  10262  1597       54.0000   533                     34.0000  2685006         
  10323  1616       53.0000   549                     34.0000  2769136         
  10387  1663       52.0000   488                     34.0000  2837091         
  10461  1726    infeasible                           34.0000  2948632         
  10513  1738       52.0000   620                     34.0000  2998758         
  10535  1809       35.0000   723                     34.0000  3129828         
  10595  1818       40.6667   748                     34.0000  3157430         
  10691  1890       58.0000   422                     34.0000  3339442         
  10821  1933       54.0000   466                     34.0000  3424672         
  10893  2035       52.0000   534                     34.0000  3498701         
Elapsed time = 191.40 sec. (151420.95 ticks, tree = 24.84 MB, solutions = 0)
  10995  2122       54.0000   389                     34.0000  3602622         
  11126  2223       59.0000   444                     34.0000  3677770         
  11200  2225       52.0000   693                     34.0000  3689813         
  11262  2352       55.0000   481                     34.0000  3797231         
  11343  2448       52.0000   590                     34.0000  3960780         
  11427  2427       35.0000   847                     35.0000  3917936         
  11540  2483       62.0000   405                     35.0000  4019690         
  11664  2631       52.0000   536                     35.0000  4144643         
  11758  2671       52.0000   508                     35.0000  4214403         
  11857  2777       57.0000   456                     35.0000  4307414         
Elapsed time = 238.07 sec. (189850.79 ticks, tree = 43.90 MB, solutions = 0)
  11939  2820       53.0000   539                     35.0000  4364963         
  12033  2931       54.0000   370                     35.0000  4491260         
  12104  3036       60.0000   479                     35.0000  4586604         
  12164  3019       52.0000   520                     35.0000  4580418         
  12242  3104       52.0000   384                     35.0000  4665553         
  12281  3146       62.0000   478                     35.0000  4754794         
  12319  3196       62.0000   519                     35.0000  4850444         
  12354  3208       62.0000   379                     35.0000  4862189         
  12413  3272       60.0000   546                     35.0000  4943171         
  12529  3313       52.0000   455                     35.0000  5048864         
Elapsed time = 285.51 sec. (229363.08 ticks, tree = 55.61 MB, solutions = 0)
  12577  3340       62.0000   408                     35.0000  5098446         
  12647  3403       52.0000   629                     35.0000  5209730         
  12687  3407       52.0000   543                     35.0000  5221285         
  12713  3510       36.0000   905                     35.0000  5350625         
  12739  3520       56.0000   642                     35.0000  5386098         
  12771  3578       57.0000   532                     35.0000  5479359         
  12815  3574       52.0000   665                     35.0000  5527781         
  12850  3639       56.0000   504                     35.0000  5698036         
  12922  3657       56.0000   375                     35.0000  5712038         
  13021  3684       61.0000   367                     35.0000  5752338         
Elapsed time = 332.57 sec. (268144.85 ticks, tree = 65.74 MB, solutions = 0)
  13102  3762       52.0000   492                     35.0000  5953689         
  13156  3781       54.0000   382                     35.0000  5965416         
  13235  3838       60.0000   745                     35.0000  6090151         
  13303  3925       55.0000   425                     35.0000  6190325         
  13342  3964       61.0000   519                     35.0000  6271065         
  13406  3970       61.0000   498                     35.0000  6282836         
  13455  4110       54.0000   426                     35.0000  6504680         
  13518  4132       52.0000   658                     35.0000  6570153         
  13579  4165       52.0000   575                     35.0000  6625720         
  13636  4181       52.0000   527                     35.0000  6635566         
Elapsed time = 380.31 sec. (306937.95 ticks, tree = 76.83 MB, solutions = 0)
  13726  4199       52.0000   526                     35.0000  6702545         
  13789  4348       52.0079   575                     35.0000  6885392         
  13880  4394       63.0000   452                     35.0000  6945452         
  14021  4396       35.0000   904                     35.0000  6952485         
  14074  4464       52.0000   364                     35.0000  7030759         
  14149  4662       53.0000   597                     35.0000  7239359         
  14228  4654       63.0000   479                     35.0000  7237936         
  14334  4801       63.0000   394                     35.0000  7398050         
  14421  4759       52.5862   530                     35.0000  7384756         
  14505  4764    infeasible                           35.0000  7399417         
Elapsed time = 426.95 sec. (345437.65 ticks, tree = 96.57 MB, solutions = 0)
  14646  4953       54.0000   563                     35.0000  7571784         
  14709  4895       60.0000   678                     35.0000  7527545         
  14767  5028       60.0000   513                     35.0000  7753314         
  14827  5047       60.0000   380                     35.0000  7766196         
  14894  5017       52.0000   780                     35.0000  7752072         
  14951  5212       59.0000   289                     35.0000  7936270         
  15038  5206       54.0000   546                     35.0000  7974772         
  15109  5240       52.0000   664                     35.0000  8056317         
  15203  5416       60.0000   596                     35.0000  8279789         
  15290  5411    infeasible                           35.0000  8270044         
Elapsed time = 472.94 sec. (383846.90 ticks, tree = 114.25 MB, solutions = 0)
  15365  5531       52.0000   444                     35.0000  8419094         
  15459  5537       54.0000   365                     35.0000  8436206         
  15569  5673       52.0000   712                     35.0000  8599823         
  15614  5680       52.0000   539                     35.0000  8611532         
  15673  5773       52.0000   586                     35.0000  8790430         
  15712  5848       52.0000   487                     35.0000  8882541         
  15760  5884       52.0000   534                     35.0000  8983031         
  15816  5909       56.0000   442                     35.0000  9022942         
  15871  5915       35.1041   968                     35.0000  9054376         
  15957  6020       54.0000   403                     35.0000  9256365         
Elapsed time = 522.94 sec. (422965.87 ticks, tree = 128.75 MB, solutions = 0)
  16016  6027       39.0000   782                     35.0000  9267214         
  16076  6097       52.0000   746                     35.0000  9378235         
  16152  6141       52.0000   440                     35.0000  9443006         
  16257  6108       55.0000   481                     35.0000  9345985         
  16363  6210       52.0000   681                     35.0000  9522945         
  16429  6294       55.0000   438                     35.0000  9635213         
  16498  6254       63.0000   615                     35.0000  9597682         
  16543  6448       63.0000   535                     35.0000  9853320         
  16577  6431    infeasible                           35.0000  9801241         
  16625  6352       35.0000   823                     35.0000  9737449         
Elapsed time = 568.71 sec. (461626.11 ticks, tree = 140.16 MB, solutions = 0)
  16657  6466       52.0000   705                     35.0000  9927085         
  16696  6511       53.0000   358                     35.0000  9980513         
  16727  6570       52.0000   466                     35.0000 10126946         
  16752  6637       62.0000   592                     35.0000 10218328         
  16794  6648       62.0000   494                     35.0000 10230009         
  16841  6713       62.0000   388                     35.0000 10457692         
  16922  6761    infeasible                           35.0000 10605091         
  17016  6812       58.0000   272                     35.0000 10653674         
  17089  6796       52.0000   549                     35.0000 10738687         
  17152  6856       53.0000   493                     35.0000 10778301         
Elapsed time = 615.51 sec. (500607.69 ticks, tree = 152.88 MB, solutions = 0)
  17214  6944       61.0000   510                     35.0000 10883221         
  17292  6969       61.0000   324                     35.0000 10892501         
  17355  6958       53.0000   569                     35.0000 10944050         
  17419  7164       60.0000   487                     35.0000 11158930         
  17477  7041       38.9289   804                     35.0000 11050619         
  17535  7257       60.0000   287                     35.0000 11360542         
  17600  7278       55.0000   376                     35.0000 11408729         
  17687  7239    infeasible                           35.0000 11344036         
  17751  7359       54.0000   482                     35.0000 11566195         
  17847  7379       54.0000   455                     35.0000 11575684         
Elapsed time = 661.73 sec. (539091.19 ticks, tree = 163.26 MB, solutions = 0)
  17960  7407       61.0000   507                     35.0000 11619594         
  18092  7660       61.0000   337                     35.0000 11887051         
  18168  7676       52.0000   538                     35.0000 11899387         
  18260  7756       52.0000   663                     35.0000 11998938         
  18310  7825       52.0000   512                     35.0000 12041723         
  18357  7765       52.0000   568                     35.0000 12019467         
  18408  7779       52.0000   490                     35.0000 12029352         
  18496  7965       55.0000   417                     35.0000 12249347         
  18574  7898       52.0000   569                     35.0000 12200191         
  18627  8082       52.0000   427                     35.0000 12451762         
Elapsed time = 709.45 sec. (577716.72 ticks, tree = 188.16 MB, solutions = 0)
  18677  8065       63.0000   562                     35.0000 12427874         
  18736  8093       52.0000   726                     35.0000 12502562         
  18813  8256    infeasible                           35.0000 12723411         
  18876  8198       52.0000   538                     35.0000 12620527         
  18938  8220       52.0000   572                     35.0000 12672253         
  18992  8269       44.0000   771                     35.0000 12761705         
  19058  8402       52.0000   612                     35.0000 13025765         
  19125  8485       46.0000   781                     35.0000 13170080         
  19188  8441       36.0000   822                     35.0000 13130419         
  19278  8560       59.0000   441                     35.0000 13340078         
Elapsed time = 757.27 sec. (616550.45 ticks, tree = 198.35 MB, solutions = 0)
  19354  8537       35.7118   922                     35.0000 13259297         
  19428  8674    infeasible                           35.0000 13466554         
  19524  8745       63.0000   554                     35.0000 13614216         
  19600  8725       57.0000   297                     35.0000 13485845         
  19702  8936       52.0000   672                     35.0000 13836718         
  19795  8979       52.0000   555                     35.0000 13884376         
  19902  8809       52.0000   663                     35.0000 13724365         
  19991  8950       52.0000   580                     35.0000 13859943         
  20091  8959       52.0000   718                     35.0000 13869877         
  20125  9180       52.0000   669                     35.0000 14132850         
Elapsed time = 803.45 sec. (654937.54 ticks, tree = 220.77 MB, solutions = 0)
  20189  9218       52.0000   643                     35.0000 14184331         
  20258  9223       52.0000   692                     35.0000 14194803         
  20318  9182       57.0000   421                     35.0000 14125768         
  20391  9444       61.0000   342                     35.0000 14406064         
  20461  9509       52.0000   617                     35.0000 14531002         
  20519  9521       61.0000   617                     35.0000 14540800         
  20596  9611       62.0000   387                     35.0000 14676280         
  20683  9670       52.0000   580                     35.0000 14758597         
  20757  9634       35.8408   930                     35.0000 14695588         
  20830  9742       55.0000   381                     35.0000 14878419         
Elapsed time = 850.10 sec. (693757.54 ticks, tree = 232.58 MB, solutions = 0)
  20904  9918       52.0000   512                     35.0000 15104504         
  20963  9843       47.2911   747                     35.0000 15003986         
  21040  9988       62.0000   515                     35.0000 15182760         
  21118 10111       63.0000   408                     35.0000 15271040         
  21180 10020       62.0000   470                     35.0000 15204138         
  21237 10141       52.0000   475                     35.0000 15363639         
  21298 10245       52.0000   645                     35.0000 15528511         
  21360 10255       52.0000   605                     35.0000 15537987         
  21401 10200       52.0000   577                     35.0000 15496947         
  21458 10393       52.0000   634                     35.0000 15747370         
Elapsed time = 896.49 sec. (732720.75 ticks, tree = 256.48 MB, solutions = 0)
  21512 10371       52.0000   761                     35.0000 15713623         
  21572 10342       60.0000   502                     35.0000 15646660         
  21649 10433       60.0000   438                     35.0000 15825884         
  21727 10563       54.0000   464                     35.0000 16041088         
  21789 10538       52.0000   628                     35.0000 16000139         
  21834 10643       52.0000   670                     35.0000 16192880         
  21870 10716       52.0000   599                     35.0000 16388229         
  21912 10683       36.8793   882                     35.0000 16270678         
  21951 10699       52.0000   634                     35.0000 16326076         
  22006 10713       56.0000   444                     35.0000 16378731         
Elapsed time = 942.79 sec. (771595.85 ticks, tree = 261.35 MB, solutions = 0)
  22061 10753       52.0000   475                     35.0000 16468608         
  22091 10817       54.0000   581                     35.0000 16599479         
  22148 10794       38.8533   845                     35.0000 16559862         
  22203 10867       54.0000   593                     35.0000 16707465         
  22283 10941       54.0000   525                     35.0000 16858194         
  22329 10955       54.0000   517                     35.0000 16870168         
  22383 10966       63.0000   477                     35.0000 16915893         
  22448 11190       63.0000   398                     35.0000 17296180         
  22526 11165       52.0000   553                     35.0000 17252874         
  22585 11216       52.0000   649                     35.0000 17362411         
Elapsed time = 989.50 sec. (810389.06 ticks, tree = 277.92 MB, solutions = 0)
  22630 11232       53.0000   657                     35.0000 17403469         
  22682 11275       35.0000   870                     35.0000 17555089         
  22735 11400       55.0000   535                     35.0000 17698626         
  22821 11288       62.0000   465                     35.0000 17535102         
  22917 11267       52.0000   538                     35.0000 17505082         
  22985 11452       63.0000   450                     35.0000 17763466         
  23044 11522       56.0000   300                     35.0000 17856018         
  23114 11471       52.0000   585                     35.0000 17812272         
  23159 11475       52.0000   556                     35.0000 17823540         
  23233 11725       62.0000   294                     35.0000 18086135         
Elapsed time = 1036.37 sec. (849169.59 ticks, tree = 296.97 MB, solutions = 0)
  23331 11674       58.0000   334                     35.0000 18016074         
  23378 11752       35.7118   921                     35.0000 18179413         
  23415 11999       52.0000   611                     35.0000 18456568         
  23461 12006       52.0000   611                     35.0000 18466879         
  23506 11765       52.0000   522                     35.0000 18210908         
  23543 12005       35.0000   847                     35.0000 18480427         
  23592 11880       52.0000   505                     35.0000 18372572         
  23657 12058       52.0000   416                     35.0000 18594470         
  23761 12047       56.0000   334                     35.0000 18559040         
  23804 12071       50.0000   810                     35.0000 18685960         
Elapsed time = 1084.03 sec. (888368.63 ticks, tree = 309.77 MB, solutions = 0)
  23877 12238       58.0000   402                     35.0000 18978031         
  23930 12207       53.0000   481                     35.0000 18925115         
  24006 12223    infeasible                           35.0000 18935597         
  24056 12357       52.0000   557                     35.0000 19171268         
  24102 12391       52.0000   576                     35.0000 19229490         
  24165 12376       54.0000   317                     35.0000 19196805         
  24242 12469       57.0000   581                     35.0000 19348293         
  24312 12537       39.0000   800                     35.0000 19486798         
  24373 12577    infeasible                           35.0000 19554656         
  24431 12519       40.2354   828                     35.0000 19455625         
Elapsed time = 1131.09 sec. (927213.34 ticks, tree = 322.38 MB, solutions = 0)
  24478 12570    infeasible                           35.0000 19520703         
  24567 12680    infeasible                           35.0000 19690325         
  24621 12707       56.0000   326                     35.0000 19750831         
  24680 12861       52.0000   760                     35.0000 19969683         
  24713 12765       52.0000   663                     35.0000 19830706         
  24754 12986       52.0000   591                     35.0000 20184742         
  24795 12993       52.0000   558                     35.0000 20195837         
  24836 12822       53.0000   522                     35.0000 19955611         
  24883 13019       36.5016  1000                     35.0000 20331900         
  24944 13030       55.0000   479                     35.0000 20267001         
Elapsed time = 1176.10 sec. (966137.97 ticks, tree = 335.21 MB, solutions = 0)
  25010 13048       57.0000   296                     35.0000 20279368         
  25075 13091       52.0000   425                     35.0000 20492847         
  25118 13096       57.0000   438                     35.0000 20507964         
  25204 13120    infeasible                           35.0000 20565916         
  25270 13289       62.0000   517                     35.0000 20833037         
  25343 13206    infeasible                           35.0000 20670247         
  25440 13315    infeasible                           35.0000 20935710         
  25532 13442       61.0000   336                     35.0000 21041909         
  25637 13298       52.0000   551                     35.0000 20876250         
  25696 13457       52.0000   662                     35.0000 21061143         
Elapsed time = 1224.25 sec. (1005003.10 ticks, tree = 348.10 MB, solutions = 0)
  25772 13486       62.0000   507                     35.0000 21130753         
  25840 13647       52.0000   707                     35.0000 21273822         
  25881 13705       53.0000   621                     35.0000 21394030         
  25930 13678       60.0000   658                     35.0000 21357451         
  25989 13762       52.0000   606                     35.0054 21452432         
  26058 13714       35.2441   979                     35.0154 21419027         
  26163 13778       60.0000   521                     35.0154 21474257         
  26245 13802       61.0000   404                     35.0154 21485261         
  26342 13871       56.0000   661                     35.0154 21643907         
  26393 14181       38.7635   811                     35.0154 22012675         
Elapsed time = 1270.27 sec. (1043681.73 ticks, tree = 376.52 MB, solutions = 0)
  26453 14159       52.0000   557                     35.0154 21972650         
  26488 14172       52.0000   352                     35.0191 21982929         
  26544 14131       43.8167   760                     35.0191 21929311         
  26588 14135    infeasible                           35.0191 21937704         
  26657 14342       54.0000   634                     35.0231 22221720         
  26707 14219       52.0000   810                     35.0231 22110684         
  26759 14524       38.2243   825                     35.0231 22493862         
  26822 14448       52.0000   583                     35.0480 22389701         
  26896 14462       54.0000   462                     35.0480 22399400         
  26956 14521       60.0000   362                     35.0480 22461420         
Elapsed time = 1315.61 sec. (1082718.67 ticks, tree = 390.06 MB, solutions = 0)
  27017 14538       52.0000   615                     35.0616 22471704         
  27074 14646    infeasible                           35.0616 22753312         
  27131 14696       52.0000   628                     35.0616 22824826         
  27187 14624       62.0000   456                     35.1318 22703472         
  27260 14976       36.0000   889                     35.1318 23180090         
  27323 14891       53.0000   537                     35.1318 23020261         
  27409 14998       56.0000   650                     35.1318 23253294         
  27466 15011       52.0000   554                     35.1318 23312092         
  27519 14923       52.0000   651                     35.1318 23052620         
  27577 15066    infeasible                           35.1318 23382232         
Elapsed time = 1361.65 sec. (1122038.84 ticks, tree = 409.66 MB, solutions = 0)
  27630 15039       52.0000   495                     35.1318 23301647         
  27728 15054       52.0000   487                     35.1318 23311257         
  27794 15146       37.0000   873                     35.1318 23540154         
  27836 15197       52.0000   719                     35.1318 23629113         
  27879 15127       35.5660   919                     35.1318 23501211         
  27912 15299       45.0000   766                     35.1318 23774629         
  27975 15355    infeasible                           35.1318 23845007         
  28040 15494       58.5000   388                     35.1318 24099932         
  28106 15533       52.0000   655                     35.1318 24223513         
  28141 15460       52.0000   669                     35.1318 24051615         
Elapsed time = 1409.04 sec. (1161121.41 ticks, tree = 418.41 MB, solutions = 0)
  28214 15473       52.0000   480                     35.1318 24063076         
  28289 15493       58.0000   310                     35.1318 24078346         
  28368 15584       52.0000   546                     35.1318 24317634         
  28457 15644    infeasible                           35.1318 24390590         
  28507 15750       54.0000   406                     35.1318 24556092         
  28548 15943       52.0000   608                     35.1318 24902853         
  28587 15841       57.0000   551                     35.1318 24711288         
  28636 15866       59.0000   314                     35.1318 24725494         
  28700 16012       52.0000   568                     35.1318 24992749         
  28739 15914       63.0000   597                     35.1318 24875041         
Elapsed time = 1453.81 sec. (1199857.83 ticks, tree = 435.35 MB, solutions = 0)
  28793 16119    infeasible                           35.1318 25100317         
  28849 16078       52.0000   523                     35.1318 25068554         
  28895 16024       52.0000   711                     35.1318 25040039         
  28941 16274       53.0000   546                     35.1318 25454161         
  28994 16283       54.0000   508                     35.1318 25466888         
  29042 16256       52.0000   597                     35.1318 25396207         
  29117 16301       61.0000   386                     35.2109 25372456         
  29181 16335       53.0000   560                     35.2220 25618361         
  29262 16316       53.0000   429                     35.2411 25510386         
  29348 16541       54.0000   513                     35.2411 25976032         
Elapsed time = 1501.21 sec. (1238741.66 ticks, tree = 451.02 MB, solutions = 0)
  29446 16520       55.0000   577                     35.3285 25931158         
  29528 16378       52.0000   751                     35.3285 25663046         
  29554 16401       52.0000   687                     35.3285 25780825         
  29598 16582       52.0000   669                     35.3642 26084729         
  29666 16771       52.0000   620                     35.3721 26350475         
  29771 16604       52.0000   608                     35.3721 26033573         
  29856 16735       53.0000   474                     35.3721 26233911         
  29939 16848       55.0000   390                     35.3721 26461497         
  30004 16979       52.0000   494                     35.3799 26625950         
  30088 16785    infeasible                           35.3799 26326727         
Elapsed time = 1550.75 sec. (1277304.50 ticks, tree = 460.32 MB, solutions = 0)
  30193 16830       60.0000   640                     35.3799 26400456         
  30286 17019       39.3834   799                     35.3799 26728467         
  30328 17360       43.0000   880                     35.4857 27083982         
  30372 17182       52.0000   612                     35.4857 26838353         
  30439 17192       53.0000   466                     35.4908 26848807         
  30500 17154       53.0000   529                     35.4923 26817245         
  30592 17399       60.0000   446                     35.4923 27121558         
  30686 17447       35.6899   917                     35.4935 27174579         
  30734 17250       52.0000   709                     35.4935 26985660         
  30783 17611       54.0000   586                     35.4935 27440551         
Elapsed time = 1598.73 sec. (1315874.67 ticks, tree = 493.78 MB, solutions = 0)
  30869 17614       35.5026   935                     35.5026 27448031         
  30955 17809       55.0000   460                     35.5026 27725198         
  31018 17740       61.0000   485                     35.5026 27686805         
  31139 17633       56.0000   725                     35.5026 27477362         
  31253 17641       52.0000   657                     35.5026 27447746         
  31316 17804       54.0000   503                     35.5026 27720995         
  31383 17941       56.0000   437                     35.5026 27917951         
  31456 18060       52.0000   640                     35.5026 28044292         
  31520 18158       52.0000   652                     35.5248 28219984         
  31617 18052       53.0000   549                     35.5248 28013096         
Elapsed time = 1645.08 sec. (1354497.24 ticks, tree = 511.34 MB, solutions = 0)
  31660 18283       54.0000   602                     35.5248 28381689         
  31717 18171       52.0000   697                     35.5248 28251784         
  31793 18179       52.0000   683                     35.5248 28260922         
  31827 18185       52.0000   689                     35.5248 28271372         
  31867 18503       52.0000   503                     35.5248 28691386         
  31937 18323       52.0000   601                     35.6291 28427273         
  32013 18587       58.0000   423                     35.6415 28785821         
  32080 18616       37.0000   955                     35.6415 28878641         
  32132 18487       52.0000   563                     35.6415 28670528         
  32212 18662       60.0000   400                     35.6415 28975852         
Elapsed time = 1693.24 sec. (1393610.93 ticks, tree = 536.72 MB, solutions = 0)
  32269 18644       55.0000   588                     35.6415 28905443         
  32336 18659       63.0000   481                     35.6415 28917424         
  32426 18780       52.0000   722                     35.6415 29258414         
  32484 18901       52.0000   670                     35.6415 29399773         
  32551 18821       52.0000   449                     35.6415 29344179         
  32626 18767       59.0000   470                     35.6415 29143793         
  32686 18838       35.7118   956                     35.6415 29367920         
  32730 18841       36.8793   905                     35.7118 29376918         
  32773 19148       54.0000   457                     35.7118 29687487         
  32828 19194       52.0000   421                     35.7118 29755855         
Elapsed time = 1739.19 sec. (1432478.79 ticks, tree = 557.47 MB, solutions = 0)
  32908 19158       52.0000   625                     35.7118 29705064         
  32985 19297       60.0000   385                     35.7118 29928524         
  33081 19212       55.6932   457                     35.7118 29807329         
  33128 19214       36.0000   897                     35.7118 29820960         
  33190 19337       52.0000   527                     35.7118 29962456         
  33275 19533       52.0000   419                     35.7118 30374190         
  33316 19607       52.0000   483                     35.7118 30558594         
  33369 19492       37.7215   849                     35.7118 30245536         
  33417 19494       36.0000   903                     35.7118 30304676         
  33452 19499       40.8980   782                     35.7118 30258401         
Elapsed time = 1785.96 sec. (1471973.21 ticks, tree = 567.11 MB, solutions = 0)
  33493 19858       52.0000   640                     35.7118 30951857         
  33545 19843       53.0000   495                     35.7118 30897522         
  33625 19657       62.0000   358                     35.7118 30625020         

GUB cover cuts applied:  1762
Clique cuts applied:  108
Cover cuts applied:  462
Implied bound cuts applied:  504
Flow cuts applied:  41
Mixed integer rounding cuts applied:  887
Zero-half cuts applied:  38
Gomory fractional cuts applied:  73

Root node processing (before b&c):
  Real time             =    0.96 sec. (721.26 ticks)
Parallel b&c, 8 threads:
  Real time             = 1799.05 sec. (1484740.59 ticks)
  Sync time (average)   =  190.84 sec.
  Wait time (average)   =    0.03 sec.
                          ------------
Total (root+branch&cut) = 1800.01 sec. (1485461.85 ticks)
! --------------------------------------------------------
! Problem is UNKNOWN
! CPLEX Status = AbortTimeLim
! --------------------------------------------------------
