! Solving for graph /home/truongxuanhieu/CPLEX-MIP-for-MinSpanLabeling/benchmarks/abp/K-dwt__234.mtx.rnd
! Target value is set to 38
! Lower bound is set to 39
! Upper bound is set to 87
! Time limit is set to 1800
! Vertices mode is set to No hole
! Target value mode is set to Antibandwidth
Version identifier: 22.2.0.0 | 2026-05-04 | 5dff98e58
CPXPARAM_TimeLimit                               1800
Tried aggregator 2 times.
MIP Presolve eliminated 164 rows and 277 columns.
MIP Presolve modified 20311 coefficients.
Aggregator did 675 substitutions.
Reduced MIP has 1321 rows, 11136 columns, and 33174 nonzeros.
Reduced MIP has 10415 binaries, 280 generals, 0 SOSs, and 441 indicators.
Presolve time = 0.03 sec. (39.24 ticks)
Probing time = 0.05 sec. (31.18 ticks)
Tried aggregator 2 times.
Detecting symmetries...
Aggregator did 8 substitutions.
Reduced MIP has 1313 rows, 11128 columns, and 33166 nonzeros.
Reduced MIP has 10415 binaries, 389 generals, 0 SOSs, and 441 indicators.
Presolve time = 0.03 sec. (28.13 ticks)
Probing time = 0.01 sec. (5.22 ticks)
Clique table members: 4884.
MIP emphasis: balance optimality and feasibility.
MIP search method: dynamic search.
Parallel mode: deterministic, using up to 8 threads.
Root relaxation solution time = 0.05 sec. (40.34 ticks)

        Nodes                                         Cuts/
   Node  Left     Objective  IInf  Best Integer    Best Bound    ItCnt     Gap

      0     0       39.0000   197                     39.0000      650         
      0     0       39.0000   506                   Cuts: 428     1019         
      0     0       39.0000   336                   Cuts: 428     1441         
      0     0       39.0000   327                   Cuts: 428     2136         
      0     0       39.0000   309                   Cuts: 173     2626         
      0     0       39.0000   377                   Cuts: 393     3360         
Detecting symmetries...
Detecting symmetries...
      0     2       39.0000   251                     39.0000     3360         
Elapsed time = 3.31 sec. (2231.71 ticks, tree = 0.02 MB, solutions = 0)
     66    51       39.0000   241                     39.0000    14073         
    187   163       77.0000   263                     39.0000    27412         
    214   188       79.0000   322                     39.0000    35169         
    396   300       77.0000   314                     39.0000    50952         
    552   463       77.0000   323                     39.0000    63930         
    611   542    infeasible                           39.0000    72156         
    652   582    infeasible                           39.0000    83451         
    769   668       77.0000   305                     39.0000   102360         
    861   704       77.0000   317                     39.0000   110328         
   1275   974       77.0000   243                     39.0000   146252         
Elapsed time = 8.00 sec. (5381.52 ticks, tree = 14.53 MB, solutions = 0)
   1689  1493       77.0000   309                     39.0000   204814         
   2260  1996       77.0000   277                     39.0000   257185         
   2598  2276       77.0000   329                     39.0000   306347         
   3316  2722       40.0000   277                     39.0000   346286         

Performing restart 1

Repeating presolve.
Tried aggregator 1 time.
MIP Presolve eliminated 0 rows and 288 columns.
Reduced MIP has 1313 rows, 10840 columns, and 32302 nonzeros.
Reduced MIP has 10127 binaries, 389 generals, 0 SOSs, and 441 indicators.
Presolve time = 0.01 sec. (15.22 ticks)
Tried aggregator 1 time.
Reduced MIP has 1313 rows, 10840 columns, and 32302 nonzeros.
Reduced MIP has 10127 binaries, 389 generals, 0 SOSs, and 441 indicators.
Presolve time = 0.02 sec. (21.60 ticks)
Represolve time = 0.10 sec. (87.01 ticks)
   3407     0       39.0000   434                   Cuts: 428   380122         
   3407     0       39.0000   532                   Cuts: 407   381560         
   3407     0       39.0000   669                   Cuts: 428   382687         
   3407     0       39.0000   754                   Cuts: 428   385014         
   3407     2       39.0000   548                     39.0000   385014         
   3415    10       39.0000   306                     39.0000   388429         
   3453    21       39.0000   662                     39.0000   394545         
   3510    69       52.0000   483                     39.0000   413159         
   3533   108       43.0000   549                     39.0000   422916         
   3577   146       78.0000   378                     39.0000   449831         
Elapsed time = 25.55 sec. (18841.73 ticks, tree = 0.68 MB, solutions = 0)
   3717   196       77.0000   281                     39.0000   461540         
   3933   336       78.0000   332                     39.0000   478816         
   4242   671    infeasible                           39.0000   512426         
   4290   781       62.0000   435                     39.0000   521867         
   4577   894       84.0000   287                     39.0000   547067         
   4940  1189       87.0000   347                     39.0000   571857         
   5373  1538       87.0000   241                     39.0000   598566         
   5630  1812       81.0000   318                     39.0000   626461         
   5903  1979       79.0000   243                     39.0000   642249         
   5952  2170       78.0000   398                     39.0000   666298         
Elapsed time = 37.23 sec. (28447.04 ticks, tree = 30.99 MB, solutions = 0)
   6001  2231       60.0000   492                     39.0000   699168         
   6318  2381       82.0000   265                     39.0000   715729         
   6807  2717       81.0000   195                     39.0000   746424         
   7094  3116    infeasible                           39.0000   799861         
   7211  3233       74.0000   544                     39.0000   820996         
   7255  3266       77.0000   495                     39.0000   830912         
   7409  3315       83.0000   353                     39.0000   848242         
   7760  3517       78.0000   220                     39.0221   880618         
   8059  3737       77.0000   379                     39.0221   926536         
   8126  4021       83.0000   321                     39.2756   971120         
Elapsed time = 50.79 sec. (38083.95 ticks, tree = 46.35 MB, solutions = 0)
   8186  4051       47.9412   647                     39.2756  1000688         
   8475  4124       78.0000   286                     39.2756  1012309         
   8942  4233       78.0000   331                     40.0000  1035013         
   9518  4627       77.0000   518                     40.0000  1070934         
   9848  4903       85.0000   273                     40.0000  1106858         
   9985  5204       77.0000   345                     40.0000  1133977         
  10104  5495       78.0000   343                     40.0000  1191311         
  10454  5589    infeasible                           40.0000  1199566         

Performing restart 2

Repeating presolve.
Tried aggregator 1 time.
MIP Presolve modified 44 coefficients.
Reduced MIP has 1313 rows, 10840 columns, and 40880 nonzeros.
Reduced MIP has 10127 binaries, 389 generals, 0 SOSs, and 441 indicators.
Presolve time = 0.02 sec. (19.25 ticks)
Tried aggregator 1 time.
Reduced MIP has 1313 rows, 10840 columns, and 40880 nonzeros.
Reduced MIP has 10127 binaries, 389 generals, 0 SOSs, and 441 indicators.
Presolve time = 0.03 sec. (26.19 ticks)
Represolve time = 0.17 sec. (138.07 ticks)
  10575     0       42.1402   974                   Cuts: 428  1253424         
  10575     0       43.0870   994                   Cuts: 428  1258582         
  10575     0       44.1995   990                   Cuts: 428  1262900         
  10575     0       45.0270   969                   Cuts: 428  1267737         
  10575     0       46.0000   985                   Cuts: 428  1271094         
  10575     0       46.3270   942                   Cuts: 428  1278663         
  10575     0       47.0000   945                   Cuts: 428  1282459         
  10575     0       47.4378   937                   Cuts: 428  1289096         
  10575     0       48.0000   911                   Cuts: 428  1292476         
  10575     0       48.3685   931                   Cuts: 428  1299752         
  10575     0       48.6301   912                   Cuts: 428  1300532         
  10575     0       48.8583   917                   Cuts: 428  1301714         
  10575     0       49.0139   925                   Cuts: 428  1302286         
  10575     0       49.2919   918                   Cuts: 428  1303400         
  10575     0       49.4412   945                   Cuts: 428  1304075         
  10575     0       49.6465   939                   Cuts: 428  1304979         
  10575     0       49.7496   956                   Cuts: 428  1305608         
  10575     0       49.9122   965                   Cuts: 428  1306447         
  10575     0       50.1571   941                   Cuts: 428  1307873         
  10575     0       50.2657   957                   Cuts: 428  1308435         
  10575     0       50.4047   966                   Cuts: 428  1309140         
  10575     0       50.5105   969                   Cuts: 428  1310288         
  10575     0       50.5415   975                   Cuts: 428  1310897         
  10575     0       50.5776   998                   Cuts: 428  1311917         
  10575     0       50.6273   992                   Cuts: 428  1312647         
  10575     0       50.7749   976                   Cuts: 428  1314126         
  10575     0       50.8005   977                   Cuts: 428  1314675         
  10575     0       50.8733   995                   Cuts: 428  1315345         
  10575     0       50.9620  1007                   Cuts: 428  1316761         
  10575     0       50.9969  1018                   Cuts: 428  1317615         
  10575     0       51.0293  1030                   Cuts: 428  1318606         
  10575     0       51.0500  1019                   Cuts: 428  1319686         
  10575     0       51.0821  1031                   Cuts: 428  1320654         
  10575     0       51.1088  1042                   Cuts: 428  1321208         
  10575     0       51.2053  1049                   Cuts: 428  1322494         
  10575     0       51.2458  1035                   Cuts: 428  1323401         
  10575     0       51.2682  1041                   Cuts: 428  1323931         
  10575     0       51.3032  1051                   Cuts: 428  1324704         
  10575     0       51.3466  1064                   Cuts: 428  1326277         
  10575     0       51.3516  1060                   Cuts: 428  1326723         
  10575     0       51.4209  1034                   Cuts: 428  1328175         
  10575     0       51.4410  1060                   Cuts: 428  1329335         
  10575     0       51.4620  1048                   Cuts: 428  1329860         
  10575     0       51.4810  1060                   Cuts: 428  1330666         
  10575     0       51.5082  1045                   Cuts: 428  1331756         
  10575     0       51.5097  1061                   Cuts: 428  1332100         
  10575     0       51.5389  1077                   Cuts: 428  1333215         
  10575     0       51.5558  1050                   Cuts: 428  1333872         
  10575     0       51.5928  1070                   Cuts: 428  1334846         
  10575     0       51.6003  1060                   Cuts: 428  1335076         
  10575     0       51.6483  1068                   Cuts: 428  1336267         
  10575     0       51.6625  1066                   Cuts: 428  1336679         
  10575     0       51.6699  1085                   Cuts: 428  1337227         
  10575     2       51.6699  1051                     51.6699  1337227         
  10577     4       51.7708  1001                     51.6699  1338087         
Elapsed time = 157.37 sec. (129796.54 ticks, tree = 0.02 MB, solutions = 0)
  10579     6       77.0000   556                     51.6699  1344603         
  10581     7       77.0000   531                     51.6699  1348139         
  10582     3       51.7165  1012                     51.6699  1338264         
  10585    11       77.0000   565                     51.7165  1357709         
  10589    13       77.0000   573                     51.7165  1365760         
  10590    14       77.0000   555                     51.7165  1369934         
  10593    16       74.0000   645                     51.7165  1382523         
  10596     9       77.0000   550                     51.7165  1354019         
  10599    22       74.0000   619                     51.7165  1404752         
  10604    29       52.4737  1036                     51.7165  1430530         
Elapsed time = 171.87 sec. (145294.79 ticks, tree = 0.06 MB, solutions = 0)
  10609    23       77.0000   576                     51.7165  1412123         
  10612    27       77.0000   594                     51.7165  1421662         
  10620    37       74.0000   576                     51.7165  1460555         
  10634    45       77.0000   538                     51.7165  1472906         
  10647    55       77.0000   534                     51.7165  1498613         
  10658    67       77.0000   514                     51.7165  1503635         
  10670    84       77.0000   571                     51.7165  1520633         
  10688    97       77.0000   500                     51.7165  1525603         
  10705    92       77.0000   525                     51.7165  1524191         
  10725   125       78.0000   528                     51.7165  1549499         
Elapsed time = 183.08 sec. (155628.22 ticks, tree = 1.28 MB, solutions = 0)
  10754   149       77.0000   488                     51.7165  1556108         
  10770   160       77.0000   440                     51.7165  1587309         
  10790   168       77.0000   413                     51.7165  1588311         
  10810   213       77.0000   389                     51.7165  1609936         
  10823   218       77.0000   386                     51.7165  1612112         
  10849   248       77.0000   395                     51.7165  1642491         
  10877   228       78.0000   620                     51.7165  1626348         
  10911   249       77.0000   505                     51.7165  1643550         
  10933   283       78.0000   531                     51.7165  1672987         
  10964   335       78.0000   392                     51.7165  1711144         
Elapsed time = 193.65 sec. (165459.93 ticks, tree = 4.92 MB, solutions = 0)
  10992   352       79.0000   363                     51.7165  1728729         
  11023   372       77.0000   430                     51.7165  1733507         
  11048   397    infeasible                           51.7165  1764030         
  11070   431    infeasible                           51.7165  1798260         
  11081   388       78.0000   566                     51.7165  1746942         
  11086   453       78.0000   608                     51.7165  1817528         
  11092   447       77.0000   461                     51.7165  1816038         
  11100   406       77.0000   661                     51.7165  1789608         
  11107   459       78.0000   562                     51.7165  1828779         
  11118   456       77.0000   670                     51.7165  1831907         
Elapsed time = 205.22 sec. (175442.48 ticks, tree = 7.55 MB, solutions = 0)
  11125   483       78.0000   529                     51.7165  1878987         
  11135   476       77.0000   417                     51.7165  1872806         
  11144   496       77.0000   673                     51.7165  1925241         
  11148   497       77.0000   623                     51.7165  1927903         
  11154   498       77.0000   695                     51.7165  1930595         
  11158   505       77.0000   394                     51.7165  1949898         
  11166   507       77.0000   389                     51.7165  1954637         
  11172   509       77.0000   361                     51.7165  1958937         
  11178   510       77.0000   381                     51.7165  1964550         
  11202   536       77.0000   689                     51.7165  2021256         
Elapsed time = 219.53 sec. (188937.42 ticks, tree = 9.26 MB, solutions = 0)
  11262   599       79.0000   332                     51.7165  2133902         
  11306   611       77.0000   613                     51.7165  2234743         
  11352   617       77.0000   472                     51.7919  2222372         
  11408   630       77.0000   565                     51.7919  2254213         
  11459   806       77.0000   287                     51.7919  2393881         
  11512   819       77.0000   343                     52.2443  2405209         
  11587   845       78.0000   461                     52.2443  2450389         
  11666   893       83.0000   305                     52.2443  2525035         
  11758  1036    infeasible                           52.2443  2656757         
  11815  1087       80.0000   440                     52.2443  2717377         
Elapsed time = 264.51 sec. (227513.59 ticks, tree = 22.31 MB, solutions = 0)
  11847   850       53.0000  1198                     52.2443  2555413         
  11895  1154       77.0000   656                     52.4291  2889377         
  11923  1184       60.4254   908                     52.4291  2928381         
  11963  1241       81.0000   506                     52.4291  3015729         
  12007  1262       81.0000   477                     52.4737  3026522         
  12044  1324       81.0000   397                     52.4737  3134941         
  12079  1224       54.5855  1165                     52.4737  3025111         
  12119  1340       77.0000   633                     52.5739  3214823         
  12159  1412       85.0000   383                     52.5739  3357633         
  12211  1428       77.0000   601                     52.5739  3396954         
Elapsed time = 306.79 sec. (266520.51 ticks, tree = 30.28 MB, solutions = 0)
  12284  1443    infeasible                           53.0000  3453428         
  12338  1533       77.0000   449                     53.0000  3589595         
  12392  1595       78.0000   407                     53.0000  3678171         
  12475  1583       86.0000   484                     53.0000  3648431         
  12512  1701       86.0000   337                     53.0000  3789527         
  12592  1766       86.0000   159                     53.0000  3793763         
  12642  1708       77.0000   782                     53.0000  3845445         
  12666  1735       78.0000   752                     53.0000  3919380         
  12699  1874       77.0000   364                     53.0000  3974712         
  12769  1922       77.0000   345                     53.0000  3985196         
Elapsed time = 347.68 sec. (305453.19 ticks, tree = 43.21 MB, solutions = 0)
  12852  2016       79.0000   307                     53.0000  4119399         
  12930  1975       78.0000   303                     53.0000  4103062         
  12981  2065       57.0000  1081                     53.0000  4198449         
  13007  2067       57.0000  1065                     53.0000  4205189         
  13036  2225       78.0000   499                     53.0000  4378610         
  13069  2238       84.0000   550                     53.5722  4435708         
  13101  2250       84.0000   448                     53.5722  4443502         
  13142  2263       84.0000   451                     53.8500  4453153         
  13187  2329       84.0000   404                     53.8500  4621213         
  13225  2342       78.0000   523                     53.8500  4680329         
Elapsed time = 391.94 sec. (343953.67 ticks, tree = 56.19 MB, solutions = 0)
  13256  2349       78.0000   551                     53.8500  4691612         
  13336  2449       85.0000   291                     53.8500  4864553         
  13444  2391       78.0000   442                     53.8500  4816357         
  13518  2486       78.0000   344                     53.8500  4967235         
  13621  2522       77.0000   522                     53.8500  5050956         
  13695  2696       77.0000   592                     53.8500  5209993         
  13834  2825       85.0000   271                     53.8500  5298204         
  14018  2934       86.0000    99                     53.8500  5304444         
  14083  2878       77.0000   336                     53.9577  5387080         
  14137  2893       78.0000   370                     53.9577  5410628         
Elapsed time = 436.89 sec. (382652.79 ticks, tree = 69.10 MB, solutions = 0)
  14227  2956       77.0000   676                     53.9577  5523336         
  14286  3260       77.0000   324                     54.0000  5718433         
  14398  3313       80.0000   280                     54.0000  5729854         
  14593  3391       85.0000   190                     54.0000  5736034         
  14752  3663       79.0000   273                     54.0000  5993969         
  14941  3746       79.0000   251                     54.0000  6039573         
  15047  3762       77.0000   792                     54.0000  6131529         
  15082  3762       78.0000   427                     54.0000  6109985         
  15149  3776       77.0000   586                     54.0000  6158775         
  15232  4099       78.0000   277                     54.0000  6341443         
Elapsed time = 483.10 sec. (421483.89 ticks, tree = 107.19 MB, solutions = 0)
  15355  4263       78.0000   248                     54.0000  6583364         
  15509  4124       83.0000   456                     56.0000  6461150         
  15695  4323       78.0000   262                     56.0000  6639538         
  15918  4392       85.0000   202                     56.0000  6645205         
  16108  4487       87.0000    63                     56.0000  6714932         
* 16219  4784      integral     0       87.0000       56.0000  6862939   35.63%
  16234  4498       77.0000   817       87.0000       56.0000  6814160   35.63%
  16288  4692       84.0000   369       87.0000       56.0000  6917621   35.63%
  16326  4694       77.0000   751       87.0000       56.0000  6926833   35.63%
  16392  4811       79.0000   299       87.0000       56.0000  7030421   35.63%
  16506  4875       84.0000   267       87.0000       56.0000  7109111   35.63%
Elapsed time = 526.84 sec. (460091.09 ticks, tree = 132.50 MB, solutions = 1)
  16581  4877       77.0000   379       87.0000       56.0000  7171512   35.63%
  16628  4882       60.0000   899       87.0000       56.0000  7117770   35.63%
  16644  4923       56.0000  1109       87.0000       56.0000  7190753   35.63%
  16675  5005       77.0000   570       87.0000       56.0000  7289011   35.63%
  16713  5093       82.0000   440       87.0000       56.0000  7383339   35.63%
  16798  5110       82.0000   450       87.0000       57.0000  7444625   34.48%
  16831  5224       77.0000   776       87.0000       57.0000  7762952   34.48%
  16857  5164       77.0000   632       87.0000       57.5323  7675243   33.87%
  16911  5260       82.0000   340       87.0000       57.5323  7811913   33.87%
  16972  5308       84.0000   284       87.0000       57.5323  7866087   33.87%
Elapsed time = 573.89 sec. (499407.50 ticks, tree = 146.29 MB, solutions = 1)
  17016  5300       77.0000   479       87.0000       57.5323  7901757   33.87%
  17070  5367       77.0000   525       87.0000       57.5323  8086676   33.87%
  17188  5398    infeasible             87.0000       57.5323  8101252   33.87%
  17286  5450       81.0000   365       87.0000       57.5323  8148713   33.87%
  17339  5443       82.0000   462       87.0000       57.5323  8160760   33.87%
  17396  5642       77.0000   514       87.0000       57.5323  8433166   33.87%
  17462  5742       77.0000   740       87.0000       60.0000  8548034   31.03%
  17528  5777       77.0000   413       87.0000       60.0000  8617016   31.03%
  17623  5872       78.6844   419       87.0000       60.0000  8711080   31.03%
  17685  5806       77.0000   720       87.0000       60.0000  8682658   31.03%
Elapsed time = 616.74 sec. (537895.86 ticks, tree = 163.17 MB, solutions = 1)
  17747  5934       81.0000   464       87.0000       60.0000  8780703   31.03%
  17824  6043       77.0000   507       87.0000       60.0000  9001756   31.03%
  17870  6054       82.0000   529       87.0000       60.0000  9039872   31.03%
  17934  6072       79.0000   374       87.0000       60.0000  9023378   31.03%
  18008  6076        cutoff             87.0000       60.0000  9073622   31.03%
  18043  6123       77.0000   526       87.0000       60.0000  9230129   31.03%
  18102  6188       77.0000   585       87.0000       60.0000  9327770   31.03%
  18217  6295       83.0000   497       87.0000       60.0000  9452072   31.03%
  18286  6357       81.0000   523       87.0000       60.0000  9622353   31.03%
  18351  6340       78.0000   424       87.0000       60.0000  9546011   31.03%
Elapsed time = 663.17 sec. (576774.05 ticks, tree = 181.83 MB, solutions = 1)
  18388  6500       77.0000   563       87.0000       60.0000  9831408   31.03%
  18444  6534       81.0000   480       87.0000       60.0000  9868928   31.03%
  18541  6588       85.0000   438       87.0000       60.0000  9925463   31.03%
  18621  6682       83.0000   375       87.0000       60.0000 10013711   31.03%
  18668  6664       77.0000   579       87.0000       60.0000 10075377   31.03%
  18709  6816       79.0000   544       87.0000       60.0000 10254004   31.03%
  18774  6834       79.0000   381       87.0000       60.0000 10267353   31.03%
  18866  6950       77.0000   377       87.0000       60.0000 10440434   31.03%
  18932  6935       85.0000   332       87.0000       60.0000 10408419   31.03%
  18981  6980       82.0000   496       87.0000       60.0000 10483750   31.03%
Elapsed time = 713.75 sec. (615751.91 ticks, tree = 203.67 MB, solutions = 1)
  19000  6979       70.9302   907       87.0000       60.0000 10500414   31.03%
  19037  7002       83.0000   576       87.0000       60.0000 10567283   31.03%
  19078  7019       83.0000   477       87.0000       60.0000 10583082   31.03%
  19180  7116       77.0000   520       87.0000       60.0000 10781310   31.03%
  19256  7126       77.0000   453       87.0000       60.0000 10788641   31.03%
  19292  7253       82.0000   548       87.0000       60.0000 11036816   31.03%
  19325  7264    infeasible             87.0000       60.0000 11058219   31.03%
  19358  7268    infeasible             87.0000       60.0000 11081853   31.03%
  19370  7319       77.0000   697       87.0000       60.0000 11160682   31.03%
  19387  7337       77.0000   579       87.0000       60.0000 11208094   31.03%
Elapsed time = 756.69 sec. (654772.48 ticks, tree = 216.59 MB, solutions = 1)
  19417  7347       77.0000   499       87.0000       60.0000 11223181   31.03%
  19470  7388       83.0000   448       87.0000       60.0000 11288851   31.03%
  19548  7491       83.0000   705       87.0000       60.0000 11595064   31.03%
  19613  7460       77.0000   336       87.0000       60.0000 11453894   31.03%
  19649  7518       83.0000   422       87.0000       60.0000 11607633   31.03%
  19710  7504       85.0000   657       87.0000       60.0000 11594711   31.03%
  19749  7536       77.0000   406       87.0000       60.0000 11728580   31.03%
  19818  7730       77.1566   539       87.0000       60.0000 11946307   31.03%
  19856  7448       60.0000  1073       87.0000       60.0000 11491774   31.03%
  19875  7683       77.0000   788       87.0000       60.0000 11846811   31.03%
Elapsed time = 803.82 sec. (694375.37 ticks, tree = 228.60 MB, solutions = 1)
  19892  7743       79.0000   305       87.0000       60.0000 11954386   31.03%
  19986  7837       81.0000   479       87.0000       60.0000 12097623   31.03%
  20074  7849       79.0000   410       87.0000       60.0000 12062396   31.03%
  20113  7763       78.0000   638       87.0000       60.0000 12007365   31.03%
  20148  7889    infeasible             87.0000       60.0000 12215512   31.03%
  20175  7903       77.0000   735       87.0000       60.0000 12272886   31.03%
  20237  8092       78.0000   254       87.0000       60.0000 12419472   31.03%
  20331  8095       77.0000   513       87.0000       60.0000 12527434   31.03%
  20415  8109    infeasible             87.0000       60.0000 12541330   31.03%
  20457  8086       84.0000   535       87.0000       60.0000 12519162   31.03%
Elapsed time = 850.98 sec. (733189.93 ticks, tree = 243.33 MB, solutions = 1)
  20489  8176       84.0000   500       87.0000       60.0000 12694232   31.03%
  20514  8258       82.0000   805       87.0000       60.0000 12709115   31.03%
  20529  8262       82.0000   591       87.0000       60.0000 12719764   31.03%
  20554  8271       82.0000   485       87.0000       60.0000 12735924   31.03%
  20597  8280       77.0000   826       87.0000       60.0000 12777812   31.03%
  20632  8357       82.0000   523       87.0000       60.0000 12881945   31.03%
  20683  8462       82.0000   561       87.0000       60.0000 13163772   31.03%
  20821  8490       77.0000   488       87.0000       60.0000 13207026   31.03%
  20863  8452       82.0000   534       87.0000       60.0000 13122164   31.03%
  20911  8599       77.0000   914       87.0000       60.0000 13340312   31.03%
Elapsed time = 896.17 sec. (772763.53 ticks, tree = 262.47 MB, solutions = 1)
  20924  8499       77.0000   765       87.0000       60.0000 13270865   31.03%
  20942  8662       78.0000   367       87.0000       60.0000 13478596   31.03%
  20975  8604       77.0000   767       87.0000       60.0000 13367488   31.03%
  21005  8777       85.0000   580       87.0000       60.0000 13787875   31.03%
  21054  8807       77.0000   611       87.0000       60.0000 13845827   31.03%
  21123  8825       85.0000   327       87.0000       60.0000 13812729   31.03%
  21192  8812       84.0000   662       87.0000       60.0000 13889702   31.03%
* 21198+ 8831                           86.0000       60.0000            30.23%
  21245  8497       79.0000   287       86.0000       60.0000 13958312   30.23%
  21387  8490       77.0000   463       86.0000       60.0000 13995957   30.23%
  21478  8845       77.0000   440       86.0000       60.0000 13961676   30.23%
Elapsed time = 942.69 sec. (811459.94 ticks, tree = 271.56 MB, solutions = 2)
  21532  8518    infeasible             86.0000       60.0000 14027913   30.23%
  21556  8566       77.0000   608       86.0000       60.0000 14067660   30.23%
* 21560+ 8846                           84.0000       60.0000            28.57%
  21578  8572       77.0000   638       84.0000       60.0000 14083077   28.57%
  21599  7579       77.0000   514       84.0000       60.0000 14393564   28.57%
  21622  7587       77.0000   583       84.0000       60.0000 14455168   28.57%
  21640  8754       77.0000   664       84.0000       60.0000 14277589   28.57%
  21669  7629       77.0000   478       84.0000       60.0000 14609107   28.57%
  21715  7595       77.0000   574       84.0000       60.0000 14522395   28.57%
  21732  7679       82.0000   598       84.0000       60.0000 14822671   28.57%
  21754  7681    infeasible             84.0000       60.0000 14843422   28.57%
Elapsed time = 986.38 sec. (851063.79 ticks, tree = 238.12 MB, solutions = 3)
  21792  7681       79.0000   574       84.0000       60.0000 14741896   28.57%
  21826  7812       79.0000   464       84.0000       60.0000 15123377   28.57%
  21855  7821       79.0000   493       84.0000       60.0000 15140296   28.57%
  21900  7840       82.0000   445       84.0000       60.0000 15182394   28.57%
  21923  7784       77.0000   546       84.0000       60.0000 15094812   28.57%
  21960  7796       77.0000   448       84.0000       60.0000 15108331   28.57%
  22004  7849       77.0000   618       84.0000       60.0000 15275434   28.57%
  22060  7861       77.0000   401       84.0000       60.0000 15289320   28.57%
  22128  7914       77.0000   451       84.0000       60.0000 15496365   28.57%
  22175  7972       77.0000   526       84.0000       60.0000 15632241   28.57%
Elapsed time = 1033.67 sec. (890251.56 ticks, tree = 248.87 MB, solutions = 3)
  22221  7981       77.0000   420       84.0000       60.0000 15646927   28.57%
  22265  8002       79.0000   365       84.0000       60.0000 15658787   28.57%
  22324  8031       79.0000   306       84.0000       60.0000 15665649   28.57%
  22365  8171       81.0000   537       84.0000       62.0000 16119359   26.19%
  22440  8225       81.0000   237       84.0000       62.0000 16126094   26.19%
  22566  8073       77.0000   846       84.0000       62.0000 15924127   26.19%
  22599  8304       81.0000   553       84.0000       62.0000 16408072   26.19%
  22672  8337       78.0000   381       84.0000       62.0000 16471975   26.19%
  22737  8310       77.0000   404       84.0000       62.1948 16398391   25.96%
  22783  8486       83.0000   608       84.0000       62.1948 16541460   25.96%
Elapsed time = 1077.98 sec. (928929.34 ticks, tree = 268.80 MB, solutions = 3)
  22808  8517       83.0000   728       84.0000       62.1948 16626524   25.96%
  22840  8495    infeasible             84.0000       62.1948 16566024   25.96%
  22873  8534       83.0000   579       84.0000       62.1948 16653798   25.96%
  22912  8545       77.0000   572       84.0000       63.0000 16715415   25.00%
  22943  8678       77.0000   602       84.0000       63.0000 16984795   25.00%
  22975  8682       77.0000   542       84.0000       63.0000 16997049   25.00%
  23017  8688       77.0000   476       84.0000       63.0000 17010138   25.00%
  23067  8769       77.0000   516       84.0000       63.0000 17210642   25.00%
  23108  8784       78.0000   376       84.0000       63.0000 17225506   25.00%
  23176  8818       80.0000   278       84.0000       63.0000 17229979   25.00%
Elapsed time = 1126.42 sec. (968386.15 ticks, tree = 281.28 MB, solutions = 3)
* 23184+ 8819                           83.0000       63.0000            24.10%
  23205  8831       77.0000   423       83.0000       63.0000 17392116   24.10%
  23233  8458       77.0000   544       83.0000       63.0000 17651165   24.10%
  23284  8428       77.0000   646       83.0000       63.0000 17593732   24.10%
  23320  8482       77.0000   419       83.0000       63.0000 17682030   24.10%
  23370  8493       78.0000   471       83.0000       63.0000 17699385   24.10%
  23414  8457       77.0000   329       83.0000       63.0000 17631221   24.10%
  23477  8540       77.0000   538       83.0000       63.0000 17967387   24.10%
  23533  8609       77.0000   619       83.0000       63.0000 18109816   24.10%
  23565  8625       77.0000   381       83.0000       63.0000 18119213   24.10%
  23584  8627       77.0000   714       83.0000       63.0000 18130397   24.10%
Elapsed time = 1170.91 sec. (1007683.99 ticks, tree = 274.82 MB, solutions = 5)
  23622  8698       77.0000   808       83.0000       63.0000 18339136   24.10%
  23669  8725       77.0000   466       83.0000       63.0000 18381382   24.10%
  23720  8751    infeasible             83.0000       63.0000 18460965   24.10%
  23766  8845       77.0000   709       83.0000       63.0000 18589931   24.10%
  23821  8861       77.0000   547       83.0000       63.0000 18598192   24.10%
  23875  8887       77.0000   512       83.0000       63.0000 18607337   24.10%
  23933  8898       78.0000   474       83.0000       63.0000 18720918   24.10%
  23975  8960        cutoff             83.0000       63.0000 18806792   24.10%
  23997  8886       77.0000   542       83.0000       63.0000 18688347   24.10%
  24021  9019       77.0000   470       83.0000       63.0000 18916082   24.10%
Elapsed time = 1214.96 sec. (1046880.85 ticks, tree = 289.79 MB, solutions = 5)
  24089  9162       79.0000   355       83.0000       63.0000 19088138   24.10%
  24124  9164       77.0000   524       83.0000       63.0000 19157727   24.10%
  24222  9235        cutoff             83.0000       63.0000 19246508   24.10%
  24314  9179       77.0000   777       83.0000       63.0390 19172094   24.05%
  24349  9226    infeasible             83.0000       63.0390 19207733   24.05%
  24397  9319       81.0000   649       83.0000       63.0390 19353681   24.05%
  24488  9389       81.0000   290       83.0000       63.0390 19390073   24.05%
  24539  9232       77.0000   767       83.0000       63.0390 19229324   24.05%
  24602  9558    infeasible             83.0000       63.0419 19625487   24.05%
  24674  9531    infeasible             83.0000       63.0419 19587732   24.05%
Elapsed time = 1260.44 sec. (1085655.52 ticks, tree = 308.96 MB, solutions = 5)
  24788  9490       82.0000   490       83.0000       63.0419 19559639   24.05%
  24840  9568       77.0000   685       83.0000       63.0419 19648560   24.05%
  24872  9586       81.0000   419       83.0000       64.0000 19654327   22.89%
  24919  9450       64.0000  1064       83.0000       64.0000 19534959   22.89%
  24967  9640       77.0000   387       83.0000       64.0000 19755683   22.89%
  25054  9649       77.0000   414       83.0000       64.0000 19774680   22.89%
  25100  9875       82.0000   526       83.0000       64.0000 19966732   22.89%
  25137  9653       66.0000   816       83.0000       64.0000 19802291   22.89%
  25179  9954       77.0000   602       83.0000       64.0000 20042489   22.89%
  25220  9972       79.0000   484       83.0000       64.0000 20049372   22.89%
Elapsed time = 1303.20 sec. (1124993.43 ticks, tree = 325.88 MB, solutions = 5)
  25288 10004       80.0000   486       83.0000       64.0000 20148643   22.89%
  25362 10194       77.0000   703       83.0000       64.0000 20556849   22.89%
  25411 10059       77.0000   667       83.0000       64.0000 20391677   22.89%
  25462 10064       77.0000   564       83.0000       64.0000 20400471   22.89%
  25517 10199       77.0000   634       83.0000       64.0000 20587101   22.89%
  25557 10262       77.0000   532       83.0000       64.0000 20631999   22.89%
  25609 10203       77.0000   752       83.0000       64.0000 20605782   22.89%
  25712 10339       79.0000   215       83.0000       64.0000 20647575   22.89%
  25757 10438       77.0000   460       83.0000       66.0000 20812968   20.48%
  25844 10428       80.0000   458       83.0000       66.0000 20776802   20.48%
Elapsed time = 1350.61 sec. (1163467.42 ticks, tree = 342.87 MB, solutions = 5)
  25928 10359       79.0000   704       83.0000       66.0000 20695546   20.48%
  25974 10595       77.0000   561       83.0000       66.0000 21079491   20.48%
  26063 10602       77.0000   526       83.0000       66.0000 21093811   20.48%
  26181 10793       79.0000   326       83.0000       66.0000 21151811   20.48%
  26267 10627       77.0000   344       83.0000       66.0000 21122657   20.48%
  26364 10976       77.0000   378       83.0000       66.0000 21489256   20.48%
  26413 10982       77.0000   379       83.0000       66.0000 21497483   20.48%
  26467 10954       66.0000   921       83.0000       66.0000 21418975   20.48%
  26514 10840       77.0000   592       83.0000       66.0000 21229732   20.48%
  26554 10858    infeasible             83.0000       66.0000 21238596   20.48%
Elapsed time = 1396.43 sec. (1202151.26 ticks, tree = 359.67 MB, solutions = 5)
  26609 11014       77.0000   433       83.0000       66.0000 21530632   20.48%
  26673 11406    infeasible             83.0000       66.0000 21923565   20.48%
  26722 11273       77.0000   804       83.0000       66.0000 21790884   20.48%
  26805 11460       82.0000   348       83.0000       66.0000 21975144   20.48%
  26886 11207       77.0000   678       83.0000       66.0000 21722172   20.48%
  26946 11229       77.0000   688       83.0000       66.0000 21755719   20.48%
  27012 11239       77.0000   577       83.0000       66.0000 21764398   20.48%
  27055 11492       77.0000   878       83.0000       66.0000 22048919   20.48%
  27089 11617       77.0000   510       83.0000       66.0000 22161808   20.48%
  27135 11640       77.0000   381       83.0000       66.0000 22167584   20.48%
Elapsed time = 1438.71 sec. (1240749.97 ticks, tree = 389.10 MB, solutions = 5)
  27191 11695       77.0000   778       83.0000       66.0000 22339487   20.48%
  27283 11630       77.0000   430       83.0000       66.0000 22241919   20.48%
  27380 11840       80.0000   249       83.0000       66.0000 22471963   20.48%
  27496 11757       77.0000   417       83.0000       66.0000 22443289   20.48%
  27583 11902       82.0000   139       83.0000       66.0000 22473307   20.48%
  27723 12052       77.0000   508       83.0000       66.0000 22856243   20.48%
  27799 12060       77.0000   460       83.0000       66.0000 22870793   20.48%
  27850 11894       77.0000   649       83.0000       66.0000 22622434   20.48%
  27887 11993       79.0000   507       83.0000       66.0000 22681874   20.48%
  27945 12024       79.0000   256       83.0000       66.0000 22692403   20.48%
Elapsed time = 1485.19 sec. (1279650.93 ticks, tree = 403.91 MB, solutions = 5)
  28000 12063       77.0000   411       83.0000       72.0000 22841231   13.25%
  28085 12545       79.0000   164       83.0000       72.0000 23227941   13.25%
  28214 12608       81.0000   513       83.0000       72.0000 23405968   13.25%
  28277 12310       78.0000   354       83.0000       72.0000 22988671   13.25%
  28363 12494       79.0000   274       83.0000       72.0000 23185397   13.25%
  28513 12599       79.0000    55       83.0000       72.0000 23187739   13.25%
  28564 12576       79.0000   495       83.0000       72.0000 23346232   13.25%
  28591 12607       77.0000   705       83.0000       72.0000 23202691   13.25%
  28645 12601        cutoff             83.0000       72.0000 23361145   13.25%
  28712 12695       77.0000   640       83.0000       72.0000 23591933   13.25%
Elapsed time = 1527.50 sec. (1318163.98 ticks, tree = 429.02 MB, solutions = 5)
  28812 13092       77.0000   316       83.0000       72.0000 23858818   13.25%
  28874 12746       78.0000   396       83.0000       72.0000 23738342   13.25%
  28939 13157       79.0000   353       83.0000       72.0000 23992659   13.25%
  29013 13062       77.0000   375       83.0000       72.0000 23832746   13.25%
  29133 12775       77.0000   549       83.0000       72.0000 23778644   13.25%
  29218 13174       81.0000   453       83.0000       72.0000 24073640   13.25%
  29306 13203       77.0000   333       83.0000       72.0000 24044816   13.25%
  29376 13257       82.0000   199       83.0000       72.0000 24054550   13.25%
* 29430+13689                           82.0000       72.0000            12.20%
  29444 13261       77.0000   566       82.0000       72.0000 24186901   12.20%
  29469 13311       77.0000   746       82.0000       72.0000 24287487   12.20%
Elapsed time = 1573.20 sec. (1356929.80 ticks, tree = 452.30 MB, solutions = 6)
  29509 13408       77.0000   581       82.0000       72.0000 24517091   12.20%
  29562 13416       77.0000   545       82.0000       72.0000 24530868   12.20%
  29602 13421       77.0000   458       82.0000       74.0000 24544912    9.76%
  29637 12703       79.0000   565       82.0000       74.0000 24971281    9.76%
  29680 12712    infeasible             82.0000       74.0000 24990304    9.76%
  29724 12778       77.0000   732       82.0000       74.0000 25227556    9.76%
  29752 12779       77.0000   753       82.0000       74.0000 25237298    9.76%
  29791 12736       79.0000   494       82.0000       74.0000 25035545    9.76%
  29829 12781       77.0000   713       82.0000       74.0000 25258438    9.76%
  29856 12855       78.0000   386       82.0000       74.0000 25425737    9.76%
Elapsed time = 1619.76 sec. (1395719.85 ticks, tree = 435.39 MB, solutions = 6)
  29878 12791       77.0000   450       82.0000       74.0000 25224056    9.76%
  29907 12795       77.0000   568       82.0000       74.0000 25241258    9.76%
  29930 12868       77.0000   539       82.0000       74.0000 25485196    9.76%
Starting limited solution polishing.
  29957 13001       77.0000   618       82.0000       74.0000 25948568    9.76%
  29994 13007       78.0000   464       82.0000       74.0000 25885962    9.76%
  30051 13041       78.0000   370       82.0000       74.0000 26054498    9.76%
  30111 12924       77.0000   368       82.0000       74.0000 25600088    9.76%
  30159 12958       78.0000   199       82.0000       74.0000 25608239    9.76%
  30235 13111       78.0000   339       82.0000       74.0000 26213802    9.76%
  30312 13124       78.0000   299       82.0000       74.0000 26226811    9.76%
Elapsed time = 1665.19 sec. (1434466.63 ticks, tree = 442.44 MB, solutions = 6)
  30373 13130       78.0000   314       82.0000       74.0000 26282915    9.76%
  30456 13362       77.0000   584       82.0000       74.0000 26659136    9.76%
  30468 13293       77.0000   755       82.0000       74.0000 26512800    9.76%
  30498 13272       77.0000   333       82.0000       74.0000 26421208    9.76%
  30574 13289       77.0000   427       82.0000       74.0000 26374476    9.76%
  30648 13153       77.0000   933       82.0000       74.0000 26316268    9.76%
  30665 13304       74.0000   920       82.0000       74.0000 26438272    9.76%
  30678 13401       77.0000   515       82.0000       74.0000 26767937    9.76%
  30710 13420       77.0000   422       82.0000       74.0000 26777383    9.76%
  30754 13558       77.0000   515       82.0000       74.0000 26925839    9.76%
Elapsed time = 1712.12 sec. (1473810.15 ticks, tree = 451.60 MB, solutions = 6)
  30803 13704       77.0000   647       82.0000       74.0000 27170201    9.76%
  30838 13712       77.0000   518       82.0000       74.0000 27180129    9.76%
  30885 13454       77.0000   405       82.0000       74.0000 26874839    9.76%
  30938 13689       77.0000   326       82.0000       74.0000 27136099    9.76%
  31000 13499       77.0000   749       82.0000       74.0000 26952875    9.76%
  31016 13722       77.0000   831       82.0000       74.0000 27151954    9.76%
  31052 13725       77.0000   825       82.0000       74.0000 27159218    9.76%
  31107 13742       79.0000   399       82.0000       74.0000 27218585    9.76%
  31199 13777       77.0000   327       82.0000       74.0000 27282516    9.76%
  31292 13802       81.0000   262       82.0000       74.0000 27289498    9.76%
Elapsed time = 1755.66 sec. (1512667.89 ticks, tree = 460.69 MB, solutions = 6)
  31329 14040       77.0000   618       82.0000       74.0000 27724396    9.76%
  31358 13811       77.0000   622       82.0000       74.0000 27305066    9.76%
  31403 14006       77.0000   430       82.0000       74.0000 27690817    9.76%
  31460 13950       77.0000   631       82.0000       74.0000 27549267    9.76%
  31504 14001       77.0000   462       82.0000       74.0000 27601902    9.76%
  31568 14011       77.0000   429       82.0000       74.0000 27614381    9.76%
  31610 14174       77.0000   849       82.0000       74.0000 27948517    9.76%
  31670 14208       77.0000   368       82.0000       74.0000 27864318    9.76%
  31749 14241       77.0000   241       82.0000       74.0000 27869027    9.76%
  31838 14241       77.0000   421       82.0000       74.0000 28020887    9.76%
Elapsed time = 1800.01 sec. (1551280.85 ticks, tree = 477.87 MB, solutions = 6)

GUB cover cuts applied:  2023
Clique cuts applied:  56
Cover cuts applied:  131
Implied bound cuts applied:  433
Flow cuts applied:  79
Mixed integer rounding cuts applied:  676
Zero-half cuts applied:  59
Gomory fractional cuts applied:  20

Root node processing (before b&c):
  Real time             =    3.29 sec. (2215.32 ticks)
Parallel b&c, 8 threads:
  Real time             = 1796.73 sec. (1552664.22 ticks)
  Sync time (average)   =  190.33 sec.
  Wait time (average)   =    0.06 sec.
                          ------------
Total (root+branch&cut) = 1800.01 sec. (1554879.54 ticks)
! --------------------------------------------------------
! Status: FEASIBLE (time limit or other stopping criterion reached)
! Best span = 82
! Labeling: 9 11 63 42 10 59 43 1 3 41 40 47 76 78 22 25 54 65 78 20 82 45 77 68 49 64 2 82 39 15 33 1 26 41 2 71 12 82 70 5 39 57 73 79 50 56 60 82 39 16 24 36 21 39 48 76 55 39 40 82 39 72 67 62 8 29 81 44 35 41 37 39 17 66 81 80 40 74 19 13 80 7 18 44 39 39 30 1 75 79 58 77 1 82 38 46 1 34 42 69 51 4 32 52 44 53 14 40 39 6 1 61 31 1 27 23 28 
! --------------------------------------------------------
! All verification passed
