! Solving for graph /home/truongxuanhieu/CPLEX-MIP-for-MinSpanLabeling/benchmarks/abp/N-bcsstk07.mtx.rnd
! Target value is set to 25
! Lower bound is set to 26
! Upper bound is set to 315
! Time limit is set to 1800
! Vertices mode is set to No hole
! Target value mode is set to Antibandwidth
Version identifier: 22.2.0.0 | 2026-05-04 | 5dff98e58
CPXPARAM_TimeLimit                               1800
Tried aggregator 2 times.
MIP Presolve eliminated 3722 rows and 997 columns.
MIP Presolve modified 264312 coefficients.
Aggregator did 8700 substitutions.
Reduced MIP has 17296 rows, 148284 columns, and 440998 nonzeros.
Reduced MIP has 136283 binaries, 4141 generals, 0 SOSs, and 7860 indicators.
Presolve time = 0.46 sec. (1098.82 ticks)
Probing time = 0.60 sec. (302.69 ticks)
Tried aggregator 2 times.
Detecting symmetries...
Aggregator did 4 substitutions.
Reduced MIP has 17292 rows, 148280 columns, and 440994 nonzeros.
Reduced MIP has 136283 binaries, 4557 generals, 0 SOSs, and 7860 indicators.
Presolve time = 0.39 sec. (355.56 ticks)
Probing time = 0.07 sec. (32.47 ticks)
Clique table members: 8728.
MIP emphasis: balance optimality and feasibility.
MIP search method: dynamic search.
Parallel mode: deterministic, using up to 8 threads.
Root relaxation solution time = 0.80 sec. (491.92 ticks)

        Nodes                                         Cuts/
   Node  Left     Objective  IInf  Best Integer    Best Bound    ItCnt     Gap

      0     0       26.0000  2309                     26.0000     4479         
      0     0       26.0000  4939                  Cuts: 4423     8480         
      0     0       26.0000  4803                  Cuts: 4423    10520         
      0     0       26.0000  4862                  Cuts: 4423    13246         
      0     2       26.0000  4862                     26.0000    13246         
Elapsed time = 17.91 sec. (19934.41 ticks, tree = 0.02 MB, solutions = 0)
      4     3       26.0000  4833                     26.0000    13259         
      9     9       26.0000  4691                     26.0000    16710         
     15     5       26.0000  4638                     26.0000    13711         
     26    11       26.0000  4350                     26.0000    21262         
     36    30       26.0000  3877                     26.0000    31569         
     56    40       26.0000  3827                     26.0000    32872         
     89    57       26.0000  4453                     26.0000    38510         
    143   116       26.0000  4107                     26.0000    48590         
    178   137       26.0000  3821                     26.0000    49875         
    375   286       26.0000  3946                     26.0000    79822         
Elapsed time = 22.56 sec. (23281.07 ticks, tree = 11.54 MB, solutions = 0)
    478   455    infeasible                           26.0000   112796         
    490   485       51.0000  3760                     26.0000   117151         
    527   507      119.0000  2784                     26.0000   124705         
    583   549      101.0000  2860                     26.0000   128086         
    670   599       76.0000  3309                     26.0000   135234         
    782   663       51.0000  3844                     26.0000   144895         
    922   740      101.0000  2628                     26.0000   150073         
   1129   955       76.0000  3345                     26.0000   161111         
   1356  1078      126.0000  2529                     26.0000   170228         
   1557  1232      126.0000  2569                     26.0000   177050         
Elapsed time = 38.58 sec. (33023.54 ticks, tree = 63.86 MB, solutions = 0)
   1722  1437       51.9952  4431                     26.0000   199079         
   1881  1715       51.0000  4115                     26.0000   210691         
   2038  1804      151.0000  2494                     26.0000   220515         
   2197  2002      151.0000  2703                     26.0000   233280         
   2343  2019       76.0000  2991                     26.0000   242652         
   2487  2256       76.0000  3028                     26.0000   258533         
   2662  2379      126.0000  2823                     26.0000   263987         
   2847  2486      151.0000  2351                     26.0000   270993         
   3051  2689      101.0000  3021                     26.0000   289813         
   3213  2929      176.0000  2392                     26.0000   302086         
Elapsed time = 51.31 sec. (42607.15 ticks, tree = 164.00 MB, solutions = 0)
   3360  3036       76.0000  3009                     26.0000   309797         
   3462  3130      101.0000  2949                     26.0000   316857         
   3585  3234      101.0000  2738                     26.0000   337663         
   3671  3365      151.0000  2642                     26.0000   343788         
   3789  3465      101.0000  2841                     26.0000   351216         
   3906  3570      101.0000  2886                     26.0000   361100         
   3996  3681      101.0000  2628                     26.0000   364507         
   4097  3799      151.0000  2544                     26.0000   370547         
   4186  3856      151.0000  2430                     26.0000   379977         
   4294  3942       76.0000  3111                     26.0000   387865         
Elapsed time = 63.87 sec. (52221.51 ticks, tree = 220.33 MB, solutions = 0)
   4398  4090      151.0000  2523                     26.0000   399728         
   4482  4126      101.0000  2612                     26.0000   403560         
   4594  4209      101.0000  2900                     26.0000   416364         
   4705  4333      126.0000  2320                     26.0000   427430         
   4813  4426       76.0000  3018                     26.0000   437060         
   4907  4595      126.0000  2540                     26.0000   453644         
   5009  4626      126.0000  2413                     26.0000   455294         
   5128  4735      126.0000  2317                     26.0000   459955         
   5256  4831      126.0000  2258                     26.0000   465661         
   5369  4996      126.0000  2208                     26.0000   476412         
Elapsed time = 75.40 sec. (61824.21 ticks, tree = 279.81 MB, solutions = 0)
   5463  5106      126.0000  2121                     26.0000   483403         
   5546  5129       76.0000  2770                     26.0000   489236         
   5652  5298      126.0000  2023                     26.0000   498150         
   5745  5384    infeasible                           26.0000   502195         
   5862  5435      101.0000  2274                     26.0000   511118         
   5976  5566      101.0000  2595                     26.0000   517823         
   6103  5690      101.0000  2444                     26.0000   532311         
   6242  5770      101.0000  2667                     26.0000   538700         
   6342  5950      126.0000  2529                     26.0000   550971         
   6509  6009      101.0000  2505                     26.0000   553843         
Elapsed time = 86.81 sec. (71392.27 ticks, tree = 336.36 MB, solutions = 0)
   6637  6187      126.0000  2361                     26.0000   561416         
   6782  6323      126.0000  2504                     26.0000   568429         
   6892  6443      151.0000  2351                     26.0000   578188         
   7022  6518       76.0000  2697                     26.0000   592128         
   7141  6648      151.0000  2214                     26.0000   653139         
   7240  6830      101.0000  2797                     26.0000   670031         
   7326  6865       76.0000  2693                     26.0000   675873         
   7371  6872    infeasible                           26.0000   720394         
   7401  7046       76.0000  2741                     26.0000   735672         
   7498  7074      126.0000  2338                     26.0000   735884         
Elapsed time = 108.15 sec. (84168.64 ticks, tree = 413.51 MB, solutions = 0)
   7590  7092      151.0000  2329                     26.0000   738605         
   7659  7225      126.0000  2438                     26.0000   746231         
   7756  7318      126.0000  2385                     26.0000   755693         
   7892  7298      101.0000  2791                     26.0000   755484         
   7975  7451      151.0000  1968                     26.0000   761749         
   7999  3523      315.0000  2853                     26.0000   400487         
   8000  3151      315.0000  3583                     26.0000   377276         

Performing restart 1

Repeating presolve.
Tried aggregator 1 time.
Reduced MIP has 17292 rows, 148280 columns, and 440994 nonzeros.
Reduced MIP has 136283 binaries, 4557 generals, 0 SOSs, and 7860 indicators.
Presolve time = 0.18 sec. (188.50 ticks)
Tried aggregator 1 time.
Reduced MIP has 17292 rows, 148280 columns, and 440994 nonzeros.
Reduced MIP has 136283 binaries, 4557 generals, 0 SOSs, and 7860 indicators.
Presolve time = 0.32 sec. (282.05 ticks)
Represolve time = 1.47 sec. (974.47 ticks)
   8002     0       26.0000  5824                  Cuts: 4423   895669         
   8002     0       26.0000  5834                  Cuts: 4423   899175         
   8002     0       26.0000  6080                  Cuts: 4423   902373         
   8002     0       26.0000  6128                  Cuts: 4021   907268         
   8002     2       26.0000  5695                     26.0000   907268         
   8009     8       51.0000  4669                     26.0000   910703         
   8041    22       64.0000  3335                     26.0000   918123         
Elapsed time = 205.00 sec. (209680.66 ticks, tree = 0.55 MB, solutions = 0)
   8068    58       51.0000  4163                     26.0000   927703         
   8132    91       51.0000  4465                     26.0000   932688         
   8244   126       53.0000  4009                     26.0000   945956         
   8389   228       96.0000  2906                     26.0000   961814         
   8606   415       96.0000  2848                     26.0000   971344         
   8921   631      101.0000  3376                     26.0000   987437         
   9251  1055       96.0000  2760                     26.0000   990979         
   9513  1291       77.0000  2672                     26.0000   994466         
   9738  1470      101.0000  2511                     26.0000  1000826         
   9968  1670      101.0000  2631                     26.0000  1009218         
Elapsed time = 218.83 sec. (219259.10 ticks, tree = 82.95 MB, solutions = 0)
  10180  1967      144.0000  2451                     26.0000  1021208         
  10372  2171       76.0000  3534                     26.0000  1040860         
  10513  2234      101.0000  2688                     26.0000  1048135         
  10655  2438      104.0000  3080                     26.0000  1096146         
  10810  2528      144.0000  2285                     26.0000  1117766         
  10916  2504      127.0000  3063                     26.0000  1109150         
  10917  2648    infeasible                           26.0000  1135771         
  10922  2694      126.0000  2864                     26.0000  1139175         
  10932  2717       54.3155  4777                     26.0000  1148694         
  11105  2818      126.0000  2805                     26.0000  1173755         
Elapsed time = 245.46 sec. (233754.01 ticks, tree = 145.11 MB, solutions = 0)
  11701  3234      127.0000  2510                     26.0000  1197810         
  12253  3768      159.0000  2034                     26.0000  1261836         
  12534  4122      140.0000  2518                     26.0000  1324927         
  12869  4365      105.0000  3205                     26.9341  1406779         
  13237  4656      146.0000  2214                     26.9341  1482640         
  13250  4680      151.0000  2803                     26.9341  1485987         

Performing restart 2

Repeating presolve.
Tried aggregator 1 time.
Reduced MIP has 17292 rows, 148280 columns, and 456969 nonzeros.
Reduced MIP has 136283 binaries, 4557 generals, 0 SOSs, and 7860 indicators.
Presolve time = 0.19 sec. (194.74 ticks)
Tried aggregator 1 time.
Reduced MIP has 17292 rows, 148280 columns, and 456969 nonzeros.
Reduced MIP has 136283 binaries, 4557 generals, 0 SOSs, and 7860 indicators.
Presolve time = 0.34 sec. (278.53 ticks)
Represolve time = 3.18 sec. (2974.93 ticks)
  13257     0       26.0179  6876                  Cuts: 4423  1546119         
  13257     0       27.0000  6232                  Cuts: 4423  1551413         
  13257     0       27.0000  6184                  Cuts: 4423  1555048         
  13257     0       27.0000  6207                  Cuts: 4423  1558456         
  13257     0       27.0000  6180                  Cuts: 4423  1564609         
  13257     0       27.3124  6251                  Cuts: 4423  1568464         
  13257     0       28.0000  6148                  Cuts: 4423  1571939         
  13257     0       29.9001  6358                  Cuts: 4423  1574604         
  13257     0       32.5104  6358                  Cuts: 3894  1578051         
  13257     0       33.1862  6338                  Cuts: 3548  1582529         
  13257     0       38.5000  6241                  Cuts: 3799  1587910         
  13257     0       38.5000  6297                  Cuts: 3213  1593272         
  13257     0       38.5000  6080                  Cuts: 3134  1599541         
  13257     0       38.5000  6043                  Cuts: 4423  1603797         
  13257     0       38.5000  6215                  Cuts: 4423  1608637         
  13257     0       38.5000  5944                  Cuts: 3457  1614444         
  13257     0       38.5000  5949                  Cuts: 4423  1618371         
  13257     0       38.5000  5943                  Cuts: 3886  1623671         
  13257     2       38.5000  5227                     38.5000  1623671         
  13267    12       51.0000  4458                     38.5000  1625088         
  13290    35       92.0000  3199                     38.5000  1628873         
  13347    89       89.0000  3141                     38.5000  1632189         
Elapsed time = 787.86 sec. (909478.92 ticks, tree = 3.95 MB, solutions = 0)
  13405   135       76.0000  3267                     38.5000  1638879         
  13541   228       76.0000  3052                     38.5000  1651471         
  13704   363      157.0000  2945                     38.5000  1676157         
  13919   520       94.0000  3453                     38.5000  1692079         
  14144   706      114.0000  2988                     38.5000  1699828         
  14324   962      102.0000  2859                     38.5000  1708307         
  14431  1040      181.0000  2895                     39.0000  1713593         
  14559  1155      123.0000  3030                     39.0000  1730860         
  14791  1365       87.0000  3309                     39.0000  1750963         
  14903  1518      119.0000  3163                     39.0000  1771897         
Elapsed time = 872.34 sec. (947949.92 ticks, tree = 78.64 MB, solutions = 0)
  14942  1543       77.0000  4658                     39.0000  1789122         
  14997  1577    infeasible                           39.0000  1813718         
  15069  1689      162.0000  3068                     39.0000  1850840         
  15219  1744      150.0000  3207                     39.0000  1853287         
  15433  1891      150.0000  3212                     39.0000  1872045         
  15568  2133      169.0000  3148                     39.0000  1914370         
  15595  2157      169.0000  3004                     39.0000  1917591         
  15623  2180      169.0000  2703                     39.0000  1922526         
  15649  2193      164.0000  3485                     39.0000  1975801         
  15682  2222      176.0000  3019                     39.0000  1988154         
Elapsed time = 942.47 sec. (986878.64 ticks, tree = 118.76 MB, solutions = 0)
  15726  2270    infeasible                           39.0000  2008288         
  15783  2392      141.0000  3084                     39.0000  2065511         
  15876  2438       76.0000  4287                     39.0000  2113037         
  15997  2500      176.0000  2936                     39.0000  2116556         
  16144  2648       76.0000  4008                     39.0000  2180496         
  16303  2738      108.0000  3196                     39.0000  2189651         
  16413  2870      108.0000  3292                     39.0000  2216956         
  16540  3021    infeasible                           39.0000  2243363         
  16641  3175      102.0000  3035                     39.0000  2264693         
  16730  3228      126.0000  3002                     39.0000  2289548         
Elapsed time = 1014.15 sec. (1025321.47 ticks, tree = 177.06 MB, solutions = 0)
  16812  3265      127.0000  3325                     39.0000  2297007         
  16921  3357      126.0000  3117                     39.0000  2316197         
  17028  3513      127.0000  3107                     39.0000  2337341         
  17115  3573      190.0000  3076                     39.0000  2346162         
  17202  3698      190.0000  3000                     39.0000  2380895         
  17289  3750      102.0000  2953                     39.0000  2387813         
  17383  3882      192.0000  2773                     39.0000  2428725         
  17449  3917       76.0000  3486                     39.0000  2440238         
  17516  4003      151.0000  3127                     39.0000  2459337         
  17608  4045      107.0000  3189                     39.0000  2478487         
Elapsed time = 1096.58 sec. (1063791.66 ticks, tree = 224.93 MB, solutions = 0)
  17696  4148      126.0000  2956                     39.0000  2496546         
  17792  4242      126.0000  3205                     39.0000  2499189         
  17877  4346      151.0000  2787                     39.0000  2508017         
  17953  4425      132.0000  3020                     39.0000  2513183         
  18033  4480    infeasible                           39.0000  2520940         
  18102  4544    infeasible                           39.0000  2530876         
  18129  4616       51.0000  4840                     39.0000  2547726         
  18159  4636       76.0000  3459                     39.0000  2557218         
  18201  4664      126.0000  3369                     39.0000  2575283         
  18258  4740      126.0000  3172                     39.0000  2587801         
Elapsed time = 1164.64 sec. (1102443.98 ticks, tree = 267.29 MB, solutions = 0)
  18337  4777      102.0000  3212                     39.0000  2589117         
  18457  4843       89.0000  3524                     39.0000  2622763         
  18635  4978      157.0000  3141                     39.0000  2629029         
  18766  4939      126.0000  3279                     39.0000  2625556         
  18885  5254       64.0000  4016                     39.0000  2664221         
  18949  3593      315.0000  3009                     39.0000  2429568         
  18976  5240      195.0000  2700                     39.0000  2713416         
  19020  5372      195.0000  2732                     39.0000  2742921         
  19048  5405      106.0000  3082                     39.0000  2759302         
  19063  5441       64.0000  4652                     39.0000  2791490         
Elapsed time = 1228.52 sec. (1141354.16 ticks, tree = 317.51 MB, solutions = 0)
  19084  5453       76.0000  3347                     39.0000  2800007         
  19141  5471       91.0000  3778                     39.0000  2817569         
  19219  5576       99.0000  3648                     39.0000  2863978         
  19318  5632      177.0000  2966                     39.0000  2884232         
  19403  5761      101.0000  3590                     39.0000  2937042         
  19536  5800      101.0000  3458                     39.0000  2937506         
  19688  5999      101.0000  3414                     39.0000  2998851         
  19849  5863      101.0000  3113                     39.0000  2983451         
  19994  6060      176.0000  3241                     39.0000  3004775         
  20144  6388      101.0000  3210                     39.0000  3061322         
Elapsed time = 1306.71 sec. (1179977.90 ticks, tree = 376.21 MB, solutions = 0)
  20284  6420       76.0000  4109                     39.0000  3085138         
  20403  6723      101.0000  3398                     39.0000  3144950         
  20520  6745      127.0000  3128                     39.0000  3150268         
  20658  6765       51.0000  3698                     39.0000  3168334         
  20809  6952      150.0000  3083                     51.0000  3195569         
  20961  7091      101.0000  3425                     51.0000  3243075         
  21112  7202      101.0000  3303                     51.0000  3260077         
  21244  7470      113.0000  3120                     51.0000  3304748         
  21382  7644      129.0000  3202                     51.0000  3341353         
  21514  7701      101.0000  3053                     51.0000  3358719         
Elapsed time = 1384.27 sec. (1218410.30 ticks, tree = 453.19 MB, solutions = 0)
  21662  7855      160.0000  2746                     51.0000  3382902         
  21816  7895      160.0000  2707                     51.0000  3382962         
  21933  8217      183.0000  2745                     51.0000  3458090         
  22013  8293      101.0000  3204                     51.0000  3471593         
  22108  8315      101.0000  3163                     51.0000  3476354         
  22233  8462      150.0000  3029                     51.0000  3501888         
  22364  8525      101.0000  3007                     51.0000  3516539         
  22499  8582      127.0000  3566                     51.0000  3554022         
  22637  8799      119.0000  3070                     51.0000  3566844         
  22766  8850      140.0000  2967                     51.0000  3585201         
Elapsed time = 1459.73 sec. (1256861.77 ticks, tree = 520.83 MB, solutions = 0)
  22877  8985      151.0000  2673                     51.0000  3610516         
  22945  9151      151.0000  2876                     51.0000  3639040         
  23025  9211       65.0000  3409                     51.0000  3653004         
  23128  9440      188.0000  2895                     51.0000  3703706         
  23232  9409      103.0000  3199                     51.0000  3700267         
  23357  9557      152.0000  2718                     51.0000  3723097         
  23497  9739      195.0000  2630                     51.0000  3853310         
  23635  9682      178.0000  2842                     51.0000  3771176         
  23760  9999      178.0000  2934                     51.0000  3911126         
  23856 10031      178.0000  2748                     51.0000  3913933         
Elapsed time = 1533.47 sec. (1295392.53 ticks, tree = 592.64 MB, solutions = 0)
  23926 10060      178.0000  2705                     51.0000  3916848         
  23992 10071      139.0000  2940                     51.0000  3945896         
  24083 10361      139.0000  2829                     51.0000  4010579         
  24199 10331      101.0000  3464                     51.0000  4007741         
  24288 10492      124.0000  3457                     51.0000  4058491         
  24388 10648      126.0000  3299                     51.0000  4131779         
  24510 10707      151.0000  2880                     51.0000  4149413         
  24624 10836      126.0000  3034                     51.0000  4189170         
  24754 10919      176.0000  2989                     51.0000  4201761         
  24864 10951      222.0000  2926                     51.0000  4204017         
Elapsed time = 1609.89 sec. (1333763.76 ticks, tree = 647.71 MB, solutions = 0)
  24931 10986      126.0000  3371                     51.0000  4230645         
  24980 11102      191.0000  3247                     51.0000  4233863         
  25031 11119    infeasible                           51.0000  4258725         
  25087 10506       51.0000  4909                     51.0000  4055569         
  25136 11171      151.0000  2863                     51.0000  4268563         
  25186 11264       66.0000  3838                     51.0000  4304241         
  25237 11386      160.0000  2864                     51.0000  4324305         
  25320 11416      160.0000  2795                     51.0000  4326579         
  25411 11493      126.0000  3295                     51.0000  4440117         
  25507 11611      160.0000  2774                     51.0000  4466021         
Elapsed time = 1675.53 sec. (1372345.57 ticks, tree = 688.09 MB, solutions = 0)
  25595 11526      135.0000  3394                     51.0000  4479419         
  25676 11709      101.0000  3360                     51.0000  4527270         
  25776 11791      146.0000  3183                     51.0000  4549508         
  25871 11862       76.0000  3455                     51.0000  4622158         
  25997 11885      173.0000  2918                     51.0000  4614616         
  26155 11985      178.0000  3018                     51.0000  4649380         
  26278 12376      201.0000  3094                     51.0000  4760488         
  26358 12269      176.0000  3136                     51.0000  4732858         
  26446 12116      151.0000  3212                     51.0000  4717618         
  26524 12472      151.0000  3157                     51.0000  4803138         
Elapsed time = 1753.12 sec. (1410839.79 ticks, tree = 738.24 MB, solutions = 0)
  26607 12486      151.0000  3150                     51.0000  4810293         
  26679 12706      126.0000  3037                     51.0000  4842060         
  26715 12728      126.0000  3149                     51.0000  4849135         
  26775 12758      151.0000  2803                     51.0000  4852457         
  26837 12825      101.0000  3312                     51.0000  4899574         
  26871 12846      151.0000  3475                     51.0000  4905945         
  26893 12900      101.0000  3427                     51.0000  4925294         
  26897 12223       52.0000  4940                     51.0000  4714553         
  26898 11502      315.0000  3587                     51.0000  4475095         

GUB cover cuts applied:  1258
Clique cuts applied:  233
Cover cuts applied:  1210
Implied bound cuts applied:  4907
Flow cuts applied:  346
Mixed integer rounding cuts applied:  4263
Zero-half cuts applied:  29
Gomory fractional cuts applied:  4

Root node processing (before b&c):
  Real time             =   17.68 sec. (19790.42 ticks)
Parallel b&c, 8 threads:
  Real time             = 1782.69 sec. (1457179.73 ticks)
  Sync time (average)   =  359.50 sec.
  Wait time (average)   =    0.98 sec.
                          ------------
Total (root+branch&cut) = 1800.37 sec. (1476970.14 ticks)
! --------------------------------------------------------
! Problem is UNKNOWN
! CPLEX Status = AbortTimeLim
! --------------------------------------------------------
