! Solving for graph /home/truongxuanhieu/CPLEX-MIP-for-MinSpanLabeling/benchmarks/abp/P-can__445.mtx.rnd
! Target value is set to 67
! Lower bound is set to 68
! Upper bound is set to 333
! Time limit is set to 1800
! Vertices mode is set to No hole
! Target value mode is set to Antibandwidth
Version identifier: 22.2.0.0 | 2026-05-04 | 5dff98e58
CPXPARAM_TimeLimit                               1800
Tried aggregator 2 times.
MIP Presolve eliminated 1684 rows and 1056 columns.
MIP Presolve modified 296106 coefficients.
Aggregator did 4699 substitutions.
Reduced MIP has 9287 rows, 156083 columns, and 466384 nonzeros.
Reduced MIP has 150146 binaries, 2128 generals, 0 SOSs, and 3809 indicators.
Presolve time = 0.48 sec. (843.92 ticks)
Probing time = 0.60 sec. (314.39 ticks)
Tried aggregator 1 time.
Detecting symmetries...
Reduced MIP has 9287 rows, 156083 columns, and 466384 nonzeros.
Reduced MIP has 150146 binaries, 2573 generals, 0 SOSs, and 3809 indicators.
Presolve time = 0.33 sec. (280.69 ticks)
Probing time = 0.07 sec. (33.50 ticks)
Clique table members: 8440.
MIP emphasis: balance optimality and feasibility.
MIP search method: dynamic search.
Parallel mode: deterministic, using up to 8 threads.
Root relaxation solution time = 0.43 sec. (318.98 ticks)

        Nodes                                         Cuts/
   Node  Left     Objective  IInf  Best Integer    Best Bound    ItCnt     Gap

      0     0       68.0000  1269                     68.0000     2258         
      0     0       68.0000  3053                  Cuts: 2421     5241         
      0     0       68.0000  2559                  Cuts: 2421     6931         
      0     0       68.0000  2481                  Cuts: 2421     9226         
      0     0       68.0000  2458                  Cuts: 2421    11725         
      0     0       68.0000  2561                  Cuts: 1831    13473         
Detecting symmetries...
Detecting symmetries...
      0     2       68.0000  2561                     68.0000    13473         
Elapsed time = 28.51 sec. (39384.35 ticks, tree = 0.02 MB, solutions = 0)
      5     7       68.0000  2351                     68.0000    13848         
     10     3       68.0000  2523                     68.0000    13544         
     17     5       68.0000  2402                     68.0000    13760         
     26    23       68.0000  2455                     68.0000    16149         
     52    30       68.0000  2393                     68.0000    17229         
     86    67       68.0000  2313                     68.0000    24629         
    129   106       68.0000  2231                     68.0000    28575         
    170   120       68.0000  2328                     68.0000    29281         
    215   168       68.0000  2174                     68.0000    30260         
    383   356       68.0000  2036                     68.0000    49305         
Elapsed time = 32.65 sec. (42627.23 ticks, tree = 39.85 MB, solutions = 0)
    429   421      202.0000  1690                     68.0000    61461         
    438   421      135.0000  2022                     68.0000    67030         
    455   445      135.0000  2056                     68.0000    85760         
    513   459      135.0000  1939                     68.0000    87133         
    592   529      202.0000  1690                     68.0000    92413         
    626   562      202.0000  1501                     68.0000    99761         
    648   584      135.0000  1659                     68.0000   104343         
    663   597      202.0000  1522                     68.0000   103725         
    752   660      202.0000  1897                     68.0000   107919         
    886   726      202.0000  1676                     68.0000   114176         
Elapsed time = 49.94 sec. (52805.68 ticks, tree = 100.67 MB, solutions = 0)
   1008   869      202.0000  1638                     68.0000   128627         
   1147  1006      202.0000  1757                     68.0000   140315         
   1279  1032      202.0000  1483                     68.0000   145612         
   1386  1197      269.0000  1767                     68.0000   161133         
   1513  1394      269.0000  1383                     68.0000   179080         
   1624  1501       68.0000  2142                     68.0000   193910         
   1691  1578      269.0000  1406                     68.0000   200833         
   1756  1615      269.0000  1352                     68.0000   215349         
   1824  1618      135.0000  1744                     68.0000   219272         
   1921  1671      135.0000  1695                     68.0000   225390         
Elapsed time = 63.05 sec. (62424.57 ticks, tree = 264.84 MB, solutions = 0)
   2053  1878      202.0000  1494                     68.0000   257102         
   2184  1946    infeasible                           68.0000   262069         
   2319  2054      135.0000  1603                     68.0000   272133         
   2429  2105      269.0000  1274                     68.0000   272503         
   2505  2241      269.0000  1367                     68.0000   288118         
   2525  2378      202.0000  1367                     68.0000   301697         
   2583  2380      135.0000  1781                     68.0000   302054         
   2693  2427      135.0000  1725                     68.0000   312326         
   2817  2520      135.0000  1909                     68.0000   327278         
   2944  2533      135.0000  1895                     68.0000   328193         
Elapsed time = 81.30 sec. (73783.53 ticks, tree = 416.98 MB, solutions = 0)
   3085  2764      269.0000  1356                     68.0000   344406         
   3220  2923      269.0000  1310                     68.0000   357811         
   3311  3076      202.0000  1461                     68.0000   372155         
   3414  3042      202.0000  1800                     68.0000   365824         
   3490  3163      202.0000  1512                     68.0000   380385         
   3564  3180      269.0000  1350                     68.0000   383621         
   3671  3315      202.0000  1418                     68.0000   394570         
   3807  3440      269.0000  1502                     68.0000   406974         
   3943  3590      269.0000  1176                     68.0000   416443         
   4065  3659      135.0000  1650                     68.0000   422212         
Elapsed time = 94.22 sec. (83414.56 ticks, tree = 616.59 MB, solutions = 0)
   4183  3852      135.0000  1624                     68.0000   437319         
   4286  3818      269.0000  1178                     68.0000   431721         
   4408  3925      269.0000  1258                     68.0000   442924         
   4506  4107      269.0000  1260                     68.0000   465097         
   4624  4191      202.0000  1569                     68.0000   478947         
   4705  4286      269.0000  1279                     68.0000   487282         
   4794  4316      269.0000  1173                     68.0000   492119         
   4892  4404      269.0000  1265                     68.0000   503893         
   4986  4496      135.0000  1762                     68.0000   512829         
   5074  4610      269.0000  1247                     68.0000   525189         
Elapsed time = 106.29 sec. (93063.49 ticks, tree = 786.53 MB, solutions = 0)
   5190  4722      202.0000  1637                     68.0000   539280         
   5287  4871      202.0000  1437                     68.0000   552693         
   5386  4893      202.0000  1438                     68.0000   553873         
   5525  4973      202.0000  1435                     68.0000   560733         
   5645  5071      202.0000  1333                     68.0000   570298         
   5790  5323      202.0000  1279                     68.0000   585102         
   5904  5253      270.0000  1293                     68.0000   583313         
   6027  5479      269.0000  1200                     68.0000   592555         
   6163  5585      202.0000  1238                     68.0000   600859         
   6287  5816      202.0000  1430                     68.0000   611104         
Elapsed time = 119.02 sec. (102727.29 ticks, tree = 1002.32 MB, solutions = 0)
   6401  5760      269.0000  1296                     68.0000   608051         
   6524  5987      135.0000  1611                     68.0000   626019         
   6623  6074      202.0000  1333                     68.0000   629458         
   6743  6317      202.0000  1177                     68.0000   645808         
   6824  6334      269.0000  1148                     68.0000   648196         
   6921  6443      135.0000  1542                     68.0000   655764         
   6994  6471      135.0000  1474                     68.0000   657850         
   7094  6601      135.0000  1549                     68.0000   673312         
   7201  6631      135.0000  1644                     68.0000   678897         
   7320  6790      136.0000  1503                     68.0000   689396         
Elapsed time = 130.44 sec. (112375.37 ticks, tree = 1176.58 MB, solutions = 0)
   7381  6861      269.0000  1192                     68.0000   695729         
   7444  6952      135.0000  1483                     68.0000   700524         
   7521  7012      203.0000  1596                     68.0000   710199         
   7644  7104      135.0000  1469                     68.0000   724412         
   7762  7232      202.0000  1472                     68.0000   726960         
   7845  7258      202.0000  1417                     68.0000   727435         
   7913  7461      202.0000  1382                     68.0000   740654         
   7996  7490      135.0000  1458                     68.0000   740906         
   8063  7555      135.0000  1346                     68.0000   749305         
   8151  7587      135.0000  1350                     68.0000   751854         
Elapsed time = 141.90 sec. (122005.87 ticks, tree = 1320.33 MB, solutions = 0)
   8239  7664      135.0000  1663                     68.0000   754580         
   8342  7744      271.0000  1232                     68.0000   763663         
   8485  7983      135.0000  1393                     68.0000   778767         
   8607  7995      135.0000  1507                     68.0000   777073         
   8699  8079      271.0000  1224                     68.0000   785430         
   8724  8087    infeasible                           68.0000   786760         
   8725  8111    infeasible                           68.0000   792644         
   8763  8416      135.0000  1532                     68.0000   810103         
   8843  8390       68.0000  1921                     68.0000   815206         
   9343  8684      135.0000  1497                     68.0000   844817         
Elapsed time = 163.03 sec. (135442.50 ticks, tree = 1518.48 MB, solutions = 0)
   9942  9158      202.0000  1471                     68.0000   873057         
  10563  9794      202.0000  1529                     68.0000   918997         
  11169 10189      135.0000  1536                     68.0000   935681         
  11770 11153      202.0000  1737                     68.0000   984431         
  12231 11554      202.0000  1585                     68.0000  1002637         
  12604 11761      202.0000  1684                     68.0000  1017728         
  12630 11797    infeasible                           68.0000  1025778         
  12959 12206      135.0000  1423                     68.0000  1053953         
  13566 12569      135.0000  1704                     68.0000  1080982         
  14226 13191      135.0000  1568                     68.0000  1116583         
Elapsed time = 216.22 sec. (173672.94 ticks, tree = 2332.47 MB, solutions = 0)
Nodefile size = 273.41 MB (169.10 MB after compression)
  14757 13865      135.0000  2010                     68.0000  1152982         
  15326 14192      202.0000  1865                     68.0000  1169543         
  16023 15095      136.0000  1694                     68.0000  1213111         
  16465 15365      135.0000  1992                     68.0000  1235804         

Performing restart 1

Repeating presolve.
Tried aggregator 1 time.
Reduced MIP has 9287 rows, 156083 columns, and 466384 nonzeros.
Reduced MIP has 150146 binaries, 2573 generals, 0 SOSs, and 3809 indicators.
Presolve time = 0.18 sec. (196.42 ticks)
Tried aggregator 1 time.
Reduced MIP has 9287 rows, 156083 columns, and 466384 nonzeros.
Reduced MIP has 150146 binaries, 2573 generals, 0 SOSs, and 3809 indicators.
Presolve time = 0.32 sec. (290.88 ticks)
Represolve time = 1.63 sec. (1085.69 ticks)
  16622     0       68.0000  3470                  Cuts: 2421  1283614         
  16622     0       68.0000  3675                  Cuts: 2421  1286935         
  16622     0       68.0000  3881                  Cuts: 2421  1289466         
  16622     0       68.0000  4074                  Cuts: 2421  1292616         
  16622     2       68.0000  2956                     68.0000  1292616         
  16832   169      135.0000  2477                     68.0000  1313782         
  17766   903      146.0000  1697                     68.0000  1330435         
  18196  1431      135.0000  1661                     68.0000  1344164         
  18249  1568      174.0000  1571                     68.0000  1349990         
  18413  1651      208.0000  1540                     68.0000  1359293         
Elapsed time = 347.10 sec. (313834.79 ticks, tree = 201.68 MB, solutions = 0)
  18825  1998      193.0000  2323                     68.0000  1379108         
  19343  2440      246.0000  1479                     69.0000  1420799         
  19704  2879      135.0000  2210                     69.0000  1453291         
  20142  3143      268.0000  1313                     69.0000  1482867         
  20494  3559      135.0000  2698                     69.0000  1518939         
  20733  3800      290.0000  1387                     69.0000  1541537         
  20868  3892    infeasible                           69.0000  1560427         
  21092  4110      239.0000  1757                     69.0000  1576463         
  21393  4391      136.0000  2404                     69.0000  1600170         
  21640  4609      203.0000  1967                     69.0000  1623912         
Elapsed time = 408.04 sec. (353478.71 ticks, tree = 639.92 MB, solutions = 0)
  21916  4850      292.0000  1644                     69.0000  1644370         
  22142  5128      141.7605  3166                     69.0000  1669555         
  22411  5340      192.0000  2242                     69.0000  1691362         
  22561  5474    infeasible                           69.0000  1704352         
  22606  5641    infeasible                           69.0000  1718057         

Performing restart 2

Repeating presolve.
Tried aggregator 1 time.
Reduced MIP has 9287 rows, 156083 columns, and 503506 nonzeros.
Reduced MIP has 150146 binaries, 2573 generals, 0 SOSs, and 3809 indicators.
Presolve time = 0.20 sec. (209.20 ticks)
Tried aggregator 1 time.
Reduced MIP has 9287 rows, 156083 columns, and 503506 nonzeros.
Reduced MIP has 150146 binaries, 2573 generals, 0 SOSs, and 3809 indicators.
Presolve time = 0.36 sec. (298.78 ticks)
Represolve time = 2.47 sec. (2039.33 ticks)
  22608     0       68.0000  4104                  Cuts: 2421  1745577         
  22608     0       68.0000  3967                  Cuts: 2421  1750513         
  22608     0       68.0000  4036                  Cuts: 2421  1754922         
  22608     0       68.0000  4163                  Cuts: 2421  1761361         
  22608     0       68.0000  4090                  Cuts: 2421  1771544         
  22608     0       68.0000  4092                  Cuts: 2421  1776752         
  22608     0       68.0332  4545                  Cuts: 2421  1785478         
  22608     0       68.0332  4420                  Cuts: 2421  1789904         
  22608     0       68.0332  4442                  Cuts: 2421  1793322         
  22608     2       68.0332  4442                     69.0000  1793322         
  22622    13      135.0000  2911                     90.3333  1801947         
  22694    74      135.0000  2885                     90.3333  1807824         
  22871   198      135.0000  2930                    135.0000  1822926         
  23064   386      135.0000  2568                    135.0000  1840290         
Elapsed time = 732.13 sec. (799695.22 ticks, tree = 37.80 MB, solutions = 0)
  23249   551      202.0000  1838                    135.0000  1855355         
  23437   708      269.0000  1908                    135.0000  1876764         
  23583   869      202.0000  1775                    135.0000  1888601         
  23781  1039      141.7605  2519                    135.0000  1900689         
  23943  1221      269.0000  1562                    135.0000  1912193         
  24096  1363      269.0000  1551                    135.0000  1933464         
  24282  1453      269.0000  1720                    135.0000  1944140         
  24447  1642      202.0000  1904                    135.0000  1969954         
  24579  1739    infeasible                          135.0000  1983306         
  24749  1812      269.0000  1612                    135.0000  1988277         
Elapsed time = 803.77 sec. (837976.13 ticks, tree = 244.58 MB, solutions = 0)
  24906  2020      269.0000  1431                    135.0000  2025632         
  25058  2151      269.0000  1595                    135.0000  2041620         
  25220  2212      269.0000  2005                    135.0000  2055399         
  25374  2328      135.0000  2613                    135.0000  2065451         
  25539  2487      269.0000  1704                    135.0000  2084891         
  25727  2588      269.0000  1593                    135.0000  2098198         
  25906  2835      269.0000  2042                    135.0000  2136530         
  26111  2953    infeasible                          135.0000  2151252         
  26346  3182      269.0000  1906                    135.0000  2180970         
  26559  3302      300.0000  1578                    135.0000  2187806         
Elapsed time = 872.16 sec. (876295.82 ticks, tree = 464.14 MB, solutions = 0)
  26764  3580      269.0000  2039                    135.0000  2205759         
  26949  3743      135.0000  2501                    135.0000  2215140         
  27099  3934      269.0000  1434                    135.0000  2230769         
  27244  4093      269.0000  1473                    135.0000  2244082         
  27386  4252      269.0000  1805                    135.0000  2263507         
  27528  4292      269.0000  1979                    135.0000  2268554         
  27660  4490      202.0000  2540                    135.0000  2299582         
  27819  4561      269.0000  2084                    135.0000  2326728         
  27968  4685      269.0000  1950                    135.0000  2351870         
  28158  4862      269.0000  1913                    135.0000  2376821         
Elapsed time = 938.26 sec. (914623.38 ticks, tree = 698.63 MB, solutions = 0)
  28340  4990      269.0000  1673                    135.0000  2388896         
  28475  5238      269.0000  1728                    135.0000  2410717         
  28558  5336      269.0000  1551                    135.0000  2423747         
  28671  5399      202.0000  2808                    135.0000  2451235         
  28829  5478      269.0000  1583                    135.0000  2458146         
  28969  5719      269.0000  1597                    135.0000  2501602         
  29123  5801      269.0000  1866                    135.0000  2519360         
  29254  5974      203.0000  2215                    135.0000  2548497         
  29383  6076      269.0000  2030                    135.0000  2569952         
  29552  6223    infeasible                          135.0000  2595632         
Elapsed time = 1003.00 sec. (953154.83 ticks, tree = 918.27 MB, solutions = 0)
  29713  6252      269.0000  1863                    135.0000  2597015         
  29872  6481      269.0000  1978                    135.0000  2643333         
  30034  6610      269.0000  1725                    135.0000  2655633         
  30175  6696      269.0000  2045                    135.0000  2672333         
  30262  6920      269.0000  1774                    135.0000  2696485         
  30353  6940      202.0000  2658                    135.0000  2729315         
  30487  7079      269.0000  1820                    135.0000  2749561         
  30607  7125      202.0000  2038                    135.0000  2758769         
  30783  7263      269.0000  1789                    135.0000  2789460         
  30952  7498      269.0000  1747                    135.0000  2823380         
Elapsed time = 1069.16 sec. (991571.66 ticks, tree = 1125.79 MB, solutions = 0)
  31139  7582      269.0000  1944                    135.0000  2833248         
  31287  7673      226.0000  2094                    135.0000  2846277         
  31428  7997      269.0000  1650                    135.0000  2886067         
  31558  7957      269.0000  1868                    135.0000  2882844         
  31715  8108      292.0000  1591                    135.0000  2905527         
  31829  8304      269.0000  1763                    135.0000  2934889         
  31924  8332      303.0000  1640                    135.0000  2946004         
  32058  8477      269.0000  2127                    135.0000  2987962         
  32184  8611      202.0000  2008                    135.0000  3013471         
  32322  8667      269.0000  1835                    135.0000  3018209         
Elapsed time = 1135.08 sec. (1029970.94 ticks, tree = 1320.25 MB, solutions = 0)
  32491  8820      269.0000  1797                    135.0000  3050201         
  32666  9009      269.0000  1795                    135.0000  3078506         
  32834  9039      269.0000  1740                    135.0000  3080171         
  33010  9406      283.0000  1665                    135.0000  3133831         
  33186  9454      287.0000  1722                    135.0000  3138381         
  33329  9680      269.0000  1807                    135.0000  3164124         
  33467  9753      285.0000  1723                    135.0000  3169181         
  33575  9815      278.0000  1841                    135.0000  3185063         
  33716 10086      270.0000  1805                    135.0000  3229421         
  33870 10178      269.0000  2170                    135.0000  3262507         
Elapsed time = 1201.24 sec. (1068209.69 ticks, tree = 1572.98 MB, solutions = 0)
  34029 10239      269.0000  2165                    135.0000  3277872         
  34191 10532      269.0000  1988                    135.0000  3314626         
  34355 10475      269.0000  2040                    135.0000  3312720         
  34561 10735      269.0000  1703                    135.0000  3344477         
  34732 10960      316.0000  1673                    135.0000  3371842         
  34876 11175      271.0000  1684                    135.0000  3387564         
  35040 11169      269.0000  1753                    135.0000  3384830         
  35148 11343      270.0000  1795                    135.0000  3411685         
  35267 11497      313.0000  1684                    135.0000  3430282         
  35413 11641      270.0000  1688                    135.0000  3459475         
Elapsed time = 1268.39 sec. (1106522.43 ticks, tree = 1818.79 MB, solutions = 0)
  35560 11851      269.0000  1775                    135.0000  3505093         
  35685 11958      269.0000  2037                    135.0000  3515042         
  35760 11984      269.0000  1890                    135.0000  3516678         
  35873 12127      269.0000  1793                    135.0000  3563354         
  36021 12220      269.0000  1936                    135.0000  3590395         
  36167 12412      269.0000  1989                    135.0000  3627533         
  36293 12438      269.0000  1845                    135.0000  3630013         
  36443 12533      202.0000  2722                    135.0000  3665404         
  36604 12711      269.0000  1751                    135.0000  3689636         
  36733 12736      269.0000  1709                    135.0000  3691924         
Elapsed time = 1334.68 sec. (1145061.71 ticks, tree = 2003.95 MB, solutions = 0)
  36886 12846      269.0000  1956                    135.0000  3722345         
  37039 12931      203.0000  1681                    135.0000  3728785         
  37215 13137    infeasible                          135.0000  3778358         
  37324 13340      269.0000  1632                    135.0000  3789841         
  37415 13473      269.0000  2198                    135.0000  3824691         
  37554 13504      202.0000  2453                    135.0000  3846685         
  37718 13717      269.0000  1685                    135.0000  3874348         
  37844 13730      303.0000  1653                    135.0000  3884060         
  37944 13931      202.0000  2067                    135.0000  3922520         
  38033 14123      202.0000  2538                    135.0000  3956724         
Elapsed time = 1402.68 sec. (1183418.79 ticks, tree = 2238.01 MB, solutions = 0)
Nodefile size = 178.85 MB (113.66 MB after compression)
  38124 14157      202.0000  2140                    135.0000  3957868         
  38240 14252      206.0000  2036                    135.0000  3989151         
  38355 14432      269.0000  1955                    135.0000  4013133         
  38504 14351      202.0000  1894                    135.0000  3998739         
  38702 14536      269.0000  2060                    135.0000  4039093         
  38881 14620      269.0000  1958                    135.0000  4053279         
  39060 15079      269.0000  1870                    135.0000  4112444         
  39205 15060      269.0000  1711                    135.0000  4110685         
  39330 15132      271.0000  1692                    135.0000  4117512         
  39476 15378      202.0000  2148                    135.0000  4158517         
Elapsed time = 1465.36 sec. (1221816.19 ticks, tree = 2449.97 MB, solutions = 0)
Nodefile size = 386.10 MB (244.74 MB after compression)
  39617 15337      202.0000  2326                    135.0000  4157323         
  39759 15658      271.0000  1819                    135.0000  4204775         
  39948 15719      269.0000  1914                    135.0000  4222976         
  40122 15960      202.0000  2117                    135.0000  4278196         
  40306 16038      272.0000  1726                    135.0000  4285909         
  40478 16292      270.0000  1702                    135.0000  4322394         
  40656 16418      269.0000  1975                    135.0000  4337145         
  40803 16504      239.0000  1831                    135.0000  4345096         
  40902 16686      320.0000  1886                    135.0000  4366352         
  41007 16833      269.0000  2571                    135.0000  4392711         
Elapsed time = 1527.91 sec. (1260116.60 ticks, tree = 2698.19 MB, solutions = 0)
Nodefile size = 637.59 MB (404.88 MB after compression)
  41160 17007      315.0000  1613                    135.0000  4408376         
  41306 17074      320.0000  1814                    135.0000  4426209         
  41434 17443      320.0000  1738                    135.0000  4489283         
  41534 17511      269.0000  1956                    135.0000  4497408         
  41639 17467      270.0000  1770                    135.0000  4484755         
  41739 17572      269.0000  1737                    135.0000  4500125         
  41843 17622    infeasible                          135.0000  4524883         
  41920 17919      269.0000  1724                    135.0000  4569521         
  41983 17851      269.0000  2443                    135.0000  4570082         
  42067 17868      305.0000  1684                    135.0000  4557320         
Elapsed time = 1593.56 sec. (1298689.10 ticks, tree = 2876.75 MB, solutions = 0)
Nodefile size = 809.37 MB (515.04 MB after compression)
  42151 17989      269.0000  2025                    135.0000  4613021         
  42222 18237      144.3830  3488                    135.0000  4678626         
  42333 18153      269.0000  2078                    135.0000  4638497         
  42451 18279      202.0000  2351                    135.0000  4686689         
  42577 18258      202.0000  2433                    135.0000  4698991         
  42709 18454      202.0000  2186                    135.0000  4737583         
  42837 18505      202.0000  3183                    135.0000  4763017         
  42967 18729      269.0000  1699                    135.0000  4792934         
  43092 18626      269.0000  1892                    135.0000  4782062         
  43239 19043      269.0000  1874                    135.0000  4851209         
Elapsed time = 1660.30 sec. (1337057.56 ticks, tree = 3079.49 MB, solutions = 0)
Nodefile size = 1016.34 MB (647.74 MB after compression)
  43407 18988      202.0000  2391                    135.0000  4846166         
  43555 19253      271.0000  1654                    135.0000  4872435         
  43690 19486      269.0000  1804                    135.0000  4913081         
  43820 19321      269.0000  2395                    135.0000  4907963         
  43936 19349      269.0000  1967                    135.0000  4909843         
  44028 19674      269.0000  2119                    135.0000  4957987         
  44120 19696      269.0000  2078                    135.0000  4961987         
  44187 20129      269.0000  1962                    135.0000  5041123         
  44257 20077      296.0000  1594                    135.0000  5030661         
  44334 20184      269.0000  1751                    135.0000  5044611         
Elapsed time = 1728.47 sec. (1375518.47 ticks, tree = 3280.67 MB, solutions = 0)
Nodefile size = 1208.77 MB (772.41 MB after compression)
  44395 20253      135.0000  3522                    135.0000  5084462         
  44491 20396      269.0000  2444                    135.0000  5108389         
  44617 20413      202.0000  2471                    135.0000  5123228         
  44703 20438      202.0000  2337                    135.0000  5126241         
  44779 20545      303.0000  1808                    135.0000  5153420         
  44869 20438      202.0000  2177                    135.0000  5146889         
  44959 20548      269.0000  1703                    135.0000  5152516         
  45063 20684      269.0000  2044                    135.0000  5190931         
  45182 20753      202.0000  2485                    135.0000  5221087         
  45285 20914      202.0000  2626                    135.0000  5263938         
Elapsed time = 1788.97 sec. (1413896.81 ticks, tree = 3408.71 MB, solutions = 0)
Nodefile size = 1346.75 MB (861.21 MB after compression)
  45399 21030      305.0000  1693                    135.0000  5270452         
  45502 21055      305.0000  1678                    135.0000  5272300         
  45509 20872      135.0000  3515                    135.0000  5238436         

GUB cover cuts applied:  1222
Clique cuts applied:  233
Cover cuts applied:  319
Implied bound cuts applied:  1808
Flow cuts applied:  37
Mixed integer rounding cuts applied:  2860
Zero-half cuts applied:  40
Gomory fractional cuts applied:  6

Root node processing (before b&c):
  Real time             =   28.28 sec. (39237.15 ticks)
Parallel b&c, 8 threads:
  Real time             = 1773.04 sec. (1387156.98 ticks)
  Sync time (average)   =  327.84 sec.
  Wait time (average)   =    0.27 sec.
                          ------------
Total (root+branch&cut) = 1801.31 sec. (1426394.13 ticks)
! --------------------------------------------------------
! Problem is UNKNOWN
! CPLEX Status = AbortTimeLim
! --------------------------------------------------------
