! Solving for graph /home/truongxuanhieu/CPLEX-MIP-for-MinSpanLabeling/benchmarks/abp/Q-494_bus.mtx.rnd
! Target value is set to 170
! Lower bound is set to 171
! Upper bound is set to 370
! Time limit is set to 1800
! Vertices mode is set to No hole
! Target value mode is set to Antibandwidth
Version identifier: 22.2.0.0 | 2026-05-04 | 5dff98e58
CPXPARAM_TimeLimit                               1800
Tried aggregator 2 times.
MIP Presolve eliminated 588 rows and 1173 columns.
MIP Presolve modified 365361 coefficients.
Aggregator did 2654 substitutions.
Reduced MIP has 5185 rows, 186422 columns, and 558382 nonzeros.
Reduced MIP has 183675 binaries, 1081 generals, 0 SOSs, and 1666 indicators.
Presolve time = 0.55 sec. (822.55 ticks)
Probing time = 0.72 sec. (361.72 ticks)
Tried aggregator 2 times.
Detecting symmetries...
Aggregator did 146 substitutions.
Reduced MIP has 5039 rows, 186276 columns, and 558236 nonzeros.
Reduced MIP has 183675 binaries, 1429 generals, 0 SOSs, and 1666 indicators.
Presolve time = 0.54 sec. (500.71 ticks)
Probing time = 0.08 sec. (38.69 ticks)
Clique table members: 9015.
MIP emphasis: balance optimality and feasibility.
MIP search method: dynamic search.
Parallel mode: deterministic, using up to 8 threads.
Root relaxation solution time = 1.53 sec. (1449.55 ticks)

        Nodes                                         Cuts/
   Node  Left     Objective  IInf  Best Integer    Best Bound    ItCnt     Gap

      0     0      171.0000   717                    171.0000     4611         
      0     0      171.0000  1560                  Cuts: 1359     6297         
      0     0      171.0000  1234                  Cuts: 1359     9479         
      0     0      171.0000  1180                  Cuts: 1359    13786         
      0     0      171.0000  1229                  Cuts: 1350    17292         
      0     2      171.0000  1033                    171.0000    17292         
Elapsed time = 32.52 sec. (49530.76 ticks, tree = 0.02 MB, solutions = 0)
      1     3      171.0000  1031                    171.0000    17655         
      7     9      171.0000   955                    171.0000    17837         
     10     3      171.0000  1015                    171.0000    17318         
     15     7      171.0000   977                    171.0000    17898         
     22    12      171.0000  1144                    171.0000    19944         
     37    25      171.0000   962                    171.0000    21833         
     46    40      171.0000   950                    171.0000    27832         
     67    49      171.0000   995                    171.0000    31976         
     83    58      171.0000   954                    171.0000    32680         
    157   119      171.0000   920                    171.0000    41416         
Elapsed time = 37.53 sec. (53049.25 ticks, tree = 7.99 MB, solutions = 0)
    206   182      171.0000   827                    171.0000    54307         
    213   198      285.0000  1393                    171.0000    59952         
    227   201      298.0000  1398                    171.0000    62458         
    250   218      171.0000   924                    171.0000    72236         
    262   233      312.0000  1451                    171.0000    81554         
    270   255      290.0000  1428                    171.0000    94504         
    272   190      341.0000  1532                    171.0000    69566         
    278    33      341.0000  1617                    171.0000    45422         
    279   174      341.0000  1520                    171.0000    72682         
    281   260      341.0000  1531                    171.0000   138700         
Elapsed time = 65.09 sec. (73285.91 ticks, tree = 19.39 MB, solutions = 0)
    282   263      341.0000  1609                    171.0000   156604         
    283   248      341.0000  1576                    171.0000   105974         
    285   257      341.0000  1581                    171.0000   110782         
    287   265      350.0000  1589                    171.0000   180472         
    289   272    infeasible                          171.0000   238487         
    291   278    infeasible                          171.0000   304391         
    302   288      306.0000  1406                    171.0000   314831         
    311   281      312.0000  1479                    171.0000   309865         
    317   286      341.0000  1522                    171.0000   324121         
    318   287      341.0000  1521                    171.0000   324917         
Elapsed time = 97.02 sec. (93235.61 ticks, tree = 20.90 MB, solutions = 0)
    322   288      341.0000  1516                    171.0000   325112         
    325   286      341.0000  1486                    171.0000   342306         
    327   282      341.0000  1555                    171.0000   322621         
    328   296      341.0000  1534                    171.0000   378197         
    330   313      306.0000  1387                    171.0000   393870         
    331   314      306.0000  1387                    171.0000   393940         
    334   287      341.0000  1607                    171.0000   353325         
    338   282      341.0000  1562                    171.0000   327226         
    345   327      312.0000  1428                    171.0000   438986         
    353   335      312.0000  1418                    171.0000   439617         
Elapsed time = 112.34 sec. (110521.04 ticks, tree = 26.29 MB, solutions = 0)
    363   345      312.0000  1411                    171.0000   440276         
    370   297      341.0000  1548                    171.0000   385988         
    371   317      341.0000  1559                    171.0000   418505         
    372   286      341.0000  1566                    171.0000   365889         
    374   314      341.0000  1565                    171.0000   410865         
    377   323      341.0000  1570                    171.0000   450406         
    381   328      341.0000  1547                    171.0000   475262         
    387   331      341.0000  1491                    171.0000   455209         
    391   287      341.0000  1545                    171.0000   387385         
    396   334      341.0000  1516                    171.0000   487621         
Elapsed time = 124.90 sec. (122834.77 ticks, tree = 26.14 MB, solutions = 0)
    410   340      306.0000  1396                    171.0000   502862         
    432   329      341.0000  1527                    171.0000   483464         
    435   339      341.0000  1508                    171.0000   525907         
    438   340      341.0000  1504                    171.0000   526884         
    440   382      341.0000  1508                    171.0000   548095         
    443   342      341.0000  1515                    171.0000   528091         
    445   391      341.0000  1463                    171.0000   549422         
    455   350      341.0000  1502                    171.0000   533481         
    456   410      341.0000  1511                    171.0000   580755         
    462   412      341.0000  1491                    171.0000   581179         
Elapsed time = 138.20 sec. (136499.88 ticks, tree = 35.58 MB, solutions = 0)
    469   390      341.0000  1495                    171.0000   557005         
    471   435      341.0000  1548                    171.0000   603534         
    473   416      341.0000  1532                    171.0000   584647         
    475   417      341.0000  1511                    171.0000   585831         
    476   440      341.0000  1552                    171.0000   615673         
    479   458      341.0000  1487                    171.0000   632528         
    482   424      341.0000  1498                    171.0000   607435         
    489   465      341.0000  1479                    171.0000   633667         
    495   457      341.0000  1528                    171.0000   629175         
    501   461      341.0000  1486                    171.0000   653598         
Elapsed time = 154.56 sec. (152642.02 ticks, tree = 41.48 MB, solutions = 0)
    504   461      341.0000  1422                    171.0000   654720         
    508   474      341.0000  1524                    171.0000   682890         
    510   330      341.0000  1535                    171.0000   483918         
    512   469      341.0000  1445                    171.0000   665409         
    513   476      341.0000  1547                    171.0000   685308         
    518   471      341.0000  1516                    171.0000   675669         
    523   500      341.0000  1408                    171.0000   712327         
    526   492      341.0000  1484                    171.0000   707834         
    527   478      341.0000  1521                    171.0000   686857         
    530   503      341.0000  1451                    171.0000   713923         
Elapsed time = 169.12 sec. (167022.01 ticks, tree = 46.13 MB, solutions = 0)
    539   512      341.0000  1398                    171.0000   714827         
    542   514      341.0000  1407                    171.0000   715417         
    544   515      341.0000  1403                    171.0000   715963         
    545   472      341.0000  1495                    171.0000   679967         
    546   516      341.0000  1420                    171.0000   718423         
    547   488      341.0000  1487                    171.0000   702916         
    548   489      341.0000  1474                    171.0000   702339         
    549   476      341.0000  1510                    171.0000   699060         
    550   494      341.0000  1519                    171.0000   723288         
    551   462      306.0000  1371                    171.0000   654721         
Elapsed time = 195.50 sec. (186748.01 ticks, tree = 41.74 MB, solutions = 0)
    552   504      341.0000  1482                    171.0000   731803         
    553   503      341.0000  1497                    171.0000   716771         
    555   524      341.0000  1494                    171.0000   747685         
    558   537      341.0000  1462                    171.0000   797796         
    560   524      369.0000  1787                    171.0000   756981         
    564   540      341.0000  1463                    171.0000   798917         
    572   542      341.0000  1416                    171.0000   837138         
    574   545      341.0000  1462                    171.0000   800735         
    578   541      341.0000  1464                    171.0000   814159         
    599   545      341.0000  1369                    171.0000   840799         
Elapsed time = 225.50 sec. (207999.42 ticks, tree = 51.16 MB, solutions = 0)
    603   540      341.0000  1527                    171.0000   806505         
    620   564      341.0000  1508                    171.0000   879656         
    637   565      341.0000  1484                    171.0000   914601         
    645   568      341.0000  1488                    171.0000   916665         
    658   574      341.0000  1318                    171.0000   925176         
    667   612      341.0000  1480                    171.0000   981904         
    677   619      341.0000  1458                    171.0000   984109         
    688   596      341.0000  1362                    171.0000   979948         
    696   632      341.0000  1486                    171.0000   999457         
    721   659      344.0000  1454                    171.0000  1042489         
Elapsed time = 273.06 sec. (255091.16 ticks, tree = 64.45 MB, solutions = 0)
    730   661      341.0000  1413                    171.0000  1014340         
    747   666      341.0000  1418                    171.0000  1016798         
    760   682      341.0000  1338                    171.0000  1070169         
    771   678      341.0000  1413                    171.0000  1087707         
    774   677      341.0000  1501                    171.0000  1073614         
    778   678      341.0000  1484                    171.0000  1076181         
    781   694      341.0000  1506                    171.0000  1110883         
    786   696      341.0000  1484                    171.0000  1112937         
    799   706      341.0000  1481                    171.0000  1115615         
    801   580      341.0000  1491                    171.0000   964289         
Elapsed time = 332.33 sec. (298674.76 ticks, tree = 54.65 MB, solutions = 0)
    803   720      341.0000  1456                    171.0000  1175336         
    806   663      344.0000  1447                    171.0000  1050208         
    812   723      341.0000  1448                    171.0000  1182149         
    819   750      350.0000  1520                    171.0000  1220393         
    823   754      341.0000  1424                    171.0000  1242804         
    829   729      341.0000  1469                    171.0000  1200200         
    838   790      341.0000  1469                    171.0000  1307260         
    851   784      341.0000  1432                    171.0000  1278325         
    865   799      344.0000  1420                    171.0000  1333550         
    879   798      341.0000  1491                    171.0000  1362770         
Elapsed time = 392.90 sec. (347526.57 ticks, tree = 80.51 MB, solutions = 0)
    887   796      341.0000  1456                    171.0000  1315322         
    892   799      341.0000  1552                    171.0000  1366917         
    902   821      341.0000  1418                    171.0000  1404306         
    920   805      350.0000  1460                    171.0000  1361122         
    929   867      350.0000  1447                    171.0000  1467038         
    934   856      344.0000  1454                    171.0000  1456108         
    944   832      341.0000  1434                    171.0000  1429341         
    973   848      341.0000  1363                    171.0000  1428790         
    994   875      341.0000  1445                    171.0000  1489949         
   1011   888      341.0000  1488                    171.0000  1531733         
Elapsed time = 435.88 sec. (391060.28 ticks, tree = 91.63 MB, solutions = 0)
   1021   877      341.0000  1480                    171.0000  1494518         
   1042   940      344.0000  1407                    171.0000  1612543         
   1056   945      344.0000  1404                    171.0000  1614511         
   1067   895      341.0000  1445                    171.0000  1539125         
   1079   900      341.0000  1348                    171.0000  1515493         
   1094   939      341.0000  1451                    171.0000  1602560         
   1108   908      341.0000  1424                    171.0000  1545051         
   1127   981      341.0000  1353                    171.0000  1701655         
   1135   964      341.0000  1424                    171.0000  1662913         
   1145  1049      350.0000  1507                    171.0000  1784406         
Elapsed time = 475.55 sec. (432423.68 ticks, tree = 112.87 MB, solutions = 0)
   1152  1050      350.0000  1473                    171.0000  1786497         
   1163  1053      350.0000  1467                    171.0000  1789119         
   1169  1044      344.0000  1388                    171.0000  1774779         
   1178  1046      344.0000  1370                    171.0000  1776837         
   1187  1092      341.0000  1392                    171.0000  1861507         
   1194  1054      350.0000  1508                    171.0000  1801535         
   1199  1129    infeasible                          171.0000  1984326         
   1207  1098      341.0000  1347                    171.0000  1876225         
   1211  1080      341.0000  1432                    171.0000  1861563         
   1219  1121      350.0000  1521                    171.0000  1976284         
Elapsed time = 533.79 sec. (476001.02 ticks, tree = 121.93 MB, solutions = 0)
   1222  1105      341.0000  1437                    171.0000  1940118         
   1224  1111      341.0000  1531                    171.0000  1964426         
   1227  1151      341.0000  1422                    171.0000  2042553         
   1228  1122      350.0000  1503                    171.0000  1985151         
   1231  1160      341.0000  1476                    171.0000  2110585         
   1237  1145      341.0000  1366                    171.0000  2022649         
   1243  1112      341.0000  1545                    171.0000  1978665         
   1249  1161      341.0000  1428                    171.0000  2076515         
   1250  1165      341.0000  1481                    171.0000  2184667         
   1253  1166      341.0000  1583                    171.0000  2188439         
Elapsed time = 589.58 sec. (522697.25 ticks, tree = 126.90 MB, solutions = 0)
   1257  1162      350.0000  1519                    171.0000  2113526         
   1261  1162      341.0000  1433                    171.0000  2089165         
   1269  1176      341.0000  1367                    171.0000  2228856         
   1275  1177      341.0000  1365                    171.0000  2231367         
   1283  1186      341.0000  1541                    171.0000  2344845         
   1292  1193      341.0000  1504                    171.0000  2346966         
   1301  1199      341.0000  1492                    171.0000  2349225         
   1306  1178      341.0000  1352                    171.0000  2233377         
   1313  1203      341.0000  1305                    171.0000  2386656         
   1316  1201      341.0000  1515                    171.0000  2358198         
Elapsed time = 628.55 sec. (566277.84 ticks, tree = 131.27 MB, solutions = 0)
   1327  1185      341.0000  1495                    171.0000  2315785         
   1338  1208      341.0000  1482                    171.0000  2363411         
   1351  1230      341.0000  1432                    171.0000  2496057         
   1358  1209      350.0000  1488                    171.0000  2419699         
   1366  1234      341.0000  1364                    171.0000  2477550         
   1373  1236      341.0000  1390                    171.0000  2480531         
   1384  1238      341.0000  1382                    171.0000  2483401         
   1392  1238      341.0000  1470                    171.0000  2511110         
   1404  1263      341.0000  1452                    171.0000  2539086         
   1410  1266      341.0000  1442                    171.0000  2542012         
Elapsed time = 674.46 sec. (614490.94 ticks, tree = 140.15 MB, solutions = 0)
   1415  1274      341.0000  1364                    171.0000  2580037         
   1419  1276      341.0000  1359                    171.0000  2582142         
   1427  1296      341.0000  1461                    171.0000  2620664         
   1434  1300      341.0000  1516                    171.0000  2616960         
   1446  1327      341.0000  1497                    171.0000  2682597         
   1466  1304      350.0000  1412                    171.0000  2646905         
   1474  1335      341.0000  1441                    171.0000  2686464         
   1482  1304      341.0000  1478                    171.0000  2633362         
   1486  1343      341.0000  1302                    171.0000  2712562         
   1496  1356      341.0000  1385                    171.0000  2731504         
Elapsed time = 719.37 sec. (660649.88 ticks, tree = 151.86 MB, solutions = 0)
   1500  1348      341.0000  1299                    171.0000  2718539         
   1502  1341      341.0000  1446                    171.0000  2699591         
   1508  1353      341.0000  1377                    171.0000  2748550         
   1512  1342      341.0000  1440                    171.0000  2704280         
   1518  1387      341.0000  1351                    171.0000  2819217         
   1530  1391      341.0000  1333                    171.0000  2821200         
   1534  1363      341.0000  1376                    171.0000  2754574         
   1546  1403      342.0000  1409                    171.0000  2852137         
   1561  1373      350.0000  1499                    171.0000  2797845         
   1574  1401      341.0000  1313                    171.0000  2832810         
Elapsed time = 777.90 sec. (705698.08 ticks, tree = 157.67 MB, solutions = 0)
   1581  1404      341.0000  1325                    171.0000  2835722         
   1589  1421      341.0000  1455                    171.0000  2881242         
   1596  1431      341.0000  1350                    171.0000  2906258         
   1604  1459    infeasible                          171.0000  3010557         
   1605  1472      341.0000  1442                    171.0000  3033103         
   1608  1457    infeasible                          171.0000  3011839         
   1611  1473      341.0000  1450                    171.0000  3038370         
   1614  1458      341.0000  1553                    171.0000  3024771         
   1621  1442      350.0000  1509                    171.0000  3008963         
   1626  1517      341.0000  1486                    171.0000  3134138         
Elapsed time = 848.87 sec. (754839.22 ticks, tree = 172.66 MB, solutions = 0)
   1627  1500      342.0000  1377                    171.0000  3101162         
   1633  1482      341.0000  1485                    171.0000  3072284         
   1641  1512      341.0000  1387                    171.0000  3118408         
   1647  1516      341.0000  1344                    171.0000  3120582         
   1649  1443      350.0000  1497                    171.0000  3031386         
   1658  1517      341.0000  1472                    171.0000  3174088         
   1662  1519      341.0000  1439                    171.0000  3204164         
   1667  1522      341.0000  1433                    171.0000  3207607         
   1674  1520      341.0000  1492                    171.0000  3183616         
   1676  1530      341.0000  1420                    171.0000  3213649         
Elapsed time = 880.61 sec. (810425.12 ticks, tree = 174.03 MB, solutions = 0)

Performing restart 1

Repeating presolve.
Tried aggregator 1 time.
MIP Presolve eliminated 0 rows and 620 columns.
Reduced MIP has 5039 rows, 185656 columns, and 556376 nonzeros.
Reduced MIP has 183055 binaries, 1429 generals, 0 SOSs, and 1666 indicators.
Presolve time = 0.21 sec. (236.06 ticks)
Tried aggregator 1 time.
Reduced MIP has 5039 rows, 185656 columns, and 556376 nonzeros.
Reduced MIP has 183055 binaries, 1429 generals, 0 SOSs, and 1666 indicators.
Presolve time = 0.40 sec. (377.27 ticks)
Represolve time = 1.81 sec. (1298.76 ticks)
   1677     0      171.0000  1919                  Cuts: 1359  3424978         
   1677     0      171.0000  2016                  Cuts: 1359  3431369         
   1677     0      171.0000  2266                  Cuts: 1359  3438208         
   1677     0      171.0000  2405                  Cuts: 1359  3445204         
   1677     2      171.0000  2402                    171.0000  3445204         
   1679     4      171.0000  2175                    171.0000  3448329         
   1680     5      341.0000  1839                    171.0000  3457808         
   1684     9      341.0000  1780                    171.0000  3458283         
   1697    20      341.0000  1691                    171.0000  3459012         
   1707    30      341.0000  1645                    171.0000  3460725         
   1717     4      171.0000  2143                    171.0000  3449667         
   1718    39      341.0000  1733                    171.0000  3468200         
   1721     9      341.0000  1816                    171.0000  3458281         
   1725     8      341.0000  1811                    171.0000  3458009         
Elapsed time = 1004.50 sec. (963736.90 ticks, tree = 0.02 MB, solutions = 0)
   1729    46      171.0000  2182                    171.0000  3494000         
   1733    42      370.0000  1667                    171.0000  3485714         
   1756    59      329.0000  1913                    171.0000  3508948         
   1775    51      342.0000  1922                    171.0000  3498953         
   1779     6      341.0000  1909                    171.0000  3457987         
   1780    57      341.0000  1991                    171.0000  3531378         
   1783    69      171.4971  2890                    171.0000  3553227         
   1785    54      370.0000  1627                    171.0000  3509352         
   1787    72      341.0000  1990                    171.0000  3556454         
   1788    74      341.0000  1898                    171.0000  3561836         
Elapsed time = 1064.56 sec. (1012069.37 ticks, tree = 3.43 MB, solutions = 0)
   1789    73      341.0000  1915                    171.0000  3561627         
   1793   103      341.0000  1967                    171.0000  3587019         
   1794   109      341.0000  1656                    171.0000  3624755         
   1798   111      342.0000  1998                    171.0000  3634703         
   1805   106      342.0000  1957                    171.0000  3616461         
   1820   119      341.0000  1889                    171.0000  3678576         
   1828   119      341.0000  1900                    171.0000  3659235         
   1832   123      341.0000  1970                    171.0000  3704414         
   1839   133      341.0000  1976                    171.0000  3717159         
   1869   153      342.0000  1820                    171.0000  3734252         
Elapsed time = 1130.35 sec. (1063220.59 ticks, tree = 9.23 MB, solutions = 0)
   1906   181      342.0000  1663                    171.0000  3735738         
   1943   166      341.0000  1732                    171.0000  3722030         
   2006   203      341.0000  1584                    171.0000  3759000         
   2019   126      341.0000  1664                    171.0000  3703327         
   2038   270      341.0000  1511                    171.0000  3768264         
   2051   272      341.0000  1475                    171.0000  3770614         
   2096   280      342.0000  1482                    171.0000  3769251         
   2128   288      342.0000  1444                    171.0000  3770814         
   2162   379      341.0000  1398                    171.0000  3811309         
   2195   431      341.0000  1389                    171.0000  3816634         
Elapsed time = 1178.99 sec. (1102575.62 ticks, tree = 37.72 MB, solutions = 0)
   2236   446      341.0000  1480                    171.0000  3818601         
   2287   371      342.0000  1264                    171.0000  3805035         
   2316   476      342.0000  1267                    171.0000  3839492         
   2412   548      341.0000  1346                    171.0000  3852142         
   2466   497      342.0000  1205                    171.0000  3843163         
   2545   563      341.0000  1439                    171.0000  3848663         
   2583   509      342.0000  1173                    171.0000  3846976         
   2602   557      341.0000  1835                    171.0000  3865857         
   2636   641      342.0000  1193                    171.0000  3884490         
   2675   817      341.0000  1481                    171.0000  3917206         
Elapsed time = 1224.05 sec. (1141507.62 ticks, tree = 81.15 MB, solutions = 0)
   2739   841      368.0000  1326                    171.0000  3928621         
   2783   708      342.0000  1261                    171.0000  3896014         
   2824   782      341.0000  1109                    171.0000  3917309         
   2859   832      341.0000  1825                    171.0000  3924662         
   2893   851      341.0000  1357                    171.0000  3927193         
   2901  1051    infeasible                          171.0000  3998467         
   2909   950    infeasible                          171.0000  3978462         
   2913   968      341.0000  1625                    171.0000  3975099         
   2915   969      341.0000  1608                    171.0000  3975367         
   2924  1051      341.0000  1854                    171.0000  4005618         
Elapsed time = 1301.50 sec. (1183831.36 ticks, tree = 107.87 MB, solutions = 0)
   2928  1105      341.0000  1808                    171.0000  4028817         
   2934  1110      341.0000  1528                    171.0000  4012602         
   2954   950      172.0000  2660                    171.0000  3980886         
   2959  1108      341.0000  1764                    171.0000  4044902         
   2964  1109      341.0000  1761                    171.0000  4045046         
   2967  1108      341.0000  1860                    171.0000  4032010         
   2972  1143      341.0000  1729                    171.0000  4091147         
   3022  1153      341.0000  1764                    171.0000  4094350         
   3081  1214      341.0000  1405                    171.0000  4095580         
   3151  1239      341.0000  1328                    171.0000  4098349         
Elapsed time = 1378.51 sec. (1228183.30 ticks, tree = 130.48 MB, solutions = 0)
   3188  1212      341.0000  1425                    171.0000  4101130         
   3246  1180      341.0000  1377                    171.0000  4111597         
   3337  1362      343.0000  1398                    171.0000  4137415         
   3386  1374      343.0000  1416                    171.0000  4139682         
   3417  1306      341.0000  1209                    171.0000  4131714         
   3433  1315      341.0000  1182                    171.0000  4134053         
   3449  1325      341.0000  1172                    171.0000  4136238         
   3488  1590      341.0000  1357                    171.0000  4205341         
   3596  1473      341.0000  1382                    171.0000  4176260         
   3738  1461      212.0000  1998                    171.0000  4199657         
Elapsed time = 1420.51 sec. (1268135.16 ticks, tree = 157.23 MB, solutions = 0)
   3835  1536      341.0000  1146                    171.0000  4204528         
   3883  1549      341.0000  1129                    171.0000  4206783         
   3956  1658      341.0000  1278                    171.0000  4230771         
   4038  1975      257.0000  1563                    171.0000  4290125         
   4148  2007      257.0000  1428                    171.0000  4293228         
   4260  2062      259.0000  1289                    171.0000  4295325         
   4341  1889      342.0000  1119                    171.0000  4271365         
   4401  2225      342.0000  1101                    171.0000  4368422         
   4467  2393      259.0000  1235                    171.0000  4395484         
   4744  2393      259.0000  1235                    171.0000  4395485         
Elapsed time = 1464.42 sec. (1306720.62 ticks, tree = 271.15 MB, solutions = 0)
   4796  2246      342.0000  1092                    171.0000  4375455         
   4836  2465      351.0000  1218                    171.0000  4410280         
   4859  2505      345.0000  1233                    171.0000  4437242         
   4886  2475      366.0000  1445                    171.0000  4432983         
   4923  2514      345.0000  1304                    171.0000  4441150         
   4961  2539      363.0000  1471                    171.0000  4463361         
   4992  2643      342.0000  1130                    171.0000  4504216         
   5021  2730      342.0000  1091                    171.0000  4553152         
   5061  2746      351.0000  1163                    171.0000  4558959         
   5084  2547      343.0000  1799                    171.0000  4478549         
Elapsed time = 1508.13 sec. (1346911.48 ticks, tree = 289.26 MB, solutions = 0)
   5118  2759      345.0000  1292                    171.0000  4594684         
   5148  2763      342.0000  1086                    171.0000  4562783         
   5173  2745      341.0000  1806                    171.0000  4571809         
   5198  2830      363.0000  1451                    171.0000  4625506         
   5217  2812      344.0000  1049                    171.0000  4610458         
   5261  2827      344.0000  1046                    171.0000  4612519         
   5286  2845      361.0000  1411                    171.0000  4645930         
   5297  2898      366.0000  1375                    171.0000  4662802         
   5307  2853      362.0000  1386                    171.0000  4648762         
   5312  2856      361.0000  1337                    171.0000  4650098         
Elapsed time = 1559.94 sec. (1387488.48 ticks, tree = 330.65 MB, solutions = 0)
   5317  2895    infeasible                          171.0000  4665563         
   5321  2942      347.0000  1671                    171.0000  4693697         
   5322  2935      341.0000  1839                    171.0000  4690462         
   5324  2943      347.0000  1676                    171.0000  4697558         
   5327  2954      341.0000  1957                    171.0000  4721641         
   5329  2955      343.0000  1584                    171.0000  4723274         
   5331  2956      341.0000  1848                    171.0000  4722211         
   5333  2956      341.0000  1945                    171.0000  4742005         
   5342  2968      341.0000  1927                    171.0000  4782646         
   5363  2970      341.0000  1590                    171.0000  4750556         
Elapsed time = 1649.81 sec. (1444768.57 ticks, tree = 344.26 MB, solutions = 0)
   5397  2984      341.0000  1573                    171.0000  4751673         
   5436  3017      341.0000  1431                    171.0000  4814263         
   5503  3043      341.0000  1547                    172.0000  4821474         
   5584  3059      341.0000  1321                    172.0000  4819153         
   5621  3070      341.0000  1282                    172.0000  4821148         
   5662  3150      341.0000  1246                    212.0000  4868314         
   5707  3168      341.0000  1226                    212.0000  4870633         
   5769  3187      341.0000  1167                    212.0000  4872578         
   5849  3206      341.0000  1158                    212.0000  4874767         
   5885  3248      347.0000  1668                    212.0000  4911112         
Elapsed time = 1693.47 sec. (1486695.96 ticks, tree = 378.88 MB, solutions = 0)
   5941  3084      341.0000  1852                    212.0000  4865425         
   6004  3471      343.0000  1444                    212.0000  4960015         
   6087  3412      342.0000  1439                    212.0000  4942365         
   6148  3368      341.0000  1137                    212.0000  4930171         
   6200  3479      347.0000  1678                    212.0000  4976962         
   6257  3648      341.0000  1236                    212.0000  5004167         
   6331  3711      341.0000  1072                    212.0000  5011560         
   6375  3702      341.0000  1745                    212.0000  5019797         
   6433  3701      341.0000  1080                    212.0000  5013428         
   6456  3763      347.0000  1505                    212.0000  5037646         
Elapsed time = 1756.65 sec. (1527481.08 ticks, tree = 441.85 MB, solutions = 0)
   6473  3729      341.0000  1834                    212.0000  5022051         
   6489  3789      347.0000  1556                    212.0000  5041526         
   6495  3942    infeasible                          212.0000  5099018         
   6501  3984      347.0000  1493                    212.0000  5115254         
   6503  3985      348.0000  1560                    212.0000  5115973         

GUB cover cuts applied:  450
Clique cuts applied:  49
Cover cuts applied:  67
Implied bound cuts applied:  484
Flow cuts applied:  6
Mixed integer rounding cuts applied:  1092
Zero-half cuts applied:  257
Lift and project cuts applied:  6
Gomory fractional cuts applied:  18

Root node processing (before b&c):
  Real time             =   32.13 sec. (49177.55 ticks)
Parallel b&c, 8 threads:
  Real time             = 1767.93 sec. (1702063.16 ticks)
  Sync time (average)   =  397.52 sec.
  Wait time (average)   =    0.06 sec.
                          ------------
Total (root+branch&cut) = 1800.06 sec. (1751240.71 ticks)
! --------------------------------------------------------
! Problem is UNKNOWN
! CPLEX Status = AbortTimeLim
! --------------------------------------------------------
