! Solving for graph /home/truongxuanhieu/CPLEX-MIP-for-MinSpanLabeling/benchmarks/abp/R-dwt__503.mtx.rnd
! Target value is set to 47
! Lower bound is set to 48
! Upper bound is set to 377
! Time limit is set to 1800
! Vertices mode is set to No hole
! Target value mode is set to Antibandwidth
Version identifier: 22.2.0.0 | 2026-05-04 | 5dff98e58
CPXPARAM_TimeLimit                               1800
Tried aggregator 2 times.
MIP Presolve eliminated 2764 rows and 1194 columns.
MIP Presolve modified 378934 coefficients.
Aggregator did 7033 substitutions.
Reduced MIP has 13941 rows, 202001 columns, and 603064 nonzeros.
Reduced MIP has 192708 binaries, 3266 generals, 0 SOSs, and 6027 indicators.
Presolve time = 0.63 sec. (1356.14 ticks)
Probing time = 0.69 sec. (379.45 ticks)
Tried aggregator 1 time.
Detecting symmetries...
Reduced MIP has 13941 rows, 202001 columns, and 603064 nonzeros.
Reduced MIP has 192708 binaries, 3769 generals, 0 SOSs, and 6027 indicators.
Presolve time = 0.45 sec. (376.91 ticks)
Probing time = 0.09 sec. (42.17 ticks)
Clique table members: 9668.
MIP emphasis: balance optimality and feasibility.
MIP search method: dynamic search.
Parallel mode: deterministic, using up to 8 threads.
Root relaxation solution time = 0.58 sec. (469.83 ticks)

        Nodes                                         Cuts/
   Node  Left     Objective  IInf  Best Integer    Best Bound    ItCnt     Gap

      0     0       48.0000  1833                     48.0000     3375         
      0     0       48.0000  4342                  Cuts: 3585     7194         
      0     0       48.0000  3880                  Cuts: 3585     9276         
      0     0       48.0000  3869                  Cuts: 3585    12231         
      0     0       48.0000  3630                  Cuts: 3585    15116         
      0     0       48.0000  3705                  Cuts: 1359    16658         
Detecting symmetries...
Detecting symmetries...
      0     2       48.0000  3705                     48.0000    16658         
Elapsed time = 35.23 sec. (45227.51 ticks, tree = 0.02 MB, solutions = 0)
      4     6       48.0549  4601                     48.0000    17302         
      7     3       48.0000  3605                     48.0000    16751         
     10     9       48.0000  3715                     48.0000    17895         
     14     8       48.0000  3800                     48.0000    17860         
     19    11       95.0000  2974                     48.0000    20161         
     23    22       95.0000  2945                     48.0000    26350         
     30    23       95.0000  2937                     48.0000    26352         
     38    31       95.0000  2898                     48.0000    32854         
     55    39       95.0000  3085                     48.0000    35156         
    183   146       52.0000  3813                     48.0000    36860         
Elapsed time = 39.76 sec. (48874.06 ticks, tree = 15.75 MB, solutions = 0)
    284   220       48.0000  3364                     48.0000    40781         
    357   313       95.0000  2812                     48.0000    51158         
    388   378      142.0000  2655                     48.0000    63565         
    464   425      142.0000  2610                     48.0000    77722         
    549   492       95.0000  2813                     48.0000    83838         
    607   543      142.0000  2266                     48.0000    87417         
    674   599       95.0000  2668                     48.0000    89743         
    755   689      132.0000  2871                     48.0000    95514         
    861   788      132.0000  2803                     48.0000   101219         
    967   855      142.0000  2276                     48.0000   104660         
Elapsed time = 54.01 sec. (58537.58 ticks, tree = 165.02 MB, solutions = 0)
   1092   993      142.0000  2232                     48.0000   114154         
   1210  1065      189.0000  2641                     48.0000   117376         
   1335  1173      189.0000  2075                     48.0000   126886         
   1477  1311      191.0000  2038                     48.0000   135137         
   1607  1505      189.0000  2037                     48.0000   144150         
   1741  1575      189.0000  2365                     48.0000   149704         
   1877  1702      189.0000  2011                     48.0000   157112         
   2039  1891      189.0000  2042                     48.0000   165075         
   2144  2039      189.0000  2287                     48.0000   173278         
   2251  2126      189.0000  1919                     48.0000   179072         
Elapsed time = 67.44 sec. (68127.24 ticks, tree = 465.07 MB, solutions = 0)
   2341  2215      189.0000  1760                     48.0000   188147         
   2429  2322      189.0000  1742                     48.0000   196896         
   2553  2395      237.0000  1966                     48.0000   201975         
   2715  2556      189.0000  1915                     48.0000   209952         
   2842  2582      237.0000  1912                     48.0000   210749         
   2971  2723      189.0000  2009                     48.0000   217381         
   3133  2881      189.0000  1949                     48.0000   221840         
   3290  2956      236.0000  2106                     48.0000   224658         
   3427  3232      142.0000  2291                     48.0000   235448         
   3569  3321      236.0000  1777                     48.0000   238458         
Elapsed time = 80.18 sec. (77703.39 ticks, tree = 749.46 MB, solutions = 0)
   3698  3388      236.0000  1784                     48.0000   245759         
   3827  3526       95.0000  3062                     48.0000   256007         
   3958  3642      236.0000  1623                     48.0000   262523         
   4067  3856       95.0000  2826                     48.0000   275057         
   4132  3927      189.0000  2118                     48.0000   279740         
   4197  3938       95.0000  2870                     48.0000   287236         
   4233  3980    infeasible                           48.0000   288915         
   4239  3961    infeasible                           48.0000   289020         
   4242  4082      283.0000  1791                     48.0000   296320         
   4246  4106       95.0000  3103                     48.0000   303193         
Elapsed time = 99.91 sec. (88648.85 ticks, tree = 936.43 MB, solutions = 0)
   4269  4120      283.0000  1770                     48.0000   303946         
   4342  4132      142.0000  2599                     48.0000   304985         
   4422  4168      142.0000  2559                     48.0000   307629         
   4488  4227       95.0000  2770                     48.0000   312146         
   4564  4311       95.0000  3126                     48.0000   318726         
   4640  4395       95.0000  2666                     48.0000   324019         
   4727  4444       95.0000  2793                     48.0000   333742         
   4812  4563       95.0000  2672                     48.0000   347776         
   4912  4636      190.0000  2367                     48.0000   359711         
   4996  4742      284.0000  1341                     48.0000   371431         
Elapsed time = 112.33 sec. (98273.00 ticks, tree = 1087.32 MB, solutions = 0)
   5088  4750      142.0000  2299                     48.0000   371883         
   5188  4922      142.0000  2222                     48.0000   385644         
   5310  4861      236.0000  1561                     48.0000   381273         
   5430  5127      166.0000  2145                     48.0000   396703         
   5541  5235      189.0000  2034                     48.0000   404224         
   5637  5260      189.0000  2004                     48.0000   404669         
   5729  5351      189.0000  1984                     48.0000   406969         
   5827  5428      142.0000  2313                     48.0000   415700         
   5983  5514      189.0000  1848                     48.0000   419936         
   6083  5586       95.0000  2596                     48.0000   426080         
Elapsed time = 124.33 sec. (107868.22 ticks, tree = 1289.66 MB, solutions = 0)
   6222  5872      189.0000  2026                     48.0000   440393         
   6368  5885      189.0000  2000                     48.0000   440423         
   6551  5975      189.0000  1818                     48.0000   445849         
   6696  6174      236.0000  1950                     48.0000   456155         
   6845  6412      189.0000  1911                     48.0000   464541         
   7012  6507      236.0000  1837                     48.0000   469455         
   7130  6548      189.0000  1745                     48.0000   478712         
   7243  6834      236.0000  1508                     48.0000   491835         
   7334  6837      236.0000  1501                     48.0000   492544         
   7449  7012      283.0000  1742                     48.0000   505756         
Elapsed time = 136.64 sec. (117501.04 ticks, tree = 1631.15 MB, solutions = 0)
   7556  7025      283.0000  1720                     48.0000   506171         
   7637  7239      142.0000  2164                     48.0000   529559         
   7704  7173       95.0000  2777                     48.0000   528957         
   7793  7392      142.0000  2205                     48.0000   553244         
   7878  7378       95.0000  2555                     48.0000   546019         
   7989  7572      236.0000  1663                     48.0000   569770         
   8105  7663      189.0000  2179                     48.0000   575307         
   8218  7709       95.0000  2744                     48.0000   579157         
   8325  7822       95.0000  2820                     48.0000   598604         
   8439  8015      189.0000  1955                     48.0000   607514         
Elapsed time = 148.40 sec. (127104.12 ticks, tree = 1868.18 MB, solutions = 0)
   8543  8058      189.0000  2137                     48.0000   611574         
   8716  8193       95.0000  2606                     48.0000   632011         
   8857  8192      189.0000  2140                     48.0000   629545         
   8981  8385      142.0000  2335                     48.0000   641740         
   9136  8400      142.0000  2198                     48.0000   642593         
   9244  8587      189.0000  2014                     48.0000   650718         
   9332  8792      189.0000  2126                     48.0000   656940         
   9474  8734       48.0000  3533                     48.0000   657902         
   9616  9139      142.0000  2508                     48.0000   676393         
  10173  9489      142.0000  2518                     48.0000   708346         
Elapsed time = 164.29 sec. (139548.01 ticks, tree = 2219.11 MB, solutions = 0)
Nodefile size = 156.13 MB (87.25 MB after compression)
  10853 10032      189.0000  2172                     48.0000   736916         
  11038 10568      189.0000  2105                     48.0000   768488         
  11346 10763      142.0000  2435                     48.0000   779212         
  11903 11211      189.0000  2260                     48.0000   801270         
  12355 11571      142.0000  2780                     48.0000   824340         
  12782 12004      166.0000  2469                     48.0000   844170         
  13544 12748      166.0000  2357                     48.0000   872570         
  13980 13209      142.0000  2823                     48.0000   898863         
  14579 13614      142.0000  2407                     48.0000   928169         
  15153 14254      190.0000  2035                     48.0000   971123         
Elapsed time = 220.50 sec. (177813.25 ticks, tree = 3356.58 MB, solutions = 0)
Nodefile size = 1293.21 MB (736.79 MB after compression)
  15776 14861      142.0000  2805                     48.0000  1006646         
  16509 15581      189.0000  2043                     48.0000  1027442         
  17120 16334      189.0000  2030                     48.0000  1062475         
  17743 16980      142.0000  2390                     48.0000  1109331         
  18411 17741      142.0000  1910                     48.0000  1137430         
  18871 17892      189.0000  2090                     48.0000  1142961         
  19389 18226      189.0000  1996                     48.0000  1166364         
  19966 18812      189.0000  1981                     48.0000  1188947         
  20676 19413      189.0000  2116                     48.0000  1214969         
  21247 20380      189.0000  2283                     48.0000  1263090         
Elapsed time = 271.19 sec. (216033.53 ticks, tree = 4822.98 MB, solutions = 0)
Nodefile size = 2753.11 MB (1589.82 MB after compression)
  21880 20640       95.0000  3039                     48.0000  1288573         
  22413 21434      142.0000  2422                     48.0000  1327556         
  23061 21971      142.0000  2120                     48.0000  1374437         
  23504 22505       95.0000  3081                     48.0000  1392132         
  24082 22735      189.0000  2407                     48.0000  1406914         
  24783 23646      142.0000  2356                     48.0000  1483110         
  25323 23803      142.0000  2332                     48.0000  1491990         
  26081 24645      142.0000  2259                     48.0000  1531384         
  26706 25502      142.0000  2600                     48.0000  1571785         
  27304 26255      142.0000  2253                     48.0000  1599541         
Elapsed time = 321.37 sec. (254262.12 ticks, tree = 6233.84 MB, solutions = 0)
Nodefile size = 4159.09 MB (2412.17 MB after compression)
  27854 26725      142.0000  2266                     48.0000  1624896         
  28444 27163      142.0000  2685                     48.0000  1644337         
  29217 27493      189.0000  2280                     48.0000  1658180         
  29807 28760      142.0000  2458                     48.0000  1722411         
  30397 28761      142.0000  2199                     48.0000  1718381         
  30954 29645      142.0000  2160                     48.0000  1769353         
  31569 29931      189.0000  2366                     48.0000  1779647         
  32226 30917      189.0000  2296                     48.0000  1822006         
  32709 31015      189.0000  2005                     48.0000  1825015         
  32810 32031      142.0000  2822                     48.0000  1866631         
Elapsed time = 374.95 sec. (292505.23 ticks, tree = 7625.53 MB, solutions = 0)
Nodefile size = 5553.00 MB (3234.85 MB after compression)
  33161 32031      171.0000  2476                     48.0000  1866891         
  33839 32099      142.0000  2762                     48.0000  1878843         
  34635 32980      142.0000  2633                     52.0000  1908486         
  35312 33517      142.0000  2407                     52.0000  1927602         
  36018 34333       99.0000  2882                     52.0000  1966752         
  36730 35093       99.0000  2466                     52.0000  1996374         
  37202 35151       95.0000  3014                     52.0000  2002401         
  37982 35995       99.0000  2701                     52.0000  2044190         
  38459 36335      143.0000  2619                     52.0000  2065629         

Performing restart 1

Repeating presolve.
Tried aggregator 1 time.
Reduced MIP has 13941 rows, 202001 columns, and 603064 nonzeros.
Reduced MIP has 192708 binaries, 3769 generals, 0 SOSs, and 6027 indicators.
Presolve time = 0.24 sec. (260.96 ticks)
Tried aggregator 1 time.
Reduced MIP has 13941 rows, 202001 columns, and 603064 nonzeros.
Reduced MIP has 192708 binaries, 3769 generals, 0 SOSs, and 6027 indicators.
Presolve time = 0.43 sec. (390.33 ticks)
Represolve time = 1.87 sec. (1328.84 ticks)
  38586     0       48.0000  4852                  Cuts: 3585  2110106         
  38586     0       48.0000  4959                  Cuts: 3585  2113470         
  38586     0       48.0000  5311                  Cuts: 3585  2116240         
  38586     0       48.0000  5514                  Cuts: 3500  2121583         
  38586     2       48.0000  4472                     52.0000  2121583         
Elapsed time = 521.10 sec. (468362.44 ticks, tree = 0.02 MB, solutions = 0)
  38701    84       50.0000  3906                     52.0000  2132279         
  39118   416      236.0000  2272                     52.0000  2154343         
  39960  1235      236.0000  1993                     52.0000  2179053         
  40402  1600      252.0000  2091                     52.0000  2191152         
  40463  1777      252.0000  1992                     52.0000  2203878         
  40911  2185      312.0000  1680                     52.0000  2222081         
  41264  2430      314.0000  2207                     52.0000  2245959         
  41530  2741      283.0000  2309                     52.0000  2272838         
  41954  3161      283.0000  2089                     52.0000  2303801         
  42216  3362      283.0000  2022                     52.0000  2317097         
Elapsed time = 582.16 sec. (506597.77 ticks, tree = 628.88 MB, solutions = 0)
  42366  3561      283.0000  1946                     52.0000  2337473         
  42492  3666      283.0000  1901                     52.0000  2346347         
  42593  3781      344.0000  1537                     52.0000  2360588         
  42657  3413      373.0000  3386                     52.0000  2333471         
  42668  3887      236.0000  2700                     52.0000  2397529         
  42765  3946      237.0000  2508                     52.0000  2417336         
  42817  3987      283.0000  1817                     52.0000  2422694         
  42985  4162      283.0000  1782                     52.0000  2432379         
  43084  4254      283.0000  1744                     52.0000  2441854         
  43164  4294    infeasible                           52.0000  2459433         
Elapsed time = 647.55 sec. (548859.72 ticks, tree = 823.74 MB, solutions = 0)
  43226  4401      283.0000  1694                     52.0000  2470928         
  43309  4448      377.0000  2755                     52.0000  2494017         
  43322  4509      346.0000  2292                     52.0000  2504563         
  43481  4613      189.0000  2596                     52.0000  2510476         
  43529  4503    infeasible                           52.0000  2507076         
  43530  4504    infeasible                           52.0000  2513410         

Performing restart 2

Repeating presolve.
Tried aggregator 1 time.
Reduced MIP has 13941 rows, 202001 columns, and 628014 nonzeros.
Reduced MIP has 192708 binaries, 3769 generals, 0 SOSs, and 6027 indicators.
Presolve time = 0.26 sec. (270.39 ticks)
Tried aggregator 1 time.
Reduced MIP has 13941 rows, 202001 columns, and 628014 nonzeros.
Reduced MIP has 192708 binaries, 3769 generals, 0 SOSs, and 6027 indicators.
Presolve time = 0.47 sec. (381.98 ticks)
Represolve time = 3.66 sec. (3096.72 ticks)
  43532     0       48.0000  5227                  Cuts: 3585  2555298         
  43532     0       48.0000  5390                  Cuts: 3585  2562437         
  43532     0       48.0000  5439                  Cuts: 3585  2566876         
  43532     0       48.0000  5519                  Cuts: 3585  2570545         
  43532     0       48.0000  5632                  Cuts: 3585  2575371         
  43532     0       48.0000  5708                  Cuts: 3585  2579666         
  43532     2       48.0000  4709                     52.0000  2579666         
  43552    22       95.0000  3601                     52.0000  2583360         
  43688   132      142.0000  2475                     52.0000  2590688         
  43836   264      189.0000  2159                     52.0000  2605780         
Elapsed time = 967.67 sec. (988427.74 ticks, tree = 30.85 MB, solutions = 0)
  44022   401      189.0000  2129                     52.0000  2619242         
  44241   589      189.0000  2382                     52.0000  2632188         
  44473   861      194.0000  2290                     52.0000  2648494         
  44662  1018      189.0000  2164                     52.0000  2657032         
  44930  1201      213.0000  2099                     52.0000  2674692         
  45379  1448      218.0000  1734                     52.0000  2687451         
  45841  2127      228.0000  1906                     52.0000  2736877         
  46058  2382      142.0000  2903                     52.0000  2784632         
  46233  2504      190.0000  2710                     72.0000  2812775         
  46413  2726      189.0000  2697                     72.0000  2827348         
Elapsed time = 1037.43 sec. (1026706.55 ticks, tree = 505.37 MB, solutions = 0)
  46608  2813      190.0000  2470                     72.0000  2833018         
  46827  3063      283.0000  2329                     72.0000  2846679         
  47044  3306      189.0000  2359                     72.0000  2851777         
  47237  3501      142.0000  2461                     72.0000  2863886         
  47396  3640      205.0000  2494                     72.0000  2879954         
  47553  3802      252.0000  2314                     72.0000  2894766         
  47698  3915      252.0000  2230                     72.0000  2906262         
  47848  4113      252.0000  2129                     72.0000  2923205         
  48017  4305      237.0000  2097                     72.0000  2933877         
  48163  4432      237.0000  2080                     72.0000  2942743         
Elapsed time = 1117.31 sec. (1065205.51 ticks, tree = 861.87 MB, solutions = 0)
  48322  4612      275.0000  2032                     72.0000  2955857         
  48468  4698      244.0000  1940                     72.0000  2961728         
  48610  4851      252.0000  1944                     72.0000  2988282         
  48744  4990      236.0000  1840                     72.0000  3001636         
  48886  5072      244.0000  1824                     72.0000  3008466         
  49010  5266      143.0000  2604                     72.0000  3024301         
  49128  5336      284.0000  1832                     72.0000  3038926         
  49244  5512      142.0000  2731                     72.0000  3057344         
  49364  5578      285.0000  1754                     72.0000  3063944         
  49561  5701      278.0000  2287                     72.0000  3087887         
Elapsed time = 1187.63 sec. (1103485.68 ticks, tree = 1130.41 MB, solutions = 0)
  49637  5913      325.0000  2246                     72.0000  3113855         
  49699  5954       95.0000  3512                     72.0000  3119688         
  49766  5992       95.0000  3962                     72.0000  3158479         
  49852  6104      120.0000  3183                     72.0000  3193765         
  49934  6146      168.0000  2698                     72.0000  3199451         
  50029  6210      142.0000  2788                     72.0000  3212505         
  50135  6318      189.0000  2393                     72.0000  3232369         
  50262  6409      142.0000  2902                     72.0000  3246374         
  50372  6506      237.0000  2500                     72.0000  3259938         
  50481  6695      142.0000  2692                     72.0000  3307383         
Elapsed time = 1254.73 sec. (1141911.91 ticks, tree = 1340.89 MB, solutions = 0)
  50576  6708      189.0000  2977                     72.0000  3333394         
  50692  6870       95.0000  3678                     72.0000  3367235         
  50818  6987      143.0000  3224                     72.0000  3390904         
  50973  7127      189.0000  2490                     72.0000  3405701         
  51101  7220      283.0000  2296                     72.0000  3413006         
  51414  7484      142.0000  2505                     72.0000  3446385         
  51570  7520       94.0000  3984                     72.0000  3452394         
  51814  7672      144.0000  2978                     72.0000  3467449         
  52191  8199      125.0000  2693                     72.0000  3508929         
  52619  8455      142.0000  2527                     72.0000  3532230         
Elapsed time = 1316.20 sec. (1180177.69 ticks, tree = 1718.72 MB, solutions = 0)
  52737  8477       95.0000  4071                     72.0000  3535281         
  52832  8889      204.0000  3291                     72.0000  3563978         
  52967  9040      142.0000  2988                     72.0000  3586908         
  53112  9129      250.0000  2579                     72.0000  3602692         
  53251  9257      189.0000  2632                     72.0000  3625345         
  53387  9539      142.0000  2747                     72.0000  3644432         
  53535  9597      361.0000  1991                     72.0000  3651829         
  53678  9816      204.0000  2537                     72.0000  3666012         
  53832  9942      264.0000  2346                     72.0000  3675215         
  53969 10066      301.0000  2333                     72.0000  3697049         
Elapsed time = 1386.37 sec. (1218476.32 ticks, tree = 2070.51 MB, solutions = 0)
Nodefile size = 10.44 MB (6.58 MB after compression)
  54066 10184      109.0000  4076                     72.0000  3719432         
  54181 10317      189.0000  2651                     72.0000  3740797         
  54311 10341      189.0000  2508                     72.0000  3741904         
  54477 10402      156.0000  2934                     72.0000  3748105         
  54794 10675      234.0000  2372                     72.0000  3773237         
  55098 10727      119.0000  3365                     72.0000  3779182         
  55245 11127      172.0000  2876                     72.0000  3808182         
  55378 11482      219.0000  2617                     72.0000  3852450         
  55514 11435      237.0000  2447                     72.0000  3846423         
  55639 11722      236.0000  2412                     72.0000  3878419         
Elapsed time = 1452.53 sec. (1256892.10 ticks, tree = 2435.62 MB, solutions = 0)
Nodefile size = 377.65 MB (238.32 MB after compression)
  55799 11814      189.0000  2313                     72.0000  3884341         
  55970 11896      251.0000  2296                     72.0000  3899976         
  56184 12160      278.0000  2335                     72.0000  3919555         
  56501 12352      280.0000  2386                     72.0000  3933064         
  56880 12416      213.0000  2548                     72.0000  3937961         
  57310 12845      189.0000  2825                     72.0000  3977840         
  57463 12990       95.0000  3903                     72.0000  3983199         
  57582 13441      192.0000  2677                     72.0000  4019252         
  57740 13728      189.0000  2580                     72.0000  4073252         
  57908 13699      189.0000  2700                     72.0000  4064759         
Elapsed time = 1520.76 sec. (1295252.01 ticks, tree = 2868.32 MB, solutions = 0)
Nodefile size = 800.51 MB (505.34 MB after compression)
  58081 13796      142.0000  2760                     72.0000  4087071         
  58253 14251      190.0000  2270                     72.0000  4119427         
  58421 14221      236.0000  2124                     72.0000  4120312         
  58663 14524      189.0000  2575                     72.0000  4133450         
  59069 14618      189.0000  2611                     72.0000  4140866         
  59480 14910      240.0000  2846                     72.0000  4159867         
  59824 15236      189.0000  2540                     72.0000  4178589         
  60018 15468      236.0000  2298                     72.0000  4192589         
  60106 16141      283.0000  2258                     72.0000  4251724         
  60218 16116      188.0000  2737                     72.0000  4250024         
Elapsed time = 1585.48 sec. (1333701.92 ticks, tree = 3402.31 MB, solutions = 0)
Nodefile size = 1333.97 MB (846.03 MB after compression)
  60331 16307      189.0000  2470                     72.0000  4296569         
  60456 16386      143.0000  3020                     72.0000  4317883         
  60579 16527      189.0000  2656                     72.0000  4332677         
  60705 16548      230.0000  2647                     72.0000  4334920         
  60828 16654      189.0000  2315                     72.0000  4344486         
  60948 16909      213.0000  2469                     72.0000  4384504         
  61052 16807      236.0000  2199                     72.0000  4372904         
  61150 17143      189.0000  3759                     72.0000  4432378         
  61263 17020      189.0000  2628                     72.0000  4405386         
  61373 17159      330.0000  2404                     72.0000  4425851         
Elapsed time = 1655.23 sec. (1372096.50 ticks, tree = 3637.47 MB, solutions = 0)
Nodefile size = 1565.05 MB (995.18 MB after compression)
  61486 17307      143.0000  2821                     72.0000  4457475         
  61603 17283      283.0000  2403                     72.0000  4455863         
  61730 17500      189.0000  2400                     72.0000  4491330         
  61884 17720      287.0000  2378                     72.0000  4509714         
  62015 17919      189.0000  2361                     72.0000  4527021         
  62138 17742      142.0000  3023                     72.0000  4529493         
  62286 18045      369.0000  2266                     72.0000  4540305         
  62433 18129      283.0000  2231                     72.0000  4542054         
  62557 18428      299.0000  2376                     72.0000  4592436         
  62683 18489      189.0000  2380                     72.0000  4597529         
Elapsed time = 1726.49 sec. (1410484.97 ticks, tree = 3940.56 MB, solutions = 0)
Nodefile size = 1876.82 MB (1201.71 MB after compression)
  62813 18599      190.0000  2629                     72.0000  4611853         
  62932 18553      142.0000  3093                     72.0000  4612778         
  63055 18806      166.0000  2855                     72.0000  4649814         
  63185 18748       95.0000  4224                     72.0000  4651280         
  63330 18997      237.0000  2467                     72.0000  4671652         
  63520 19371      237.0000  2405                     72.0000  4712265         
  63746 19213      330.0000  2302                     72.0000  4709926         
  63949 19230      330.0000  2470                     72.0000  4712317         
  64132 19589      330.0000  2354                     72.0000  4758270         
  64265 19532      275.0000  2677                     72.0000  4751653         
Elapsed time = 1795.57 sec. (1448922.02 ticks, tree = 4177.68 MB, solutions = 0)
Nodefile size = 2100.64 MB (1350.53 MB after compression)
  64376 19831      165.0000  2783                     72.0000  4784771         
  64394 19489      240.0000  2394                     72.0000  4723560         

GUB cover cuts applied:  1297
Clique cuts applied:  268
Cover cuts applied:  216
Implied bound cuts applied:  1843
Flow cuts applied:  75
Mixed integer rounding cuts applied:  3049
Zero-half cuts applied:  32
Lift and project cuts applied:  1
Gomory fractional cuts applied:  11

Root node processing (before b&c):
  Real time             =   34.91 sec. (45030.17 ticks)
Parallel b&c, 8 threads:
  Real time             = 1766.14 sec. (1412849.74 ticks)
  Sync time (average)   =  385.64 sec.
  Wait time (average)   =    0.41 sec.
                          ------------
Total (root+branch&cut) = 1801.06 sec. (1457879.91 ticks)
! --------------------------------------------------------
! Problem is UNKNOWN
! CPLEX Status = AbortTimeLim
! --------------------------------------------------------
