! Solving for graph /home/truongxuanhieu/CPLEX-MIP-for-MinSpanLabeling/benchmarks/cabp/D-bcsstk01.mtx.rnd
! Target value is set to 8
! Lower bound is set to 9
! Upper bound is set to 48
! Time limit is set to 1800
! Vertices mode is set to Has hole
! Target value mode is set to Cyclic Antibandwidth
Version identifier: 22.2.0.0 | 2026-05-04 | 5dff98e58
CPXPARAM_TimeLimit                               1800
Tried aggregator 2 times.
MIP Presolve eliminated 177 rows and 120 columns.
MIP Presolve modified 2328 coefficients.
Aggregator did 496 substitutions.
Reduced MIP has 1122 rows, 3129 columns, and 7280 nonzeros.
Reduced MIP has 2504 binaries, 225 generals, 0 SOSs, and 400 indicators.
Presolve time = 0.01 sec. (12.03 ticks)
Probing time = 0.02 sec. (22.56 ticks)
Tried aggregator 1 time.
Detecting symmetries...
Reduced MIP has 1122 rows, 3129 columns, and 7280 nonzeros.
Reduced MIP has 2504 binaries, 273 generals, 0 SOSs, and 400 indicators.
Presolve time = 0.01 sec. (6.72 ticks)
Probing time = 0.00 sec. (3.26 ticks)
Clique table members: 3272.
MIP emphasis: balance optimality and feasibility.
MIP search method: dynamic search.
Parallel mode: deterministic, using up to 8 threads.
Root relaxation solution time = 0.01 sec. (5.91 ticks)

        Nodes                                         Cuts/
   Node  Left     Objective  IInf  Best Integer    Best Bound    ItCnt     Gap

      0     0       16.0000   143                     16.0000      181         
      0     0       16.0000   323                   Cuts: 380      372         
      0     0       16.0000   211                   Cuts: 380      527         
      0     0       16.0000   281                   Cuts: 380      691         
Detecting symmetries...
      0     2       16.0000   222                     16.0000      691         
Elapsed time = 0.58 sec. (346.85 ticks, tree = 0.02 MB, solutions = 0)
   1294   957       40.0000    89                     16.0000    19488         
   3137  2254       31.0000   160                     16.0000    39503         
   5005  3536       33.0000   139                     16.0000    62730         
   6734  4892       42.0000    23                     16.0000    89044         

Performing restart 1

Repeating presolve.
Tried aggregator 1 time.
Reduced MIP has 1122 rows, 3129 columns, and 7280 nonzeros.
Reduced MIP has 2504 binaries, 273 generals, 0 SOSs, and 400 indicators.
Presolve time = 0.00 sec. (5.07 ticks)
Tried aggregator 1 time.
Reduced MIP has 1122 rows, 3129 columns, and 7280 nonzeros.
Reduced MIP has 2504 binaries, 273 generals, 0 SOSs, and 400 indicators.
Presolve time = 0.01 sec. (6.91 ticks)
Represolve time = 0.04 sec. (35.99 ticks)
   6811     0       16.0000   303                   Cuts: 380    99030         
   6811     0       16.0000   407                   Cuts: 380    99657         
   6811     0       16.0000   398                   Cuts: 345   100692         
   6811     0       16.1455   502                   Cuts: 380   102037         
   6811     0       17.0000   499                   Cuts: 300   102718         
   6811     0       17.0000   466                   Cuts: 380   103527         
   6811     0       17.0000   438                   Cuts: 380   104338         
   6811     0       17.0000   469                   Cuts: 380   105255         
*  6811+    0                           48.0000       17.0000            64.58%
   6811     0       17.1429   470       48.0000     Cuts: 188   105733   64.29%
   6811     0       18.0000   454       48.0000     Cuts: 372   106364   62.50%
   6811     0       18.0000   470       48.0000     Cuts: 380   107077   62.50%
   6811     2       18.0000   381       48.0000       18.0000   107077   62.50%
   6841    19       32.0000   188       48.0000       18.0000   107695   62.50%
   7368   395       33.0000   274       48.0000       18.0000   115635   62.50%
   7786   636       32.0000   190       48.0000       18.0000   126670   62.50%
   8183   868       32.0000   160       48.0000       18.0000   136824   62.50%
   9006  1613       23.0000   272       48.0000       18.0000   173192   62.50%
Elapsed time = 8.72 sec. (5912.89 ticks, tree = 4.08 MB, solutions = 1)
  10134  2291       24.0000   335       48.0000       18.0000   223830   62.50%

Performing restart 2

Repeating presolve.
Tried aggregator 1 time.
MIP Presolve eliminated 0 rows and 47 columns.
MIP Presolve modified 519 coefficients.
Reduced MIP has 1122 rows, 3082 columns, and 8713 nonzeros.
Reduced MIP has 2457 binaries, 273 generals, 0 SOSs, and 400 indicators.
Presolve time = 0.00 sec. (5.63 ticks)
Tried aggregator 1 time.
Reduced MIP has 1122 rows, 3082 columns, and 8713 nonzeros.
Reduced MIP has 2457 binaries, 273 generals, 0 SOSs, and 400 indicators.
Presolve time = 0.01 sec. (7.39 ticks)
Represolve time = 0.09 sec. (91.23 ticks)
  10269     0       19.0000   458       48.0000     Cuts: 380   260541   60.42%
  10269     0       19.0000   519       48.0000     Cuts: 332   261208   60.42%
  10269     0       19.0000   432       48.0000     Cuts: 139   261711   60.42%
  10269     0       19.0000   462       48.0000     Cuts: 380   262476   60.42%
  10269     0       19.0000   411       48.0000     Cuts: 189   262976   60.42%
  10269     0       19.0000   451       48.0000     Cuts: 380   263609   60.42%
  10269     0       19.0000   465       48.0000     Cuts: 320   264305   60.42%
  10269     0       19.0000   425       48.0000     Cuts: 380   264892   60.42%
  10269     0       19.0000   449       48.0000     Cuts: 380   265693   60.42%
  10269     0       19.0000   428       48.0000     Cuts: 271   266421   60.42%
  10269     0       19.0000   451       48.0000     Cuts: 380   267385   60.42%
  10269     2       19.0000   304       48.0000       19.0000   267385   60.42%
  10697   328       33.0000   205       48.0000       19.0000   281616   60.42%
  11113   617    infeasible             48.0000       19.0000   317119   60.42%
  11468   858       37.0000   181       48.0000       24.0000   351322   50.00%
  11786  1026       32.0000   262       48.0000       24.0000   383658   50.00%
  12107  1253    infeasible             48.0000       24.0000   427753   50.00%
  12353  1446       32.0000   291       48.0000       24.0000   478636   50.00%
  12528  1562       25.0000   237       48.0000       24.0000   527984   50.00%
  12828  1754       36.0000   188       48.0000       24.0000   575399   50.00%
Elapsed time = 25.52 sec. (18394.58 ticks, tree = 3.82 MB, solutions = 1)
  13072  1859       24.0000   381       48.0000       24.0000   611464   50.00%
  13305  2027       25.0000   303       48.0000       24.0000   675595   50.00%
  13548  2186       33.0000   219       48.0000       24.0000   744793   50.00%
  13864  2370       41.0000   238       48.0000       24.0000   806148   50.00%
  14251  2580       25.0000   299       48.0000       24.0000   868502   50.00%
  14553  2803       33.0000   298       48.0000       24.0000   942500   50.00%
  14860  3000       38.0000   304       48.0000       24.0000  1011354   50.00%
  15158  3185       40.0000   241       48.0000       24.0000  1068214   50.00%
  15523  3347       32.0000   352       48.0000       24.0000  1123955   50.00%
  15691  3517       32.0000   259       48.0000       24.0000  1173747   50.00%
Elapsed time = 40.11 sec. (27976.12 ticks, tree = 7.92 MB, solutions = 1)
  16015  3705       32.0000   340       48.0000       24.0000  1248005   50.00%
  16369  3868    infeasible             48.0000       24.0000  1295152   50.00%
  16778  4022        cutoff             48.0000       24.0000  1336624   50.00%
  17075  4291       37.0000   340       48.0000       24.0000  1398693   50.00%
  17369  4503       40.0000   226       48.0000       24.0000  1436108   50.00%
  17718  4680       32.0000   283       48.0000       24.0000  1462558   50.00%
  18124  4920       32.0000   280       48.0000       24.0000  1516157   50.00%
  18504  5220       25.0000   306       48.0000       24.0000  1570063   50.00%
  18712  5311       33.0000   293       48.0000       24.0000  1598015   50.00%
  18931  5450       32.0000   354       48.0000       24.0000  1631850   50.00%
Elapsed time = 54.13 sec. (37554.63 ticks, tree = 33.72 MB, solutions = 1)
  19134  5662        cutoff             48.0000       24.0000  1703383   50.00%
  19287  5720       32.0000   288       48.0000       24.0000  1737128   50.00%
  19440  5791       39.0000   243       48.0000       24.0000  1754340   50.00%
  19750  5918    infeasible             48.0000       24.0000  1822950   50.00%
  19903  6099       25.2857   461       48.0000       24.0000  1873748   50.00%
  20033  6127       40.0000   199       48.0000       24.0000  1887871   50.00%
  20235  6237       39.0000   362       48.0000       24.0000  1946618   50.00%
  20376  6366       32.0000   316       48.0000       25.0000  2002079   47.92%
  20511  6452        cutoff             48.0000       25.0000  2047880   47.92%
  20621  6536       28.0000   410       48.0000       25.0000  2078634   47.92%
Elapsed time = 68.90 sec. (47137.74 ticks, tree = 46.06 MB, solutions = 1)
  20709  6570       33.0979   440       48.0000       25.0000  2106311   47.92%
  20779  6589       42.0000   275       48.0000       25.0000  2144023   47.92%
  20860  6654       33.0000   309       48.0000       25.0000  2211639   47.92%
  20925  6672       42.0000   409       48.0000       25.0000  2230632   47.92%
  21071  6750       47.0000   234       48.0000       25.0000  2281576   47.92%
  21200  6772       41.0000   418       48.0000       25.0000  2311711   47.92%
  21308  6899       42.0000   218       48.0000       25.0000  2366912   47.92%
  21380  6929       41.0000   256       48.0000       25.0000  2411944   47.92%
  21447  6937       33.0000   309       48.0000       25.0000  2429086   47.92%
  21527  6974       25.0000   399       48.0000       25.0000  2462326   47.92%
Elapsed time = 82.71 sec. (56815.81 ticks, tree = 49.76 MB, solutions = 1)
  21594  7023       38.0000   253       48.0000       25.0000  2502760   47.92%
  21641  7064       42.0000   253       48.0000       25.0000  2533314   47.92%
  21689  7064       32.0000   369       48.0000       25.0000  2567830   47.92%
  21759  7067       33.0000   381       48.0000       25.0000  2579362   47.92%
  21857  7112       25.6000   498       48.0000       25.0000  2622619   47.92%
  21900  7169       26.0632   461       48.0000       25.0000  2678695   47.92%
  21941  7173       30.0000   508       48.0000       25.0000  2696671   47.92%
  21985  7194       33.0000   486       48.0000       25.0000  2735321   47.92%
  22024  7212       41.0000   286       48.0000       25.0000  2761994   47.92%
  22082  7232       33.0889   490       48.0000       25.0000  2805284   47.92%
Elapsed time = 95.61 sec. (66504.74 ticks, tree = 53.06 MB, solutions = 1)
  22144  7255       33.8235   420       48.0000       25.0000  2837399   47.92%
  22233  7298       25.0000   441       48.0000       25.0000  2894677   47.92%
  22334  7333       33.0000   407       48.0000       25.0000  2919115   47.92%
  22430  7388       28.0000   435       48.0000       25.0000  2948260   47.92%
  22521  7414       47.0000   283       48.0000       25.0000  2963422   47.92%
  22586  7483    infeasible             48.0000       25.0000  3030065   47.92%
  22656  7496        cutoff             48.0000       25.0000  3045973   47.92%
  22728  7508       29.0000   399       48.0000       25.0000  3077495   47.92%
  22809  7545    infeasible             48.0000       25.0000  3120180   47.92%
  22878  7589       27.0000   382       48.0000       25.0000  3191271   47.92%
Elapsed time = 109.01 sec. (76159.96 ticks, tree = 56.88 MB, solutions = 1)
  22934  7587       33.0000   392       48.0000       25.0000  3189965   47.92%
  23017  7620       34.7308   474       48.0000       25.0000  3230882   47.92%
  23064  7627       25.0000   429       48.0000       25.0000  3238688   47.92%
  23115  7674       32.0000   275       48.0000       25.0000  3289433   47.92%
  23180  7697       41.0000   249       48.0000       25.0000  3318896   47.92%
  23237  7721       26.0000   442       48.0000       25.0000  3362728   47.92%
  23311  7740    infeasible             48.0000       25.0000  3384844   47.92%
  23391  7765       33.0000   389       48.0000       25.0000  3433911   47.92%
  23456  7787       40.0000   280       48.0000       25.0000  3454493   47.92%
  23545  7806    infeasible             48.0000       25.0000  3475876   47.92%
Elapsed time = 122.86 sec. (85840.78 ticks, tree = 60.27 MB, solutions = 1)
  23609  7838       32.0000   465       48.0000       25.0000  3511310   47.92%
  23682  7887       25.7442   494       48.0000       25.0000  3561911   47.92%
  23724  7889       32.0000   374       48.0000       25.0000  3566984   47.92%
  23762  7953       31.0000   345       48.0000       25.0000  3643234   47.92%
  23803  7922       25.0000   476       48.0000       25.0000  3593283   47.92%
  23862  7977       32.0000   432       48.0000       25.0000  3705195   47.92%
  23935  7988       45.3617   317       48.0000       25.0000  3723064   47.92%
  24002  8003       32.0000   416       48.0000       25.0000  3742277   47.92%
  24047  8070        cutoff             48.0000       25.0000  3826699   47.92%
  24177  8113       33.0000   366       48.0000       25.0000  3909298   47.92%
Elapsed time = 138.74 sec. (98438.99 ticks, tree = 63.42 MB, solutions = 1)
  24304  8165       33.2205   490       48.0000       25.0000  4068840   47.92%
  24609  8232       40.0000   284       48.0000       25.0000  4172699   47.92%
  24843  8395       46.0000   245       48.0000       25.0000  4312651   47.92%
  24989  8493        cutoff             48.0000       25.0000  4496039   47.92%
  25307  8578       32.0000   294       48.0000       25.0000  4595338   47.92%
  25555  8712       33.0000   401       48.0000       25.0000  4692939   47.92%
  25701  8764       33.0000   400       48.0000       25.0000  4797513   47.92%
  25862  8841       41.0000   253       48.0000       25.0000  5003985   47.92%
  26087  8881       32.0000   409       48.0000       25.0000  5060224   47.92%
  26377  9013       30.0000   467       48.0000       25.0000  5197461   47.92%
Elapsed time = 187.15 sec. (136827.45 ticks, tree = 83.00 MB, solutions = 1)
  26542  9093       40.0000   372       48.0000       25.0000  5352001   47.92%
  26778  9120       40.0000   380       48.0000       25.0000  5391890   47.92%
  26979  9247    infeasible             48.0000       25.0000  5576242   47.92%
  27182  9303       25.0347   510       48.0000       25.0000  5665162   47.92%
  27336  9380       32.0000   478       48.0000       25.0000  5799942   47.92%
  27484  9441       33.0000   417       48.0000       25.0000  5924324   47.92%
  27694  9483       33.0000   388       48.0000       25.0000  6044525   47.92%
  27988  9539       25.0451   466       48.0000       25.0000  6109917   47.92%
  28127  9640       35.0000   423       48.0000       25.0000  6228589   47.92%
  28232  9690       41.0000   357       48.0000       25.0000  6348870   47.92%
Elapsed time = 235.72 sec. (175269.58 ticks, tree = 100.16 MB, solutions = 1)
  28312  9721    infeasible             48.0000       25.0000  6481667   47.92%
  28510  9743        cutoff             48.0000       25.0000  6558273   47.92%
  28812  9835       39.0000   315       48.0000       25.0000  6667429   47.92%
  29002  9871       25.0000   517       48.0000       25.0000  6729459   47.92%
  29173 10006       46.0000   310       48.0000       25.0000  6924158   47.92%
  29270 10018       25.0000   520       48.0000       25.0000  6962731   47.92%
  29384 10092       41.0000   334       48.0000       25.0000  7101333   47.92%
  29566 10094       37.0000   266       48.0000       25.0000  7156814   47.92%
  29828 10204       33.0000   421       48.0000       25.0000  7320761   47.92%
  29963 10242    infeasible             48.0000       25.0000  7388653   47.92%
Elapsed time = 285.00 sec. (213733.87 ticks, tree = 116.42 MB, solutions = 1)
  30053 10304       33.0000   531       48.0000       25.0000  7463723   47.92%
  30148 10361       33.0000   504       48.0000       25.0000  7662268   47.92%
  30331 10399       25.0000   410       48.0000       25.0000  7793873   47.92%
  30616 10466       25.0000   495       48.0000       25.0000  7895091   47.92%
  30835 10477       45.0000   292       48.0000       25.0000  7909420   47.92%
  31084 10613       32.0000   315       48.0000       25.0000  8062935   47.92%
  31203 10620       32.0000   503       48.0000       25.0000  8093446   47.92%
  31256 10722       43.0000   321       48.0000       25.0000  8207341   47.92%
  31350 10764        cutoff             48.0000       25.0000  8406019   47.92%
  31516 10771       32.0000   515       48.0000       25.0000  8436391   47.92%
Elapsed time = 332.31 sec. (252145.09 ticks, tree = 134.77 MB, solutions = 1)
  31741 10821        cutoff             48.0000       25.0000  8589477   47.92%
  31902 10843       40.0000   347       48.0000       25.0000  8615849   47.92%
  32057 10923       28.0000   509       48.0000       25.0000  8747634   47.92%
  32186 10996       42.0000   326       48.0000       25.0000  8870908   47.92%
  32249 11046    infeasible             48.0000       25.0000  8983275   47.92%
  32344 11073       32.0000   574       48.0000       25.0000  9113591   47.92%
  32497 11100       33.0000   514       48.0000       25.0000  9142536   47.92%
  32688 11160       44.0000   340       48.0000       25.0000  9249940   47.92%
  32824 11236       40.0000   337       48.0000       25.0000  9397814   47.92%
  32931 11283       42.2500   342       48.0000       25.0000  9508010   47.92%
Elapsed time = 378.83 sec. (290534.05 ticks, tree = 153.08 MB, solutions = 1)
  33115 11313       25.5775   504       48.0000       25.0000  9591977   47.92%
  33317 11376       40.0000   378       48.0000       25.0000  9694113   47.92%
  33498 11364    infeasible             48.0000       25.0035  9688160   47.91%
  33631 11404    infeasible             48.0000       25.0053  9748142   47.91%
  33769 11533       32.0000   432       48.0000       25.0060 10002516   47.90%
  33873 11570       41.0000   271       48.0000       25.0064 10157845   47.90%
  33974 11557       25.8531   596       48.0000       25.0064 10134923   47.90%
  34138 11616    infeasible             48.0000       25.0174 10332517   47.88%
  34372 11644       40.0000   421       48.0000       25.0174 10364963   47.88%
  34605 11689       32.0000   417       48.0000       25.0258 10453301   47.86%
Elapsed time = 426.37 sec. (328836.48 ticks, tree = 165.20 MB, solutions = 1)
  34828 11779       32.0000   404       48.0000       25.0275 10567948   47.86%
  35032 11863    infeasible             48.0000       25.0575 10713954   47.80%
  35275 11927       33.0000   406       48.0000       25.0870 10805254   47.74%
  35536 11957       46.0000   382       48.0000       25.1373 10879668   47.63%
  35741 12003       35.0000   490       48.0000       25.1818 10967940   47.54%
  35948 12157       34.0000   301       48.0000       25.5000 11128128   46.87%
  36153 12236       40.0000   350       48.0000       25.6000 11238802   46.67%
  36347 12312       32.0000   424       48.0000       25.8313 11317454   46.18%
  36512 12306       34.0000   355       48.0000       25.9074 11307034   46.03%
  36646 12466       37.0000   353       48.0000       26.0000 11595588   45.83%
Elapsed time = 475.42 sec. (367416.78 ticks, tree = 199.37 MB, solutions = 1)
  36784 12473       32.0000   434       48.0000       26.0000 11609027   45.83%
  36940 12499       34.0000   407       48.0000       26.0000 11733807   45.83%
  37133 12598    infeasible             48.0000       26.0000 11928253   45.83%
  37370 12645        cutoff             48.0000       26.0000 12004179   45.83%
  37668 12721       38.0000   378       48.0000       26.0000 12107857   45.83%
  37939 12724       27.0000   456       48.0000       26.0000 12121647   45.83%
  38204 12810       33.0000   313       48.0000       26.0000 12226620   45.83%
  38458 12902       39.0000   342       48.0000       26.0000 12376051   45.83%
  38702 12983    infeasible             48.0000       26.0000 12467582   45.83%
  38888 13074       34.0000   380       48.0000       26.0000 12565432   45.83%
Elapsed time = 523.42 sec. (405850.47 ticks, tree = 223.51 MB, solutions = 1)
  39090 13087    infeasible             48.0000       26.0000 12577804   45.83%
  39245 13244       40.0000   291       48.0000       26.0000 12809398   45.83%
  39527 13252       32.0000   381       48.0000       26.0000 12794715   45.83%
  39773 13313       26.0000   478       48.0000       26.0000 12919237   45.83%
  39999 13331       27.4783   445       48.0000       26.0000 12934550   45.83%
  40204 13431        cutoff             48.0000       26.0000 13126106   45.83%
  40380 13453    infeasible             48.0000       26.0000 13158102   45.83%
  40535 13561       42.0000   435       48.0000       26.0000 13332594   45.83%
  40664 13638       38.0000   482       48.0000       26.0000 13442020   45.83%
  40914 13711       40.0000   356       48.0000       26.0000 13534553   45.83%
Elapsed time = 572.68 sec. (444091.35 ticks, tree = 245.86 MB, solutions = 1)
  41118 13714    infeasible             48.0000       26.0000 13544042   45.83%
  41398 13783       41.3630   525       48.0000       26.0000 13738909   45.83%
  41680 13891       41.0000   334       48.0000       26.0000 13904445   45.83%
  41922 13972        cutoff             48.0000       26.0000 14030066   45.83%
  42186 13915       40.0000   344       48.0000       26.0000 13946814   45.83%
  42480 13994       33.0000   322       48.0000       26.0000 14088428   45.83%
  42749 14192        cutoff             48.0000       26.0000 14372467   45.83%
  43110 14144       33.0000   327       48.0000       26.0000 14306669   45.83%
  43437 14233        cutoff             48.0000       26.0182 14433947   45.80%
  43741 14326       33.0000   541       48.0000       26.0475 14568377   45.73%
Elapsed time = 622.60 sec. (482328.41 ticks, tree = 282.96 MB, solutions = 1)
  44033 14263       33.0000   435       48.0000       26.0851 14515269   45.66%
  44232 14482       35.3327   435       48.0000       26.2308 14795483   45.35%
  44477 14486       27.0000   438       48.0000       26.3659 14808682   45.07%
  44724 14539       35.0000   441       48.0000       26.6667 14891223   44.44%
  44972 14673        cutoff             48.0000       27.0000 15226897   43.75%
  45273 14689        cutoff             48.0000       27.0000 15214508   43.75%
  45581 14765       33.5690   434       48.0000       27.0000 15338353   43.75%
  45923 14770       41.0000   385       48.0000       27.0000 15353387   43.75%
  46189 14859       30.0000   365       48.0000       27.0000 15459657   43.75%
  46511 14977    infeasible             48.0000       27.0000 15591859   43.75%
Elapsed time = 672.19 sec. (520562.37 ticks, tree = 310.20 MB, solutions = 1)
  46753 15044       28.0000   414       48.0000       27.0000 15698962   43.75%
  47038 15076       40.0000   308       48.0000       27.0000 15737012   43.75%
  47349 15181        cutoff             48.0000       27.0000 15933505   43.75%
  47719 15368       36.0000   362       48.0000       27.0000 16149005   43.75%
  48173 15382       38.0000   309       48.0000       27.0000 16164037   43.75%
  48538 15452        cutoff             48.0000       27.0000 16280590   43.75%
  48948 15659    infeasible             48.0000       27.0851 16535054   43.57%
  49275 15442       40.0000   399       48.0000       27.0851 16273434   43.57%
  49594 15718       31.0000   408       48.0000       27.6918 16631361   42.31%
  49899 15853       32.0000   425       48.0000       28.0000 16808463   41.67%
Elapsed time = 721.78 sec. (558847.38 ticks, tree = 365.28 MB, solutions = 1)
  50185 15719       41.0000   392       48.0000       28.0000 16618548   41.67%
  50477 15861       47.0000   333       48.0000       28.0000 16833865   41.67%
  50783 15996        cutoff             48.0000       28.0000 16992907   41.67%
  51025 16111    infeasible             48.0000       28.0000 17205262   41.67%
  51283 16177       40.0000   329       48.0000       28.0000 17294894   41.67%
  51539 16208        cutoff             48.0000       28.0000 17348435   41.67%
  51786 16186       41.0000   341       48.0000       28.0000 17327829   41.67%
  52061 16345       34.5190   440       48.0000       28.0000 17543117   41.67%
  52357 16391       33.0000   430       48.0000       28.0000 17720483   41.67%
  52676 16509    infeasible             48.0000       28.0545 17895594   41.55%
Elapsed time = 770.68 sec. (597139.38 ticks, tree = 393.07 MB, solutions = 1)
  53003 16408    infeasible             48.0000       28.3841 17741992   40.87%
  53365 16538       32.0000   352       48.0000       29.0000 17919254   39.58%
  53691 16704       33.0000   348       48.0000       29.0000 18121604   39.58%
  54083 16625       40.0000   342       48.0000       29.0000 18034485   39.58%
  54387 16759        cutoff             48.0000       29.0000 18229011   39.58%
  54722 16968       29.0000   403       48.0000       29.0000 18525286   39.58%
  54985 17039    infeasible             48.0000       29.0000 18624938   39.58%
  55271 17037       35.1818   436       48.0000       29.0000 18637989   39.58%
  55582 17045       40.0000   363       48.0000       29.0000 18650518   39.58%
  55902 17068       38.0000   378       48.0000       29.0000 18692153   39.58%
Elapsed time = 820.04 sec. (635444.13 ticks, tree = 428.66 MB, solutions = 1)
  56255 17255       33.0000   375       48.0000       29.0000 18958982   39.58%
  56668 17226       38.0000   404       48.0000       29.0000 18928689   39.58%
  57066 17331       33.0000   399       48.0000       29.0000 19108366   39.58%
  57492 17495       36.0000   368       48.0000       29.0000 19356208   39.58%
  57909 17506       40.0000   399       48.0000       29.0000 19371955   39.58%
  58273 17579    infeasible             48.0000       29.0638 19467820   39.45%
  58625 17640       33.0000   463       48.0000       29.1463 19570714   39.28%
  58898 17639       37.0000   490       48.0000       30.0000 19584872   37.50%
  59186 17774       34.0000   328       48.0000       30.0000 19806648   37.50%
  59484 17845       37.0000   408       48.0000       30.0000 19905211   37.50%
Elapsed time = 869.81 sec. (673702.63 ticks, tree = 481.26 MB, solutions = 1)
  59731 17915       39.0000   300       48.0000       30.0000 20073147   37.50%
  60049 18012       40.0000   301       48.0000       30.0000 20230014   37.50%
  60319 17942       33.0000   427       48.0000       30.0000 20128888   37.50%
  60669 18035       39.0000   372       48.0000       30.0000 20294589   37.50%
  60999 18091       39.5000   414       48.0000       30.0000 20423983   37.50%
  61354 18177    infeasible             48.0000       30.0000 20591190   37.50%
  61781 18229        cutoff             48.0000       30.0000 20691780   37.50%
  62206 18293       41.0000   319       48.0000       30.0000 20848971   37.50%
  62618 18279    infeasible             48.0000       30.0000 20826415   37.50%
  63064 18462       33.0000   419       48.0000       30.0000 21197685   37.50%
Elapsed time = 921.08 sec. (711993.08 ticks, tree = 517.40 MB, solutions = 1)
  63422 18476       47.0000   294       48.0000       30.0000 21212765   37.50%
  63811 18633       39.0000   385       48.0000       30.0000 21436006   37.50%
  64139 18660    infeasible             48.0000       30.1569 21494906   37.17%
  64443 18660       40.0851   412       48.0000       31.0000 21508441   35.42%
  64688 18816       39.0000   310       48.0000       31.0000 21739753   35.42%
  64878 18838       38.0000   432       48.0000       31.0000 21789903   35.42%
  65152 18782       34.0000   346       48.0000       31.0000 21693024   35.42%
  65411 18931        cutoff             48.0000       31.0000 22088850   35.42%
  65644 18889       40.0000   382       48.0000       31.0000 21933708   35.42%
  65848 18967       32.0000   334       48.0000       31.0000 22152957   35.42%
Elapsed time = 969.12 sec. (750305.72 ticks, tree = 548.62 MB, solutions = 1)
  66096 18985       32.0000   510       48.0000       31.0000 22241143   35.42%
  66316 19018       32.0000   455       48.0000       31.0000 22342187   35.42%
  66589 19069       40.0000   348       48.0000       31.0000 22427585   35.42%
  66820 19216       36.0000   427       48.0000       32.0000 22734801   33.33%
  67029 19221       46.0000   311       48.0000       32.0000 22751009   33.33%
  67222 19198       32.0000   451       48.0000       32.0000 22697547   33.33%
  67402 19293       37.3859   449       48.0000       32.0000 22892894   33.33%
  67600 19374       32.0000   457       48.0000       32.0000 23060830   33.33%
  67785 19432       41.0000   389       48.0000       32.0000 23200803   33.33%
  67999 19426       33.1596   510       48.0000       32.0000 23178118   33.33%
Elapsed time = 1016.11 sec. (788760.98 ticks, tree = 574.30 MB, solutions = 1)
  68219 19506       32.0000   483       48.0000       32.0000 23476346   33.33%
  68451 19494    infeasible             48.0000       32.0000 23394945   33.33%
  68700 19531       41.9773   386       48.0000       32.0000 23502167   33.33%
  68988 19704       45.0000   326       48.0000       32.0000 23879086   33.33%
  69285 19643       32.0000   408       48.0000       32.0000 23781194   33.33%
  69566 19787       32.0000   300       48.0000       32.0000 24022896   33.33%
  69814 19874       32.0000   436       48.0000       32.0000 24194946   33.33%
  70051 19831       32.0000   407       48.0000       32.0000 24125540   33.33%
  70350 19835       32.0000   459       48.0000       32.0000 24140636   33.33%
  70598 19944    infeasible             48.0000       32.0000 24321900   33.33%
Elapsed time = 1064.10 sec. (827233.66 ticks, tree = 606.22 MB, solutions = 1)
  70757 19993       40.0000   230       48.0000       32.0000 24416090   33.33%
  70890 20039        cutoff             48.0000       32.0000 24555859   33.33%
  71071 20122       40.0000   420       48.0000       32.0000 24726634   33.33%
  71220 20154    infeasible             48.0000       32.0000 24845219   33.33%
  71419 20223       32.0000   351       48.0000       32.0000 25014616   33.33%
  71655 20260    infeasible             48.0000       32.0000 25159841   33.33%
  71952 20290       32.0000   426       48.0000       32.0000 25300729   33.33%
  72262 20279    infeasible             48.0000       32.0000 25226070   33.33%
  72581 20287       32.0000   440       48.0000       32.0000 25240419   33.33%
  72874 20451       32.0000   399       48.0000       32.0000 25593778   33.33%
Elapsed time = 1112.76 sec. (865517.58 ticks, tree = 629.87 MB, solutions = 1)
  73153 20480       41.0000   367       48.0000       32.0000 25643916   33.33%
  73529 20540       33.0000   395       48.0000       32.0000 25816248   33.33%
  73867 20502       37.0000   458       48.0000       32.0000 25717604   33.33%
  74238 20697        cutoff             48.0000       32.0000 26052641   33.33%
  74615 20718    infeasible             48.0000       32.0000 26104305   33.33%
  74967 20817       34.0000   283       48.0000       32.0000 26274105   33.33%
  75357 20756       37.0000   424       48.0000       32.0000 26162358   33.33%
  75705 20854        cutoff             48.0000       32.0000 26343787   33.33%
  75955 20894       32.0000   517       48.0000       32.0000 26406897   33.33%
  76175 20999       38.0000   371       48.0000       32.0000 26583008   33.33%
Elapsed time = 1162.66 sec. (903908.52 ticks, tree = 668.85 MB, solutions = 1)
  76414 21092       36.0000   265       48.0000       32.0000 26833966   33.33%
  76716 21063       40.0000   405       48.0000       32.0000 26801683   33.33%
  77071 21111        cutoff             48.0000       32.0000 26937791   33.33%
  77508 21120       34.0000   410       48.0000       32.0000 26987127   33.33%
  77979 21192       32.0000   383       48.0000       32.0000 27241130   33.33%
  78427 21210       33.0000   340       48.0000       32.0000 27292695   33.33%
  78880 21265       40.0000   253       48.0000       32.0000 27432848   33.33%
  79275 21240    infeasible             48.0000       32.0000 27410557   33.33%
  79690 21361       38.0000   294       48.0000       32.0000 27603803   33.33%
  80053 21410       38.0000   320       48.0000       32.0000 27730629   33.33%
Elapsed time = 1214.32 sec. (942145.01 ticks, tree = 686.04 MB, solutions = 1)
  80401 21524       37.0000   305       48.0000       32.0000 27996071   33.33%
  80824 21535        cutoff             48.0000       32.0000 27974439   33.33%
  81223 21583       41.0000   284       48.0000       32.0000 28127273   33.33%
  81694 21578       33.0000   404       48.0000       32.0000 28068518   33.33%
  82172 21611        cutoff             48.0000       32.0000 28190767   33.33%
  82603 21691    infeasible             48.0000       32.0000 28334546   33.33%
  83073 21742       33.0000   399       48.0000       32.0000 28430068   33.33%
  83479 21845       32.0000   406       48.0000       32.0000 28716180   33.33%
  83849 21925       36.0000   413       48.0000       32.0000 28886377   33.33%
  84169 21937    infeasible             48.0000       32.0000 28938534   33.33%
Elapsed time = 1270.03 sec. (980385.21 ticks, tree = 722.93 MB, solutions = 1)
  84407 21938       47.0000   300       48.0000       32.0000 28913958   33.33%
  84711 22079    infeasible             48.0000       32.0000 29250133   33.33%
  85026 22063       34.3819   414       48.0000       32.0000 29186015   33.33%
  85496 22095        cutoff             48.0000       32.0000 29281588   33.33%
  85893 22129       33.0000   374       48.0000       32.0000 29536643   33.33%
  86350 22139       33.0030   403       48.0000       32.0000 29551883   33.33%
  86788 22222       32.0000   451       48.0000       32.0000 29824315   33.33%
  87207 22235    infeasible             48.0000       32.0000 29876130   33.33%
  87590 22334       38.0000   400       48.0000       32.0000 30101656   33.33%
  87999 22317       38.0000   330       48.0000       32.0000 30033497   33.33%
Elapsed time = 1321.50 sec. (1018626.81 ticks, tree = 742.87 MB, solutions = 1)
  88438 22320    infeasible             48.0000       32.0000 30077301   33.33%
  88896 22427       40.0000   254       48.0000       32.0000 30265307   33.33%
  89367 22462       33.0000   371       48.0000       32.0000 30413524   33.33%
  89796 22483       34.0000   388       48.0000       32.0000 30510337   33.33%
  90224 22639    infeasible             48.0000       32.0000 30737998   33.33%
  90689 22679       44.0000   316       48.0000       32.0000 30891107   33.33%
  91066 22735    infeasible             48.0000       32.0000 30994927   33.33%
  91492 22676       40.0000   321       48.0000       32.0000 30820231   33.33%
  91904 22761       36.0000   452       48.0000       32.0000 31058004   33.33%
  92283 22863        cutoff             48.0000       32.0000 31277354   33.33%
Elapsed time = 1373.17 sec. (1056848.23 ticks, tree = 779.21 MB, solutions = 1)
  92621 22842       41.0000   316       48.0000       32.0000 31245525   33.33%
  93005 22923        cutoff             48.0000       32.0000 31421613   33.33%
  93428 23026       32.0000   400       48.0000       32.0000 31664607   33.33%
  93865 23042       33.0000   389       48.0000       32.0000 31640800   33.33%
  94280 23046       46.0000   337       48.0000       32.0000 31657822   33.33%
  94717 23216        cutoff             48.0000       32.0000 31994749   33.33%
  95110 23268       40.0000   391       48.0000       32.0000 32130381   33.33%
  95490 23208       32.0000   447       48.0000       32.0000 31976137   33.33%
  95779 23374       33.0000   374       48.0000       32.0000 32370727   33.33%
  96093 23406       32.0000   428       48.0000       32.0000 32465093   33.33%
Elapsed time = 1424.19 sec. (1095110.31 ticks, tree = 812.22 MB, solutions = 1)
  96394 23441       32.0000   442       48.0000       32.0000 32554474   33.33%
  96713 23494       33.1481   443       48.0000       32.0000 32691392   33.33%
  97033 23535       42.1135   465       48.0000       32.0000 32780791   33.33%
  97357 23559       32.0000   363       48.0000       32.0000 32829834   33.33%
  97774 23597       40.0000   348       48.0000       32.0000 32939910   33.33%
  98212 23573        cutoff             48.0000       32.0000 32885339   33.33%
  98650 23619       33.0000   331       48.0000       32.0000 33048429   33.33%
  99079 23746       32.0000   444       48.0000       32.0000 33320373   33.33%
  99500 23788    infeasible             48.0000       32.0000 33468679   33.33%
  99866 23736    infeasible             48.0000       32.0000 33297741   33.33%
Elapsed time = 1475.78 sec. (1133374.30 ticks, tree = 828.84 MB, solutions = 1)
 100201 23809       38.0000   308       48.0000       32.0000 33493802   33.33%
 100537 23969        cutoff             48.0000       32.0000 33840891   33.33%
 100932 23974        cutoff             48.0000       32.0000 33853900   33.33%
 101283 23965       32.0000   415       48.0000       32.0000 33826148   33.33%
 101617 24036    infeasible             48.0000       32.0000 33991715   33.33%
 102045 24131        cutoff             48.0000       32.0000 34154676   33.33%
 102421 24184    infeasible             48.0000       32.0000 34370055   33.33%
 102810 24229    infeasible             48.0000       32.0000 34468633   33.33%
 103176 24247       45.0000   391       48.0000       32.0000 34484318   33.33%
 103545 24323    infeasible             48.0000       32.0000 34641521   33.33%
Elapsed time = 1526.94 sec. (1171632.52 ticks, tree = 865.51 MB, solutions = 1)
 103862 24334       33.0000   382       48.0000       32.0000 34724152   33.33%
 104068 24476       32.0000   446       48.0000       32.0000 34996800   33.33%
 104301 24428       33.0000   406       48.0000       32.0000 34922666   33.33%
 104577 24520       35.1371   413       48.0000       32.0000 35163522   33.33%
 104912 24575        cutoff             48.0000       32.0000 35279015   33.33%
 105245 24593        cutoff             48.0000       32.0000 35371191   33.33%
 105607 24641       33.0000   385       48.0000       32.0000 35456466   33.33%
 105968 24711        cutoff             48.0000       32.0000 35603483   33.33%
 106316 24658       32.0000   414       48.0000       32.0000 35487349   33.33%
 106660 24759       35.0000   383       48.0000       32.0000 35672083   33.33%
Elapsed time = 1575.87 sec. (1209891.42 ticks, tree = 887.25 MB, solutions = 1)
 106952 24816       41.0000   319       48.0000       32.0000 35804733   33.33%
 107224 24832       39.0000   350       48.0000       32.0000 35851926   33.33%
 107543 24974       41.0000   366       48.0000       32.0000 36145737   33.33%
 107852 24923       41.0000   367       48.0000       32.0000 36039498   33.33%
 108224 25092        cutoff             48.0000       32.0000 36449800   33.33%
 108504 25101       32.0000   435       48.0000       32.0000 36464863   33.33%
 108883 25043        cutoff             48.0000       32.0000 36321362   33.33%
 109246 25147        cutoff             48.0000       32.0000 36637060   33.33%
Starting limited solution polishing.
 109645 25207       33.0000   402       48.0000       32.0000 36832103   33.33%
 110021 25219       32.0000   401       48.0000       32.0000 36847515   33.33%
Elapsed time = 1626.33 sec. (1248111.60 ticks, tree = 915.20 MB, solutions = 1)
 110400 25285       32.0000   403       48.0000       32.0000 36985698   33.33%
 110763 25289       32.0000   358       48.0000       32.0000 37000713   33.33%
 111055 25404        cutoff             48.0000       32.0000 37229434   33.33%
 111373 25492       32.0000   478       48.0000       32.0000 37460207   33.33%
 111661 25478        cutoff             48.0000       32.0000 37423925   33.33%
 111958 25516    infeasible             48.0000       32.0000 37524014   33.33%
 112259 25627       41.0000   313       48.0000       32.0000 37751943   33.33%
 112571 25588    infeasible             48.0000       32.0000 37690565   33.33%
 112882 25651        cutoff             48.0000       32.0000 37820270   33.33%
 113212 25755       45.0000   263       48.0000       32.0000 38055938   33.33%
Elapsed time = 1676.05 sec. (1286372.84 ticks, tree = 946.61 MB, solutions = 1)
 113571 25718       32.0000   430       48.0000       32.0000 37996128   33.33%
 113898 25815       32.0000   354       48.0000       32.0000 38210285   33.33%
 114202 25859        cutoff             48.0000       32.0000 38311310   33.33%
 114540 25931       32.0000   404       48.0000       32.0000 38482726   33.33%
 114840 25885       32.0000   421       48.0000       32.0000 38412559   33.33%
 115117 25946        cutoff             48.0000       32.0000 38511037   33.33%
 115363 26018    infeasible             48.0000       32.0000 38775918   33.33%
 115639 26028       36.0000   360       48.0000       32.0000 38831272   33.33%
 115884 26093    infeasible             48.0000       32.0000 38931864   33.33%
 116142 26114       38.0000   371       48.0000       32.0000 39088308   33.33%
Elapsed time = 1723.94 sec. (1324629.47 ticks, tree = 972.28 MB, solutions = 1)
 116432 26230       39.0000   342       48.0000       32.0000 39383004   33.33%
 116778 26228       39.0000   436       48.0000       32.0000 39363304   33.33%
 117128 26159       33.0000   363       48.0000       32.0000 39195335   33.33%
 117464 26296       37.0000   374       48.0000       32.0000 39534715   33.33%
 117814 26296        cutoff             48.0000       32.0000 39514800   33.33%
 118127 26406    infeasible             48.0000       32.0000 39781004   33.33%
 118423 26461       41.0000   367       48.0000       32.0000 39910518   33.33%
 118687 26542        cutoff             48.0000       32.0000 40144358   33.33%
 118977 26557       33.0000   506       48.0000       32.0000 40122886   33.33%
 119301 26514       32.0000   465       48.0000       32.0000 40043687   33.33%
Elapsed time = 1772.54 sec. (1362965.82 ticks, tree = 993.60 MB, solutions = 1)
 119643 26630        cutoff             48.0000       32.0000 40360735   33.33%
 119885 26714       39.0000   311       48.0000       32.0000 40529325   33.33%
 120173 26615    infeasible             48.0000       32.0000 40310011   33.33%
 120459 26816       32.0000   404       48.0000       32.0000 40768822   33.33%
 120757 26821       32.0000   389       48.0000       32.0000 40823911   33.33%

GUB cover cuts applied:  1446
Clique cuts applied:  9
Cover cuts applied:  2869
Implied bound cuts applied:  641
Flow cuts applied:  18
Mixed integer rounding cuts applied:  548
Zero-half cuts applied:  49
Lift and project cuts applied:  1
Gomory fractional cuts applied:  63

Root node processing (before b&c):
  Real time             =    0.58 sec. (346.46 ticks)
Parallel b&c, 8 threads:
  Real time             = 1799.43 sec. (1385260.10 ticks)
  Sync time (average)   =  160.44 sec.
  Wait time (average)   =    0.02 sec.
                          ------------
Total (root+branch&cut) = 1800.01 sec. (1385606.57 ticks)
! --------------------------------------------------------
! Status: FEASIBLE (time limit or other stopping criterion reached)
! Best span = 48
! Labeling: 9 33 41 9 9 24 33 41 25 41 33 1 25 1 17 17 9 17 41 17 25 33 1 25 33 33 25 41 17 33 9 48 33 25 41 10 1 1 1 33 41 9 25 17 18 10 9 33 
! --------------------------------------------------------
! All verification passed
