! Solving for graph /home/truongxuanhieu/CPLEX-MIP-for-MinSpanLabeling/benchmarks/cabp/H-impcol_b.mtx.rnd
! Target value is set to 7
! Lower bound is set to 8
! Upper bound is set to 59
! Time limit is set to 1800
! Vertices mode is set to Has hole
! Target value mode is set to Cyclic Antibandwidth
Version identifier: 22.2.0.0 | 2026-05-04 | 5dff98e58
CPXPARAM_TimeLimit                               1800
Tried aggregator 2 times.
MIP Presolve eliminated 282 rows and 147 columns.
MIP Presolve modified 3511 coefficients.
Aggregator did 739 substitutions.
Reduced MIP has 1702 rows, 4754 columns, and 11088 nonzeros.
Reduced MIP has 3792 binaries, 341 generals, 0 SOSs, and 621 indicators.
Presolve time = 0.02 sec. (18.41 ticks)
Probing time = 0.03 sec. (12.26 ticks)
Tried aggregator 1 time.
Detecting symmetries...
Reduced MIP has 1702 rows, 4754 columns, and 11088 nonzeros.
Reduced MIP has 3792 binaries, 400 generals, 0 SOSs, and 621 indicators.
Presolve time = 0.01 sec. (10.05 ticks)
Probing time = 0.01 sec. (4.06 ticks)
Clique table members: 7364.
MIP emphasis: balance optimality and feasibility.
MIP search method: dynamic search.
Parallel mode: deterministic, using up to 8 threads.
Root relaxation solution time = 0.01 sec. (10.96 ticks)

        Nodes                                         Cuts/
   Node  Left     Objective  IInf  Best Integer    Best Bound    ItCnt     Gap

      0     0       14.0000   181                     14.0000      302         
      0     0       14.0000   399                   Cuts: 525      553         
      0     0       14.0000   391                   Cuts: 525      676         
      0     0       14.0000   452                   Cuts: 344      886         
Detecting symmetries...
      0     2       14.0000   390                     14.0000      886         
Elapsed time = 0.76 sec. (542.97 ticks, tree = 0.02 MB, solutions = 0)
    796   663       36.0000    43                     14.0000    15661         
*  1252   984      integral     0       57.0000       14.0000    19765   75.44%
   1720  1508       42.0000    67       57.0000       14.0000    28446   75.44%
   3075  2563       34.0000   216       57.0000       14.0000    41212   75.44%

Performing restart 1

Repeating presolve.
Tried aggregator 1 time.
MIP Presolve eliminated 0 rows and 174 columns.
Reduced MIP has 1702 rows, 4580 columns, and 10740 nonzeros.
Reduced MIP has 3618 binaries, 400 generals, 0 SOSs, and 621 indicators.
Presolve time = 0.01 sec. (10.59 ticks)
Tried aggregator 1 time.
MIP Presolve modified 929 coefficients.
Reduced MIP has 1702 rows, 4580 columns, and 10740 nonzeros.
Reduced MIP has 3618 binaries, 400 generals, 0 SOSs, and 621 indicators.
Presolve time = 0.01 sec. (10.29 ticks)
Represolve time = 0.06 sec. (40.57 ticks)
   3639     0       14.0000   484       57.0000     Cuts: 525    49691   75.44%
   3639     0       14.7778   529       57.0000     Cuts: 384    50291   74.07%
   3639     0       15.0000   621       57.0000     Cuts: 525    51127   73.68%
   3639     0       15.0000   643       57.0000     Cuts: 525    52003   73.68%
   3639     0       15.0000   596       57.0000     Cuts: 307    52858   73.68%
   3639     0       15.0000   570       57.0000     Cuts: 525    54398   73.68%
   3639     0       15.0000   633       57.0000     Cuts: 488    55782   73.68%
   3639     0       15.0000   556       57.0000     Cuts: 284    56618   73.68%
   3639     0       15.0000   597       57.0000     Cuts: 525    57643   73.68%
   3639     2       15.0000   513       57.0000       15.0000    57643   73.68%
   3644     7       15.0000   424       57.0000       15.0000    58099   73.68%
*  3648+    1                           56.0000       15.0000            73.21%
   3657     7       15.0000   356       56.0000       15.0000    57933   73.21%
   3723    21       16.0000   409       56.0000       15.0000    60485   73.21%
   4074   192       28.0000   149       56.0000       15.0000    68720   73.21%
   4374   429       15.0000   332       56.0000       15.0000    75321   73.21%
   4952   785       42.0000   182       56.0000       15.0000   109275   73.21%
Elapsed time = 8.94 sec. (7337.19 ticks, tree = 1.47 MB, solutions = 3)
   5550  1445       35.0000   404       56.0000       15.0000   151085   73.21%
   5983  1627       29.0000   289       56.0000       15.0000   185489   73.21%
   6552  2222       24.0000   434       56.0000       15.0000   245386   73.21%
   6961  2382       20.1250   532       56.0000       15.0000   284130   73.21%
   7078  2602       28.0000   339       56.0000       15.0000   319668   73.21%
   7774  2818       28.0000   453       56.0000       15.0000   367126   73.21%
   7968  3250       35.0000   429       56.0000       15.0000   409882   73.21%
   8413  3434       28.0000   355       56.0000       15.0000   463798   73.21%
   8618  3677       15.5791   749       56.0000       15.1667   496814   72.92%
   8789  3827       35.0000   228       56.0000       15.2020   554687   72.85%
Elapsed time = 22.99 sec. (16925.43 ticks, tree = 8.71 MB, solutions = 3)
   9279  4099       21.0000   505       56.0000       15.3125   589610   72.66%
   9502  4351    infeasible             56.0000       15.3571   629201   72.58%
   9712  4461       35.0000   190       56.0000       15.3571   659203   72.58%
   9947  4674    infeasible             56.0000       15.3571   714822   72.58%
  10051  4748       35.0000   374       56.0000       15.7500   754986   71.87%
  10221  4843       42.0000   182       56.0000       15.8421   799362   71.71%
  10520  4946       21.6863   578       56.0000       15.8421   831856   71.71%
  10620  5069       49.0000   393       56.0000       15.8421   877978   71.71%
  10843  5251       36.4512   423       56.0000       16.0000   926388   71.43%
  11081  5373       16.3333   656       56.0000       16.0000   955408   71.43%
Elapsed time = 36.25 sec. (26541.84 ticks, tree = 14.70 MB, solutions = 3)
  11174  5502       26.0000   380       56.0000       16.0000  1002818   71.43%
  11315  5603       28.0000   543       56.0000       16.0000  1061085   71.43%
  11548  5707       23.0000   494       56.0000       16.0000  1083035   71.43%
  11691  5834       16.7242   665       56.0000       16.0000  1116863   71.43%
  11822  5949       21.0000   546       56.0000       16.0000  1165442   71.43%
  11887  5989       36.0000   235       56.0000       16.0000  1189999   71.43%
  12068  6082       28.0000   513       56.0000       16.0000  1229546   71.43%
  12323  6181       21.0000   393       56.0000       16.0000  1264317   71.43%
  12478  6294       35.0000   334       56.0000       16.0000  1291817   71.43%
  12538  6424       16.0000   586       56.0000       16.0000  1331378   71.43%
Elapsed time = 49.42 sec. (36187.65 ticks, tree = 17.64 MB, solutions = 3)
  12604  6491       42.0000   272       56.0000       16.0000  1382180   71.43%
  12713  6520       21.0000   519       56.0000       16.0000  1409434   71.43%
  12944  6608       28.0000   424       56.0000       16.0000  1456760   71.43%
  13074  6781       16.5789   725       56.0000       16.0000  1491886   71.43%
  13209  6869       49.0000   370       56.0000       16.0000  1537464   71.43%
  13294  6939        cutoff             56.0000       16.0000  1558717   71.43%
  13480  6991       28.0000   387       56.0000       16.0000  1596925   71.43%
  13608  7026       27.0000   457       56.0000       16.0000  1622248   71.43%
  13722  7217       24.5000   580       56.0000       16.0185  1717287   71.40%
  14185  7258       28.0000   436       56.0000       16.0491  1727075   71.34%
Elapsed time = 64.18 sec. (45841.42 ticks, tree = 19.56 MB, solutions = 3)
  14313  7385       23.0000   511       56.0000       16.0960  1770913   71.26%
  14442  7699       28.0000   299       56.0000       16.1000  1825507   71.25%
  14582  7791       49.0000   313       56.0000       16.1000  1866430   71.25%
  14718  7824       25.0000   495       56.0000       16.1000  1894815   71.25%
  14884  8038       36.0000   308       56.0000       16.1538  1970271   71.15%
  15218  8131       21.0000   490       56.0000       16.1538  2018053   71.15%
  15361  8156       42.0000   252       56.0000       16.1538  2022831   71.15%
  15500  8458       35.0000   345       56.0000       16.1538  2098072   71.15%
  15678  8518       52.0000   188       56.0000       16.1538  2109901   71.15%
  15947  8645       22.0000   470       56.0000       16.1538  2167692   71.15%
Elapsed time = 78.20 sec. (55434.77 ticks, tree = 23.46 MB, solutions = 3)
  16250  8706       36.0000   385       56.0000       16.2258  2186608   71.03%
  16513  9078       17.0000   502       56.0000       16.2258  2297157   71.03%
  16699  9251    infeasible             56.0000       16.2258  2345896   71.03%
  16872  9300       25.0000   435       56.0000       16.2258  2365927   71.03%
  17007  9451       31.7692   599       56.0000       16.2258  2433985   71.03%
  17146  9475       42.0000   288       56.0000       16.2258  2454162   71.03%
  17421  9626       23.0000   418       56.0000       16.5000  2528812   70.54%
  17780  9881       21.8750   516       56.0000       16.5000  2593946   70.54%
  18061  9994       22.0000   532       56.0000       16.5000  2637352   70.54%
  18277 10177       50.0000   223       56.0000       16.5789  2711982   70.39%
Elapsed time = 92.21 sec. (65040.18 ticks, tree = 27.25 MB, solutions = 3)
  18474 10183       30.0000   494       56.0000       16.5789  2705032   70.39%
  18582 10400       35.0000   379       56.0000       16.5789  2777639   70.39%
  18785 10576       49.0000   154       56.0000       16.7242  2838799   70.14%
  18956 10661    infeasible             56.0000       16.7381  2880180   70.11%
  19149 10663       18.8182   601       56.0000       16.8000  2882855   70.00%
  19490 10842    infeasible             56.0000       16.8000  2921408   70.00%
  19716 10929       49.0000   212       56.0000       16.8478  2955312   69.91%
  19940 11103       24.0000   474       56.0000       16.8519  3006218   69.91%
  20061 11268       28.0000   378       56.0000       16.8966  3043413   69.83%
  20146 11361       28.0000   387       56.0000       17.0000  3103355   69.64%
Elapsed time = 107.00 sec. (74637.06 ticks, tree = 35.96 MB, solutions = 3)
  20281 11397       24.5000   604       56.0000       17.0000  3125390   69.64%
  20490 11495    infeasible             56.0000       17.0000  3179125   69.64%
  20676 11582       18.0000   566       56.0000       17.0000  3220287   69.64%
  20814 11825       26.0000   382       56.0000       17.0000  3300234   69.64%
  20927 11853       36.0000   299       56.0000       17.0000  3314674   69.64%
  21002 11930       39.0000   465       56.0000       17.0000  3354920   69.64%
  21098 11977       49.0000   347       56.0000       17.0000  3406612   69.64%
  21196 12045    infeasible             56.0000       17.0000  3443936   69.64%
  21311 12087       17.0000   582       56.0000       17.0000  3481825   69.64%
  21486 12117       22.0000   555       56.0000       17.0000  3502189   69.64%
Elapsed time = 121.26 sec. (84281.25 ticks, tree = 37.78 MB, solutions = 3)
  21743 12197       28.0000   444       56.0000       17.0000  3553161   69.64%
  21981 12296       17.8889   689       56.0000       17.0000  3596599   69.64%
  22127 12419       42.0000   335       56.0000       17.0000  3644969   69.64%
  22241 12522       24.0000   511       56.0000       17.0000  3674905   69.64%
  22332 12713       49.0000   321       56.0000       17.0000  3766170   69.64%
  22420 12824       30.5714   665       56.0000       17.0000  3841572   69.64%
  22493 12908       23.0000   535       56.0000       17.0000  3904834   69.64%
  22558 12913       42.0000   341       56.0000       17.0000  3910912   69.64%
  22697 13011       42.0000   349       56.0000       17.0000  3964333   69.64%
  23080 13264       19.0000   575       56.0000       17.0000  4104169   69.64%
Elapsed time = 139.76 sec. (96846.26 ticks, tree = 40.78 MB, solutions = 3)
  23468 13565       42.0000   382       56.0000       17.0000  4305889   69.64%
  23949 13764       21.5714   655       56.0000       17.0000  4430350   69.64%
  24358 14020    infeasible             56.0000       17.0000  4537413   69.64%
  24914 14423       21.0000   426       56.0000       17.0000  4749340   69.64%
  25685 14686       18.6429   617       56.0000       17.0997  4883169   69.46%
  26137 15130       35.0000   357       56.0000       17.1429  5113655   69.39%
  26851 15479       35.0000   311       56.0000       17.2727  5318084   69.16%
  27710 15955       22.0000   427       56.0000       17.5000  5435496   68.75%
  28202 16381    infeasible             56.0000       17.5000  5554287   68.75%
  28836 16597       42.0000   448       56.0000       17.7059  5692085   68.38%
Elapsed time = 196.95 sec. (135050.61 ticks, tree = 73.20 MB, solutions = 3)
  29702 16953       24.0000   576       56.0000       17.8889  5883136   68.06%
  30033 17358       34.0000   507       56.0000       18.0000  6070986   67.86%
  30370 17489       22.0000   597       56.0000       18.0000  6178593   67.86%
  30964 17749       28.0000   408       56.0000       18.0000  6368398   67.86%
  31459 18106       45.0000   407       56.0000       18.0000  6551638   67.86%
  31845 18271       49.0000   275       56.0000       18.0000  6663111   67.86%
  32244 18576       49.0000   267       56.0000       18.0000  6895542   67.86%
  32839 18799       28.0000   505       56.0000       18.1497  7013157   67.59%
  33828 19251       35.0000   434       56.0000       18.2813  7158753   67.35%
  34639 19838       33.0000   416       56.0000       18.4800  7287411   67.00%
Elapsed time = 250.90 sec. (173289.97 ticks, tree = 122.13 MB, solutions = 3)
  35166 19979       29.0000   509       56.0000       18.5306  7336226   66.91%
  36299 20417       22.0000   441       56.0000       18.8031  7472328   66.42%

Performing restart 2

Repeating presolve.
Tried aggregator 1 time.
MIP Presolve eliminated 0 rows and 58 columns.
Reduced MIP has 1702 rows, 4522 columns, and 12384 nonzeros.
Reduced MIP has 3560 binaries, 400 generals, 0 SOSs, and 621 indicators.
Presolve time = 0.01 sec. (11.24 ticks)
Tried aggregator 1 time.
MIP Presolve modified 792 coefficients.
Reduced MIP has 1702 rows, 4522 columns, and 12384 nonzeros.
Reduced MIP has 3560 binaries, 400 generals, 0 SOSs, and 621 indicators.
Presolve time = 0.01 sec. (11.00 ticks)
Represolve time = 0.15 sec. (120.71 ticks)
  36700     0       15.0000   742       56.0000     Cuts: 113  7634266   66.07%
  36700     0       16.0000   616       56.0000     Cuts: 122  7636961   66.07%
  36700     0       16.0000   664       56.0000     Cuts: 525  7637767   66.07%
  36700     0       16.0000   581       56.0000     Cuts: 305  7638468   66.07%
  36700     0       16.0000   649       56.0000     Cuts: 525  7639376   66.07%
  36700     0       16.0000   604       56.0000     Cuts: 412  7640282   66.07%
  36700     0       16.0000   641       56.0000     Cuts: 525  7641472   66.07%
  36700     0       16.0000   586       56.0000     Cuts: 371  7642664   66.07%
  36700     0       16.0000   636       56.0000     Cuts: 525  7644388   66.07%
  36700     0       16.0000   599       56.0000     Cuts: 435  7646002   66.07%
  36700     0       16.0000   669       56.0000     Cuts: 525  7647796   66.07%
  36700     0       16.0000   572       56.0000     Cuts: 350  7648760   66.07%
  36700     0       16.0000   654       56.0000     Cuts: 525  7650489   66.07%
  36700     2       16.0000   518       56.0000       19.0000  7650489   66.07%
  38191  1071       49.0000    59       56.0000       19.0000  7701767   66.07%
  39379  2020       49.0000   185       56.0000       19.0000  7811697   66.07%
  39713  2270       33.0000   413       56.0000       19.0000  7914212   66.07%
  40077  2521       43.0000   300       56.0000       19.0000  8019858   66.07%
  40537  2896       28.0000   550       56.0000       19.0000  8131581   66.07%
  40970  3195       21.0000   650       56.0000       19.0000  8256495   66.07%
  41401  3546       23.0000   660       56.0000       19.0000  8360685   66.07%
Elapsed time = 306.82 sec. (218019.84 ticks, tree = 21.49 MB, solutions = 3)
  41931  3943    infeasible             56.0000       21.0000  8490451   62.50%
  42385  4310       41.0000   300       56.0000       21.0000  8605617   62.50%
  42864  4599    infeasible             56.0000       21.0000  8724921   62.50%
  43140  4890       49.0000   354       56.0000       21.0000  8854229   62.50%
  43445  5087       35.0000   486       56.0000       22.0000  8970567   60.71%
  43546  5120       32.0000   551       56.0000       22.0000  9069396   60.71%
  43734  5195       51.0000   194       56.0000       22.0000  9155697   60.71%
  43930  5335       36.5000   485       56.0000       22.0000  9254491   60.71%
  44180  5429       49.0000   336       56.0000       22.0000  9369124   60.71%
  44571  5643       35.0000   416       56.0000       22.0000  9450218   60.71%
Elapsed time = 356.93 sec. (256314.19 ticks, tree = 50.60 MB, solutions = 3)
  44943  5951       29.0000   490       56.0000       22.0000  9565775   60.71%
  45235  6111       49.0000   348       56.0000       22.0000  9669601   60.71%
  45680  6349       42.0000   449       56.0000       22.0000  9792622   60.71%
  45940  6672       55.0000   311       56.0000       22.0000  9928874   60.71%
  46080  6727       37.0000   576       56.0000       22.0000  9997198   60.71%
  46412  6825       31.5000   636       56.0000       22.0000 10082994   60.71%
  46736  7146       35.0000   536       56.0000       22.0000 10252581   60.71%
  46864  7237       22.0000   648       56.0000       22.0000 10335173   60.71%
  47151  7385       49.0000   228       56.0000       22.0000 10424393   60.71%
  47466  7618       38.0000   406       56.0000       22.4286 10538726   59.95%
Elapsed time = 408.76 sec. (294556.58 ticks, tree = 89.40 MB, solutions = 3)
  47807  7759       25.0000   635       56.0000       23.0000 10626280   58.93%
  48062  7953       23.0000   563       56.0000       23.0000 10717941   58.93%
  48192  8099       30.0000   495       56.0000       23.0000 10861359   58.93%
  48502  8216       35.0000   421       56.0000       23.0000 10938597   58.93%
  48965  8480       34.0000   414       56.0000       23.0000 11018813   58.93%
  49419  8822       49.0000   345       56.0000       23.0000 11165864   58.93%
  49788  8998       36.0000   392       56.0000       23.0000 11238552   58.93%
  50104  9237       34.0000   335       56.0000       23.0000 11325885   58.93%
  50573  9580       49.0000   374       56.0000       23.0000 11455235   58.93%
  51006  9802       37.0000   401       56.0000       23.0000 11562469   58.93%
Elapsed time = 458.56 sec. (332831.11 ticks, tree = 157.28 MB, solutions = 3)
  51395  9992       50.0000   336       56.0000       23.0000 11630113   58.93%
  51773 10436       44.0000   321       56.0000       23.0000 11787553   58.93%
  52167 10624       28.0000   637       56.0000       23.0000 11869853   58.93%
  52500 10700    infeasible             56.0000       23.0000 11909498   58.93%
  52725 10911       32.0000   603       56.0000       23.0000 12015415   58.93%
  52873 11062       48.0000   352       56.0000       23.0000 12165917   58.93%
  52953 11121       55.0000   302       56.0000       23.0000 12219072   58.93%
  53084 11191       42.0000   363       56.0000       23.0000 12367147   58.93%
  53253 11245       43.5000   359       56.0000       23.0000 12439784   58.93%
  53491 11246       42.0000   348       56.0000       23.0000 12438422   58.93%
Elapsed time = 508.50 sec. (371213.67 ticks, tree = 204.47 MB, solutions = 3)
  53699 11365       35.0000   554       56.0000       23.0000 12513446   58.93%
  53874 11610       38.0000   378       56.0000       23.0000 12694964   58.93%
  54011 11682       49.0000   177       56.0000       23.0000 12747162   58.93%
  54144 11810       49.0000   354       56.0000       23.0237 12902431   58.89%
  54273 11833       34.0000   470       56.0000       23.5000 12955818   58.04%
  54427 11868       46.0000   360       56.0000       24.0000 13017641   57.14%
  54713 11956    infeasible             56.0000       24.0000 13132324   57.14%
  55116 12158       30.0000   499       56.0000       24.0000 13215767   57.14%
  55585 12259       25.0000   537       56.0000       24.0000 13247181   57.14%
  55979 12645       28.0000   517       56.0000       24.0000 13426264   57.14%
Elapsed time = 559.10 sec. (409630.09 ticks, tree = 251.44 MB, solutions = 3)
  56289 12805       55.0000   340       56.0000       24.0000 13493869   57.14%
  56538 13032       51.0000   389       56.0000       24.0000 13623188   57.14%
  56845 13289       31.0000   422       56.0000       24.0000 13748851   57.14%
  57201 13445       37.0000   517       56.0000       24.0000 13835737   57.14%
  57620 13487       42.0000   470       56.0000       24.0000 13866348   57.14%
  57988 13795       27.0000   489       56.0000       24.0000 14025490   57.14%
  58391 13998       26.0000   617       56.0000       24.0000 14132058   57.14%
  58689 14047       49.0000   344       56.0000       24.0000 14162778   57.14%
  58929 14359       52.0000   345       56.0000       24.0000 14306527   57.14%
  59208 14586       31.0000   575       56.0000       24.0000 14458177   57.14%
Elapsed time = 609.81 sec. (447874.66 ticks, tree = 327.23 MB, solutions = 3)
  59654 14573       41.0000   469       56.0000       24.3553 14438430   56.51%
  60184 14930       50.0000   335       56.0000       25.0000 14575146   55.36%
  60610 15070       50.0000   377       56.0000       25.0000 14664644   55.36%
  61176 15197       30.0000   472       56.0000       25.0000 14725237   55.36%
  61440 15894       48.0000   406       56.0000       25.0000 14976596   55.36%
  61717 15977       45.0000   406       56.0000       25.0000 15019546   55.36%
  62036 16067       25.0000   650       56.0000       25.0000 15060334   55.36%
  62406 16259       31.0000   581       56.0000       25.0000 15141578   55.36%
  62891 16260       48.0000   347       56.0000       25.0000 15166190   55.36%
  63284 16971       37.0000   497       56.0000       25.0000 15466183   55.36%
Elapsed time = 661.20 sec. (486151.62 ticks, tree = 449.79 MB, solutions = 3)
  63720 17042       49.0000   354       56.0000       25.0000 15462746   55.36%
  64000 17169       29.0000   582       56.0000       25.0000 15575860   55.36%
  64304 17418    infeasible             56.0000       25.0000 15682368   55.36%
  64574 17508       34.0000   564       56.0000       25.0000 15719064   55.36%
  64950 17918        cutoff             56.0000       25.0000 15889846   55.36%
  65350 18034       54.0000   338       56.0000       25.0000 15960189   55.36%
  65750 18288       35.0000   493       56.0000       25.0000 16061637   55.36%
  66184 18382       39.0000   354       56.0000       25.0000 16127593   55.36%
  66559 18591       30.0000   662       56.0000       25.0000 16245165   55.36%
  66845 18741       35.0000   644       56.0000       25.0000 16309791   55.36%
Elapsed time = 714.16 sec. (524423.72 ticks, tree = 531.10 MB, solutions = 3)
  67199 19172    infeasible             56.0000       25.0000 16484308   55.36%
  67489 19328    infeasible             56.0000       25.0000 16566222   55.36%
  67939 19351       42.0000   373       56.0000       25.0000 16567127   55.36%
  68545 19636       26.0000   598       56.0000       25.0000 16681654   55.36%
  69163 19771    infeasible             56.0000       25.0000 16737416   55.36%
  69678 20019       29.0000   497       56.0000       25.0000 16837405   55.36%
  70087 20710       45.0000   281       56.0000       25.0000 17083353   55.36%
  70410 20823       32.0000   457       56.0000       25.0000 17143484   55.36%
  70680 20910       49.0000   367       56.0000       25.0000 17169796   55.36%
  70955 21200       51.0000   262       56.0000       25.0000 17273384   55.36%
Elapsed time = 767.69 sec. (562669.94 ticks, tree = 653.99 MB, solutions = 3)
  71277 21527    infeasible             56.0000       25.0000 17430791   55.36%
  71628 21703       49.0000   393       56.0000       25.0000 17541806   55.36%
  72084 21855    infeasible             56.0000       25.0000 17600808   55.36%
  72519 21953       41.0000   558       56.0000       26.0000 17643154   53.57%
  72877 22244       28.0000   530       56.0000       26.0000 17809970   53.57%
  73138 22382       28.0000   687       56.0000       26.0000 17888225   53.57%
  73326 22395       42.0000   376       56.0000       26.0000 17897358   53.57%
  73576 22746       26.0000   717       56.0000       26.0000 18115790   53.57%
  73872 22779       35.0000   493       56.0000       26.0000 18126663   53.57%
  74194 22983       49.0000   314       56.0000       26.0000 18265885   53.57%
Elapsed time = 822.98 sec. (600989.48 ticks, tree = 739.76 MB, solutions = 3)
  74640 22963       43.0000   372       56.0000       26.0000 18253869   53.57%
  75174 23566       29.0000   518       56.0000       26.5000 18457472   52.68%
  75692 23930       30.0000   429       56.0000       27.0000 18596556   51.79%
  76223 23799    infeasible             56.0000       27.0000 18544568   51.79%
  76728 24043    infeasible             56.0000       27.0000 18676014   51.79%
  77142 24324       44.0000   392       56.0000       27.0000 18790546   51.79%
  77438 24483       41.0000   560       56.0000       27.0000 18871086   51.79%
  77813 25004       29.0000   525       56.0000       27.0000 19027725   51.79%
  78202 25113    infeasible             56.0000       27.0000 19078857   51.79%
  78561 25188       29.0000   501       56.0000       27.0000 19126777   51.79%
Elapsed time = 875.68 sec. (639242.52 ticks, tree = 867.62 MB, solutions = 3)
  79015 25461    infeasible             56.0000       27.0000 19247534   51.79%
  79447 25627       35.0000   536       56.0000       27.0000 19339620   51.79%
  79862 25918       49.0000   341       56.0000       27.0000 19444880   51.79%
  80241 26158       45.0000   503       56.0000       27.0000 19517971   51.79%
  80538 26546       27.0000   592       56.0000       27.0000 19720825   51.79%
  80749 26640       47.0000   394       56.0000       27.0000 19792030   51.79%
  80924 26752       34.0000   621       56.0000       27.0000 19869374   51.79%
  81122 26962       33.0000   711       56.0000       27.0000 20019815   51.79%
  81363 26987       49.0000   253       56.0000       27.0000 20030177   51.79%
  81639 27098       41.0000   605       56.0000       27.0000 20108276   51.79%
Elapsed time = 926.13 sec. (677534.80 ticks, tree = 971.58 MB, solutions = 3)
  81985 27300       41.0000   425       56.0000       27.0000 20287191   51.79%
  82322 27481       51.0000   274       56.0000       27.0000 20366901   51.79%
  82696 27527       35.0000   488       56.0000       27.0000 20400710   51.79%
  83043 27575       49.0000   433       56.0000       27.0000 20389809   51.79%
  83390 28211       39.0000   593       56.0000       27.0000 20683210   51.79%
  83739 28245       27.0000   637       56.0000       27.0000 20693491   51.79%
  84029 28486       32.0000   554       56.0000       27.0000 20804020   51.79%
  84358 28810       43.0000   431       56.0000       27.0000 20967264   51.79%
  84803 28766       45.0000   327       56.0000       27.0000 20922818   51.79%
  85077 28914       37.0000   470       56.0000       27.0000 20990752   51.79%
Elapsed time = 979.05 sec. (715755.41 ticks, tree = 1083.92 MB, solutions = 3)
  85324 29219       51.0000   286       56.0000       27.0000 21187964   51.79%
  85598 29076       29.0000   611       56.0000       27.0000 21125180   51.79%
  85806 29622       44.0000   415       56.0000       27.0000 21414702   51.79%
  85995 29636       32.0000   441       56.0000       27.0000 21423005   51.79%
  86202 29753       49.0000   357       56.0000       27.0000 21534607   51.79%
  86453 29796    infeasible             56.0000       27.0000 21567333   51.79%
  86761 29946    infeasible             56.0000       27.0000 21662730   51.79%
  87110 30056       42.0000   297       56.0000       27.0000 21729012   51.79%
  87383 30417       35.0000   428       56.0000       27.0000 21888110   51.79%
  87759 30456    infeasible             56.0000       27.0000 21901943   51.79%
Elapsed time = 1034.90 sec. (754093.44 ticks, tree = 1172.02 MB, solutions = 3)
  88297 30502       42.0000   537       56.0000       27.0000 21925473   51.79%
  88770 30663       31.0000   562       56.0000       27.0000 21998736   51.79%
  89264 30901       49.0000   372       56.0000       27.0000 22114001   51.79%
  89506 31160       29.0000   562       56.0000       27.0000 22246832   51.79%
  89742 31272       36.0000   514       56.0000       27.0000 22288039   51.79%
  89922 31689       29.8909   696       56.0000       27.0000 22434241   51.79%
  90144 31800       42.0000   295       56.0000       27.0000 22503083   51.79%
  90495 32102    infeasible             56.0000       27.0000 22728216   51.79%
  90856 32182       31.0000   556       56.0000       27.0000 22779443   51.79%
  91219 32473       35.0000   395       56.0000       27.0000 22907202   51.79%
Elapsed time = 1090.73 sec. (792306.95 ticks, tree = 1284.90 MB, solutions = 3)
  91612 32347       42.0000   406       56.0000       27.0000 22849491   51.79%
  92134 32935       35.0000   378       56.0000       27.0000 23096807   51.79%
  92611 32925       35.0000   616       56.0000       28.0000 23084903   50.00%
  93171 33431        cutoff             56.0000       28.0000 23293083   50.00%
  93613 33521    infeasible             56.0000       28.0000 23339983   50.00%
  94046 33836       35.0000   405       56.0000       28.0000 23451544   50.00%
  94262 33746       40.0000   460       56.0000       28.0000 23419608   50.00%
  94598 34403       43.0000   409       56.0000       28.0000 23678846   50.00%
  94915 34423    infeasible             56.0000       28.0000 23689061   50.00%
  95252 34652       35.0000   636       56.0000       28.0000 23814731   50.00%
Elapsed time = 1146.95 sec. (830543.87 ticks, tree = 1434.75 MB, solutions = 3)
  95583 34826       28.0000   588       56.0000       28.0000 23888117   50.00%
  95921 34847       41.0000   499       56.0000       28.0000 23899097   50.00%
  96250 34991       50.0000   347       56.0000       28.0000 23967026   50.00%
  96582 35228       28.0000   644       56.0000       28.0000 24110343   50.00%
  97057 35555       49.0000   176       56.0000       28.0000 24254236   50.00%
  97518 35748       39.0000   356       56.0000       28.0000 24358071   50.00%
  97886 36178       33.0000   517       56.0000       28.0000 24564839   50.00%
  98197 35991       49.0000   310       56.0000       28.0000 24468065   50.00%
  98500 36578       35.0000   576       56.0000       28.0000 24728014   50.00%
  98804 36579       29.0000   528       56.0000       28.0000 24714049   50.00%
Elapsed time = 1201.76 sec. (868807.22 ticks, tree = 1544.16 MB, solutions = 3)
  99109 36813       49.0000   364       56.0000       28.0000 24862153   50.00%
  99372 36794       49.0000   318       56.0000       28.0000 24842501   50.00%
  99678 37172       50.0000   334       56.0000       28.0000 25034707   50.00%
 100064 36986       48.0000   452       56.0000       28.0000 24934569   50.00%
 100437 37456       34.0000   399       56.0000       28.0000 25146650   50.00%
 100877 37556       28.0000   527       56.0000       28.0000 25215670   50.00%
 101200 37511       49.0000   452       56.0000       28.0000 25198043   50.00%
 101588 38069       49.0000   333       56.0000       28.0000 25455188   50.00%
 101848 38365       38.0000   583       56.0000       28.0000 25602651   50.00%
 102153 38415       43.0000   409       56.0000       28.0000 25638069   50.00%
Elapsed time = 1255.05 sec. (907047.71 ticks, tree = 1674.82 MB, solutions = 3)
 102344 38704       42.0000   370       56.0000       28.0000 25790292   50.00%
 102545 38554       38.5000   460       56.0000       28.0000 25711705   50.00%
 102781 38946       42.0000   364       56.0000       28.0000 25963303   50.00%
 103015 38810       31.0000   600       56.0000       28.0000 25858952   50.00%
 103286 39085       48.0000   361       56.0000       28.0000 26059261   50.00%
 103590 39353       43.0000   389       56.0000       28.0000 26243902   50.00%
 103886 39326       49.0000   370       56.0000       28.0000 26203845   50.00%
 104149 39286       33.0000   540       56.0000       28.0000 26188147   50.00%
 104320 39453       29.5000   590       56.0000       28.0000 26296158   50.00%
 104604 39735       47.0000   464       56.0000       28.0000 26438155   50.00%
Elapsed time = 1311.36 sec. (945264.32 ticks, tree = 1755.49 MB, solutions = 3)
 104844 39874       35.0000   549       56.0000       28.0000 26522256   50.00%
 105094 39915    infeasible             56.0000       28.0000 26573757   50.00%
 105401 40082       33.0000   663       56.0000       28.0000 26671474   50.00%
 105722 40156       36.0000   433       56.0000       28.0000 26732538   50.00%
 106056 40408       47.0000   344       56.0000       28.0000 26862262   50.00%
 106335 40332       35.0000   526       56.0000       28.0000 26839625   50.00%
 106714 40694       28.0000   569       56.0000       28.0000 27003687   50.00%
 107006 41049       48.0000   375       56.0000       28.0000 27181660   50.00%
 107280 40888       43.0000   342       56.0000       28.0000 27132889   50.00%
 107613 41329       44.0000   405       56.0000       28.0000 27322436   50.00%
Elapsed time = 1369.31 sec. (983517.71 ticks, tree = 1869.15 MB, solutions = 3)
 107937 41230       49.0000   359       56.0000       28.0000 27280818   50.00%
 108255 41549       35.0000   474       56.0000       28.0000 27445121   50.00%
 108532 41740    infeasible             56.0000       28.0000 27530356   50.00%
 108770 41640       31.5000   483       56.0000       28.0000 27505055   50.00%
 109017 41974       33.0000   573       56.0000       28.0000 27674708   50.00%
 109197 42271       35.0000   646       56.0000       28.0000 27856413   50.00%
 109421 42152       43.0000   364       56.0000       28.0000 27748676   50.00%
 109596 42430       35.0000   594       56.0000       28.0000 27954869   50.00%
 109838 42539       28.0000   630       56.0000       28.0000 28030242   50.00%
 110086 42484       42.0000   348       56.0000       28.0000 27989553   50.00%
Elapsed time = 1420.34 sec. (1021901.73 ticks, tree = 1953.82 MB, solutions = 3)
 110285 42849       32.0000   568       56.0000       28.0000 28276971   50.00%
 110496 42871       47.0000   537       56.0000       28.0000 28287002   50.00%
 110677 42882       34.0000   608       56.0000       28.0000 28297052   50.00%
 110870 43102       49.0000   384       56.0000       28.0000 28476930   50.00%
 111082 43156       54.0000   388       56.0000       28.0000 28515774   50.00%
 111303 43095       28.0000   593       56.0000       28.0000 28471034   50.00%
 111467 43287       55.0000   373       56.0000       28.0000 28629219   50.00%
 111694 43364       42.0000   441       56.0000       28.0000 28664767   50.00%
 111885 43647       28.0000   652       56.0000       28.0000 28852771   50.00%
 112049 43617       28.0000   674       56.0000       28.0000 28842295   50.00%
Elapsed time = 1474.89 sec. (1060277.46 ticks, tree = 2035.52 MB, solutions = 3)
 112206 43670       30.0000   556       56.0000       28.0000 28869104   50.00%
 112396 44025       38.0000   316       56.0000       28.0000 29117649   50.00%
 112582 43913       29.0000   530       56.0000       28.0000 29057057   50.00%
 112764 44093    infeasible             56.0000       28.0000 29182922   50.00%
 112930 44164       48.0000   384       56.0000       28.0000 29237160   50.00%
 113131 44306       51.0000   354       56.0000       28.0000 29339277   50.00%
 113320 44457       28.0000   555       56.0000       28.0000 29474167   50.00%
 113505 44572       49.0000   410       56.0000       28.0000 29595746   50.00%
 113725 44655       40.0000   450       56.0000       28.0000 29665700   50.00%
 113955 44584       34.5000   661       56.0000       28.0000 29589689   50.00%
Elapsed time = 1529.42 sec. (1098651.02 ticks, tree = 2106.54 MB, solutions = 3)
Nodefile size = 49.48 MB (44.36 MB after compression)
 114197 44677       37.0000   490       56.0000       28.0000 29685870   50.00%
 114474 44881       51.0000   345       56.0000       28.0000 29820112   50.00%
 114644 45106       33.0000   577       56.0000       28.0000 29969274   50.00%
 114855 45309       49.0000   425       56.0000       28.0000 30070830   50.00%
 115122 45389       49.0000   400       56.0000       28.0000 30141234   50.00%
 115367 45298       49.0000   443       56.0000       28.0000 30044724   50.00%
 115703 45698       32.0000   474       56.0000       28.0000 30281717   50.00%
 115981 45489       42.0000   412       56.0000       28.0000 30187254   50.00%
 116252 45513    infeasible             56.0000       28.0000 30219948   50.00%
 116503 46107       49.0000   350       56.0000       28.0000 30511875   50.00%
Elapsed time = 1584.43 sec. (1136936.90 ticks, tree = 2216.35 MB, solutions = 3)
Nodefile size = 161.12 MB (144.62 MB after compression)
 116788 45988       53.0000   367       56.0000       28.0000 30432756   50.00%
 117091 46382       32.0000   468       56.0000       28.0000 30678254   50.00%
 117364 46685       29.0000   554       56.0000       28.0000 30839488   50.00%
 117577 46741       28.0000   608       56.0000       28.0000 30876050   50.00%
 117723 46496       41.0000   542       56.0000       28.0000 30736534   50.00%
 117917 46933       44.0000   391       56.0000       28.0000 30992654   50.00%
Starting limited solution polishing.
 118113 46903       29.0000   516       56.0000       28.0000 30949228   50.00%
 118269 47092       34.0000   530       56.0000       28.0000 31120316   50.00%
 118420 47109       42.0000   629       56.0000       28.0000 31126706   50.00%
 118614 47304       28.0000   626       56.0000       28.0000 31249249   50.00%
Elapsed time = 1643.67 sec. (1175292.53 ticks, tree = 2311.75 MB, solutions = 3)
Nodefile size = 254.24 MB (228.01 MB after compression)
 118860 47311       42.0000   508       56.0000       28.0000 31280884   50.00%
 119123 47473    infeasible             56.0000       28.0000 31380466   50.00%
 119306 47649    infeasible             56.0000       28.0000 31495735   50.00%
 119511 47741       32.0000   580       56.0000       28.0000 31554414   50.00%
 119724 47675       28.0000   691       56.0000       28.0000 31515838   50.00%
 119911 48051    infeasible             56.0000       28.0000 31782301   50.00%
 120093 47850       49.0000   386       56.0000       28.0000 31602279   50.00%
 120239 48015       37.0000   507       56.0000       28.0000 31747381   50.00%
 120387 48138       28.0000   716       56.0000       28.0000 31831573   50.00%
 120580 48227       33.0000   551       56.0000       28.0000 31902815   50.00%
Elapsed time = 1698.01 sec. (1213592.26 ticks, tree = 2384.13 MB, solutions = 3)
Nodefile size = 329.46 MB (295.55 MB after compression)
 120797 48449       30.0000   620       56.0000       28.0000 32078506   50.00%
 120962 48601       41.0000   600       56.0000       28.0000 32208349   50.00%
 121132 48709       36.0000   605       56.0000       28.0000 32268368   50.00%
 121344 48808       34.0000   489       56.0000       28.0000 32327052   50.00%
 121563 48898       28.0000   601       56.0000       28.0000 32387557   50.00%
 121739 48882       49.0000   388       56.0000       28.0000 32371647   50.00%
 121927 49100       38.0000   455       56.0000       28.0000 32528854   50.00%
 122109 49040       35.0000   521       56.0000       28.0000 32504680   50.00%
 122353 49124       37.0000   592       56.0000       28.0000 32547679   50.00%
 122627 49332       28.0000   619       56.0000       28.0000 32707216   50.00%
Elapsed time = 1753.54 sec. (1251987.76 ticks, tree = 2471.73 MB, solutions = 3)
Nodefile size = 415.96 MB (373.20 MB after compression)
 122868 49450       35.0000   587       56.0000       28.0000 32790795   50.00%
 123055 49578    infeasible             56.0000       28.0000 32863207   50.00%
 123244 49703       42.0000   551       56.0000       28.0000 32936328   50.00%
 123435 49942       36.0000   519       56.0000       28.0000 33107436   50.00%
 123640 49890       42.5000   486       56.0000       28.0000 33088025   50.00%
 123887 49980       44.0000   660       56.0000       28.0000 33128041   50.00%
 124134 50121       35.0000   597       56.0000       28.0000 33269928   50.00%
 124359 50148       35.0000   539       56.0000       28.0000 33282043   50.00%

GUB cover cuts applied:  2003
Clique cuts applied:  43
Cover cuts applied:  4898
Implied bound cuts applied:  686
Flow cuts applied:  29
Mixed integer rounding cuts applied:  797
Zero-half cuts applied:  46
Lift and project cuts applied:  4
Gomory fractional cuts applied:  50

Root node processing (before b&c):
  Real time             =    0.76 sec. (542.49 ticks)
Parallel b&c, 8 threads:
  Real time             = 1800.39 sec. (1285015.33 ticks)
  Sync time (average)   =  275.76 sec.
  Wait time (average)   =    0.03 sec.
                          ------------
Total (root+branch&cut) = 1801.15 sec. (1285557.82 ticks)
! --------------------------------------------------------
! Status: FEASIBLE (time limit or other stopping criterion reached)
! Best span = 56
! Labeling: 32 15 1 8 1 1 1 22 56 22 22 15 1 22 22 22 50 8 15 36 8 8 29 8 22 29 15 29 9 15 8 15 29 8 1 1 15 22 1 22 8 8 8 15 15 22 22 49 8 29 1 29 8 15 43 8 15 36 1 
! --------------------------------------------------------
! All verification passed
