! Solving for graph /home/truongxuanhieu/CPLEX-MIP-for-MinSpanLabeling/benchmarks/cabp/M-bcsstk06.mtx.rnd
! Target value is set to 33
! Lower bound is set to 34
! Upper bound is set to 420
! Time limit is set to 1800
! Vertices mode is set to Has hole
! Target value mode is set to Cyclic Antibandwidth
Version identifier: 22.2.0.0 | 2026-05-04 | 5dff98e58
CPXPARAM_TimeLimit                               1800
Tried aggregator 2 times.
MIP Presolve eliminated 3721 rows and 1050 columns.
MIP Presolve modified 176610 coefficients.
Aggregator did 8700 substitutions.
Reduced MIP has 20702 rows, 192331 columns, and 404520 nonzeros.
Reduced MIP has 180330 binaries, 4141 generals, 0 SOSs, and 7860 indicators.
Presolve time = 0.52 sec. (1345.50 ticks)
Probing time = 0.55 sec. (426.02 ticks)
Tried aggregator 2 times.
Detecting symmetries...
Aggregator did 4 substitutions.
Reduced MIP has 20698 rows, 192327 columns, and 404516 nonzeros.
Reduced MIP has 180330 binaries, 4557 generals, 0 SOSs, and 7860 indicators.
Presolve time = 0.43 sec. (385.03 ticks)
Probing time = 0.11 sec. (50.85 ticks)
Clique table members: 71852.
MIP emphasis: balance optimality and feasibility.
MIP search method: dynamic search.
Parallel mode: deterministic, using up to 8 threads.
Root relaxation solution time = 0.73 sec. (587.67 ticks)

        Nodes                                         Cuts/
   Node  Left     Objective  IInf  Best Integer    Best Bound    ItCnt     Gap

      0     0       66.0000  2254                     66.0000     4338         
      0     0       66.0000  3629                  Cuts: 5274     8021         
      0     0       66.0000  3584                  Cuts: 5274     9765         
      0     0       66.0000  3927                  Cuts: 4154    11659         
      0     2       66.0000  2825                     66.0000    11659         
Elapsed time = 23.12 sec. (24628.95 ticks, tree = 0.02 MB, solutions = 0)
      2     4       66.0000  2818                     66.0000    12240         
      6     5       99.0000  2787                     66.0000    12629         
     14     6       66.0000  2823                     66.0000    12390         
     21    19       99.0000  3702                     66.0000    26613         
     31    29       99.0000  2839                     66.0000    31607         
     43    15       88.0000  3883                     66.0000    20431         
     46    38      132.0000  2935                     66.0000    36371         
     53    42       66.0000  3007                     66.0000    41255         
     67    57       99.0000  3820                     66.0000    46545         
    120    87       99.0000  2950                     66.0000    55358         
Elapsed time = 27.27 sec. (27890.23 ticks, tree = 4.16 MB, solutions = 0)
    237   181       99.0000  2808                     66.0000    64436         
    300   192      133.0000  2893                     66.0000    67184         
    382   314      133.0000  2813                     66.0000    78713         
    507   428      166.0000  3033                     66.0000    89612         
    617   526      165.0000  2556                     66.0000    96569         
    741   616      199.0000  2687                     66.0000   104139         
    857   659      100.0000  2764                     66.0000   109387         
    975   775      166.0786  3470                     66.0000   122233         
   1126   881      132.0000  2680                     66.0000   129331         
   1292  1100      394.0000  2464                     66.0000   145507         
Elapsed time = 41.54 sec. (37533.18 ticks, tree = 65.37 MB, solutions = 0)
   1460  1140      232.0000  2420                     66.0000   146334         
   1608  1269      358.0000  2579                     66.0000   155386         
   1757  1433      198.0000  2454                     66.0000   164283         
   1930  1589      199.0000  2445                     66.0000   173707         
   2064  1734      356.0000  2636                     66.0000   179536         
   2233  1919      166.0000  2497                     66.0000   195823         
   2399  1957      231.0000  2369                     66.0000   198661         
   2550  2158      329.0000  2473                     66.0000   207583         
   2700  2259      232.0000  2437                     66.0000   216731         
   2834  2425      232.0000  2417                     66.0000   232983         
Elapsed time = 53.75 sec. (47127.47 ticks, tree = 157.58 MB, solutions = 0)
   2973  2567      166.0000  2332                     66.0000   247360         
   3131  2698      232.0000  2185                     66.0000   259303         
   3286  2801      166.0000  2816                     66.0000   265830         

Performing restart 1

Repeating presolve.
Tried aggregator 1 time.
Reduced MIP has 20698 rows, 192327 columns, and 404516 nonzeros.
Reduced MIP has 180330 binaries, 4557 generals, 0 SOSs, and 7860 indicators.
Presolve time = 0.19 sec. (219.07 ticks)
Tried aggregator 1 time.
Reduced MIP has 20698 rows, 192327 columns, and 404516 nonzeros.
Reduced MIP has 180330 binaries, 4557 generals, 0 SOSs, and 7860 indicators.
Presolve time = 0.36 sec. (324.10 ticks)
Represolve time = 1.48 sec. (1165.20 ticks)
   3355     0       66.0000  3927                  Cuts: 5274   295354         
   3355     0       66.0000  4564                  Cuts: 4163   304657         
   3355     0       66.0000  4760                  Cuts: 5274   315537         
   3355     0       66.0000  5043                  Cuts: 5274   330978         
   3355     2       66.0000  4351                     66.0000   330978         
   3359     6       80.0000  3674                     66.0000   333049         
   3374    17      132.0000  3117                     66.0000   334571         
   3386    29      132.0000  3103                     66.0000   334865         
   3421    50      132.0000  3195                     66.0000   335501         
   3476    86      113.0000  3043                     66.0000   349848         
   3556   130      114.0000  3232                     66.0000   355375         
Elapsed time = 218.13 sec. (241927.63 ticks, tree = 7.99 MB, solutions = 0)
   3647   238      132.0000  3364                     66.0000   374076         
   3789   261      114.0000  3385                     66.0000   376368         
   3926   468      132.0000  3321                     66.0000   401763         
   4078   492      114.0000  3630                     66.0000   403442         
   4247   648      132.0000  3631                     66.0000   414050         
   4407   780      132.0000  3403                     66.0000   418854         
   4556  1062      100.0000  3421                     66.0000   429428         
   4723  1151      112.0000  3418                     66.0000   434024         
   4900  1303      169.0000  3399                     66.0000   439539         
   5077  1496      112.0000  3479                     66.0000   448398         
Elapsed time = 230.61 sec. (251513.34 ticks, tree = 110.99 MB, solutions = 0)
   5254  1570      386.0000  3134                     66.0000   450071         
   5409  1769    infeasible                           66.0000   457642         
   5583  1880      384.0000  3169                     66.0000   460410         
   5749  2041      384.0000  3157                     66.0000   466635         
   5917  2287      134.0000  3104                     66.0000   476085         
   6091  2361      403.0000  3172                     66.0000   478088         
   6265  2583      384.0000  2945                     66.0000   483634         
   6420  2697      384.0000  2958                     66.0000   486350         
   6602  2928      398.0000  2916                     66.0000   490229         
   6735  3031      134.0000  2941                     66.0000   492310         
Elapsed time = 242.99 sec. (261089.33 ticks, tree = 219.49 MB, solutions = 0)
   6868  3268      183.0000  2808                     66.0000   505561         
   6970  3274      132.0000  3064                     66.0000   505028         
   7080  3382      135.0000  3006                     66.0000   511122         
   7199  3470      403.0000  2567                     66.0000   514572         
   7312  3644      183.0000  2570                     66.0000   525347         
   7446  3693       99.0000  3136                     66.0000   530973         
   7580  3801       99.0000  3406                     66.0000   537760         
   7705  3949      305.0000  2993                     66.0000   540865         
   7856  4100      305.0000  2968                     66.0000   550437         
   8000  4210      403.0000  2223                     66.0000   559539         
Elapsed time = 255.87 sec. (270710.03 ticks, tree = 304.94 MB, solutions = 0)
   8135  4435      305.0000  2943                     66.0000   569133         
   8265  4508      132.0000  3056                     66.0000   581755         
   8385  4627       99.0000  3758                     66.0000   593664         
   8510  4724      305.0000  2920                     66.0000   595745         
   8625  4758      132.0000  3337                     66.0000   601129         
   8743  4985      134.0000  2804                     66.0000   614953         
   8842  5082    infeasible                           66.0000   621553         
   8937  5137      100.0000  3168                     66.0000   626722         
   9053  5219      132.0000  3079                     66.0000   635444         
   9165  5389      132.0000  3163                     66.0000   657401         
Elapsed time = 268.55 sec. (280317.12 ticks, tree = 386.66 MB, solutions = 0)
   9279  5470      132.0000  3211                     66.0000   666045         
   9378  5551      132.0000  2938                     66.0000   682938         

Performing restart 2

Repeating presolve.
Tried aggregator 1 time.
Reduced MIP has 20698 rows, 192327 columns, and 417536 nonzeros.
Reduced MIP has 180330 binaries, 4557 generals, 0 SOSs, and 7860 indicators.
Presolve time = 0.21 sec. (224.78 ticks)
Tried aggregator 1 time.
Reduced MIP has 20698 rows, 192327 columns, and 417536 nonzeros.
Reduced MIP has 180330 binaries, 4557 generals, 0 SOSs, and 7860 indicators.
Presolve time = 0.37 sec. (317.81 ticks)
Represolve time = 3.76 sec. (3336.13 ticks)
   9397     0       66.0000  4090                  Cuts: 5274   714655         
   9397     0       66.0000  5149                  Cuts: 4616   749120         
   9397     0       66.0000  5122                  Cuts: 4916   771553         
   9397     0       66.0000  5386                  Cuts: 5274   797734         
   9397     0       66.7857  6381                  Cuts: 5274   808314         
   9397     0       67.0000  5809                  Cuts: 3994   814739         
   9397     0       67.0000  6011                  Cuts: 4591   825066         
   9397     0       67.1132  6316                  Cuts: 2728   841274         
   9397     0       72.6000  6199                  Cuts: 5274   847741         
   9397     0       73.0000  6079                  Cuts: 4275   852934         
   9397     0       73.0000  6109                  Cuts: 4968   865970         
   9397     0       73.0000  5166                  Cuts: 1997   872689         
   9397     0       73.0000  5348                  Cuts: 5274   880323         
   9397     2       73.0000  4836                     73.0000   880323         
   9401     6       73.0000  4455                     73.0000   881617         
   9406    11       73.0000  3967                     73.0000   882256         
   9409     9       99.0000  4119                     73.0000   885119         
   9420     3       79.0000  4657                     73.0000   881879         
   9431    21       79.0000  4672                     73.0000   889668         
   9444    29      132.0000  3145                     73.0000   891161         
   9463    53       99.0000  3161                     73.0000   895871         
Elapsed time = 1003.10 sec. (1081788.46 ticks, tree = 4.29 MB, solutions = 0)
   9480    80      132.0000  2999                     73.0000   909611         
   9504    92      109.0000  3474                     73.0000   916518         
   9531   110       74.0000  3836                     73.0000   921503         
   9560   123      100.0000  3497                     73.0000   922154         
   9584   150       84.0000  3761                     73.0000   940447         
   9615   175       99.0000  4553                     73.0000   952225         
   9636   189      100.0000  3570                     73.0000   958341         
   9663   226      166.0000  3299                     73.0000   982709         
   9691   243       74.0000  4251                     73.0000   985742         
   9802   342      198.0000  3295                     73.0000  1007024         
Elapsed time = 1024.69 sec. (1094514.21 ticks, tree = 33.02 MB, solutions = 0)
   9933   460      100.0000  3787                     73.0000  1029324         
  10063   540      166.0000  3478                     73.0000  1040561         
  10202   687      208.0000  3192                     73.0000  1052489         
  10360   865      264.0000  3336                     73.0000  1064436         
  10507   985      199.0000  3330                     73.0000  1069930         
  10637  1139      199.0000  3389                     73.0000  1081125         
  10784  1258      199.0000  3381                     73.0000  1088636         
  10915  1339      208.0000  3146                     73.0000  1095855         
  11056  1561      208.0000  3087                     73.0000  1115780         
  11195  1641      199.0000  2869                     73.0000  1122746         
Elapsed time = 1096.26 sec. (1132837.15 ticks, tree = 368.72 MB, solutions = 0)
  11350  1773      234.0000  2842                     73.0000  1132693         
  11478  1944      199.0000  2566                     73.0000  1141151         
  11593  2058      203.0000  2901                     73.0000  1156207         
  11714  2132      102.0000  3447                     73.0000  1164644         
  11830  2272      205.0000  2870                     73.0000  1179977         
  11937  2420      100.0000  4583                     73.0000  1203453         
  12065  2547      100.0000  3601                     73.0000  1218584         
  12196  2638      233.0000  2450                     73.0000  1223762         
  12331  2709      228.0000  3079                     73.0000  1233478         
  12466  2870      171.0000  3252                     73.0000  1250103         
Elapsed time = 1167.56 sec. (1171189.34 ticks, tree = 679.73 MB, solutions = 0)
  12585  2940      166.0000  3339                     73.0000  1256500         
  12722  3122      228.0000  2950                     73.0000  1267013         
  12860  3278      203.0000  3127                     73.0000  1283766         
  13007  3356      166.0000  3078                     73.0000  1295020         
  13148  3576      261.0000  2765                     73.0000  1312900         
  13310  3761      261.0000  2724                     73.0000  1325972         
  13616  3889      279.0000  1761                     73.0000  1334935         
  14037  3989      221.0000  2253                     73.0000  1340382         
  14155  4520       99.0000  4558                     73.0000  1376328         
  14226  4660      200.0000  3100                     73.0000  1393522         
Elapsed time = 1233.82 sec. (1209629.74 ticks, tree = 1201.13 MB, solutions = 0)
  14330  4761      232.0000  3163                     73.0000  1419266         
  14460  4811      166.0000  3686                     73.0000  1435203         
  14574  4847      166.0000  3374                     73.0000  1446287         
  14662  4943      166.0000  3336                     73.0000  1463382         
  14762  5100      166.0000  3635                     73.0000  1482048         
  14864  5140      100.0000  4445                     73.0000  1496352         
  14949  5312      232.0000  3464                     73.0000  1525577         
  15056  5334      101.0000  3664                     73.0000  1534417         
  15177  5564      133.0000  3475                     73.0000  1572335         
  15325  5550      134.0000  3578                     73.0000  1574040         
Elapsed time = 1301.17 sec. (1248098.74 ticks, tree = 1414.87 MB, solutions = 0)
  15462  5750      133.0000  3424                     73.0000  1601832         
  15580  5959      265.0000  3129                     73.0000  1630174         
  15721  6067      298.0000  3606                     73.0000  1643362         
  15952  6092      298.0000  3175                     73.0000  1645456         
  16213  6266      265.0000  2917                     73.0000  1663691         
  16416  6421      199.0000  3311                     73.0000  1672754         
  16529  6637      199.0000  3317                     73.0000  1707874         
  16635  6933      166.0000  3637                     74.0000  1750729         
  16741  7112      107.0000  3732                     74.0000  1792277         
  16880  7125      166.0000  3818                     74.0000  1794815         
Elapsed time = 1363.59 sec. (1286388.62 ticks, tree = 1702.11 MB, solutions = 0)
  17015  7310      200.0000  3544                     74.0000  1815608         
  17158  7479      133.0000  3711                     74.0000  1831266         
  17302  7614      232.0000  3385                     74.0000  1846031         
  17467  7797      199.0000  3659                     74.0000  1862750         
  17759  7928      298.0000  2941                     74.0000  1870636         
  17976  8039      138.0000  3204                     74.0000  1875978         
  18214  8297      133.0000  3965                     74.0000  1921346         
  18375  8512      166.0000  3904                     74.0000  1931662         
  18501  8713      264.0000  3469                     74.0000  1950714         
  18650  8895      216.0000  3142                     74.0000  1983797         
Elapsed time = 1428.08 sec. (1324698.26 ticks, tree = 2132.60 MB, solutions = 0)
Nodefile size = 75.30 MB (41.40 MB after compression)
  18815  8952      104.0000  3620                     74.0000  1995038         
  18967  9159      216.0000  3039                     74.0000  2006488         
  19186  9345      184.0000  3177                     74.0000  2021072         
  19546  9494      265.0000  3267                     74.0000  2029351         
  19916  9529      165.0000  3624                     74.0000  2034885         
  20116 10154      133.0000  3618                     74.0000  2075929         
  20215 10041       99.0000  3795                     74.0000  2059781         
  20320 10557      133.0000  3908                     74.0000  2124244         
  20456 10711      105.0000  3733                     74.0000  2167667         
  20600 10730      105.0000  3576                     74.0000  2169612         
Elapsed time = 1492.51 sec. (1363063.21 ticks, tree = 2308.50 MB, solutions = 0)
Nodefile size = 245.12 MB (140.13 MB after compression)
  20755 10814      292.0000  2965                     74.0000  2177168         
  20905 10988      133.0000  3474                     74.0000  2204460         
  21057 11173      199.0000  3390                     74.0000  2217371         
  21208 11283      165.0000  3890                     74.0000  2227696         
  21435 11598      166.0000  3401                     74.0000  2247786         
  21746 11469      233.0000  3261                     74.0000  2238581         
  22094 11752      198.0000  3293                     74.0000  2263692         
  22624 12133      264.0000  3500                     74.0000  2284226         
  22912 12584      199.0000  3321                     74.0000  2324638         
  23063 12440      199.0000  3436                     74.0000  2307591         
Elapsed time = 1561.37 sec. (1401385.09 ticks, tree = 2826.70 MB, solutions = 0)
Nodefile size = 755.89 MB (435.49 MB after compression)
  23227 13422      166.0000  3655                     74.0000  2372272         
  23383 13558      166.0000  3671                     74.0000  2389455         
  23538 13719      265.0000  3153                     74.0000  2403851         
  23696 13774      199.0000  3260                     74.0000  2406537         
  23899 13868      297.0000  2832                     74.0000  2413729         
  24169 14189      297.0000  2660                     74.0000  2437689         
  24601 14251      232.0000  2811                     74.0000  2437973         
  24893 14539      265.0000  1921                     74.0000  2463413         
  25174 14568      103.0000  3658                     74.0000  2469601         
  25331 14827      198.0000  3571                     74.0000  2483977         
Elapsed time = 1632.93 sec. (1439716.82 ticks, tree = 3549.22 MB, solutions = 0)
Nodefile size = 1477.21 MB (880.73 MB after compression)
  25460 15139      166.0000  3992                     74.0000  2510098         
  25594 15539      199.0000  3433                     74.0000  2534484         
  25743 15704      232.0000  3697                     74.0000  2566258         
  25891 15749      163.0000  3677                     74.0000  2576686         
  26050 16159      297.0000  3242                     74.0000  2626132         
  26217 16099      134.0000  3465                     74.0000  2622946         
  26410 16241      200.0000  3519                     74.0000  2631826         
  26723 16614      200.0000  3326                     74.0000  2654944         
  27090 16675      198.0000  3736                     74.0000  2659627         
  27542 17137      198.0000  3676                     74.0000  2687885         
Elapsed time = 1700.11 sec. (1478023.34 ticks, tree = 4251.68 MB, solutions = 0)
Nodefile size = 2187.70 MB (1327.64 MB after compression)
  28029 17224      198.0000  3435                     74.0000  2690620         
  28328 17905      100.0000  4377                     74.0000  2722785         
  28443 17715      133.0000  3872                     74.0000  2715454         
  28577 18575      133.0000  3599                     74.0000  2775743         
  28727 18709      166.0000  3507                     74.0000  2792296         
  28870 18682      166.0000  3650                     74.0000  2791553         
  29011 18992      166.0000  3495                     74.0000  2834651         
  29151 18963      166.0000  3503                     74.0000  2833932         
  29306 19132      263.0000  3437                     74.0000  2841897         
  29450 19258      200.0000  3734                     74.0000  2859425         
Elapsed time = 1768.39 sec. (1516494.86 ticks, tree = 4776.85 MB, solutions = 0)
Nodefile size = 2705.33 MB (1649.71 MB after compression)
  29606 19310      166.0000  3308                     74.0000  2864604         
  29852 19698      166.0000  3134                     74.0000  2897037         
  30162 19579      199.0000  3466                     74.0000  2890472         
  30544 20027      199.0000  3505                     74.0000  2927975         
  30928 20294      165.0000  3538                     74.0000  2949898         
  31180 20103      133.0000  3629                     74.0000  2937146         

GUB cover cuts applied:  1113
Clique cuts applied:  17
Cover cuts applied:  1114
Implied bound cuts applied:  3999
Flow cuts applied:  43
Mixed integer rounding cuts applied:  4131
Zero-half cuts applied:  148
Lift and project cuts applied:  2
Gomory fractional cuts applied:  10

Root node processing (before b&c):
  Real time             =   22.84 sec. (24470.08 ticks)
Parallel b&c, 8 threads:
  Real time             = 1782.09 sec. (1516365.86 ticks)
  Sync time (average)   =  232.45 sec.
  Wait time (average)   =    0.61 sec.
                          ------------
Total (root+branch&cut) = 1804.93 sec. (1540835.94 ticks)
! --------------------------------------------------------
! Problem is UNKNOWN
! CPLEX Status = AbortTimeLim
! --------------------------------------------------------
