! Solving for graph /home/truongxuanhieu/CPLEX-MIP-for-MinSpanLabeling/benchmarks/cabp/O-impcol_d.mtx.rnd
! Target value is set to 105
! Lower bound is set to 106
! Upper bound is set to 425
! Time limit is set to 1800
! Vertices mode is set to Has hole
! Target value mode is set to Cyclic Antibandwidth
Version identifier: 22.2.0.0 | 2026-05-04 | 5dff98e58
CPXPARAM_TimeLimit                               1800
Tried aggregator 2 times.
MIP Presolve eliminated 1268 rows and 1062 columns.
MIP Presolve modified 180838 coefficients.
Aggregator did 3809 substitutions.
Reduced MIP has 8462 rows, 186757 columns, and 381122 nonzeros.
Reduced MIP has 182105 binaries, 1693 generals, 0 SOSs, and 2959 indicators.
Presolve time = 0.44 sec. (823.48 ticks)
Probing time = 0.77 sec. (384.64 ticks)
Tried aggregator 1 time.
Detecting symmetries...
Reduced MIP has 8462 rows, 186757 columns, and 381122 nonzeros.
Reduced MIP has 182105 binaries, 2118 generals, 0 SOSs, and 2959 indicators.
Presolve time = 0.34 sec. (287.82 ticks)
Probing time = 0.11 sec. (45.15 ticks)
Clique table members: 69647.
MIP emphasis: balance optimality and feasibility.
MIP search method: dynamic search.
Parallel mode: deterministic, using up to 8 threads.
Root relaxation solution time = 0.37 sec. (290.85 ticks)

        Nodes                                         Cuts/
   Node  Left     Objective  IInf  Best Integer    Best Bound    ItCnt     Gap

      0     0      210.0000   999                    210.0000     1234         
      0     0      210.0000  2411                  Cuts: 2215     2607         
      0     0      210.0000  2370                  Cuts: 2215     3498         
      0     0      210.0000  2674                  Cuts: 2215     4738         
Detecting symmetries...
      0     2      210.0000  2564                    210.0000     4738         
Elapsed time = 23.92 sec. (34684.01 ticks, tree = 0.02 MB, solutions = 0)
     10    11      210.0000  1804                    210.0000     4884         
     26    22      210.0000  1954                    210.0000     6915         
     81    73      210.0000  1888                    210.0000    12454         
    104    97      210.0000  1847                    210.0000    13806         
    143   131      210.0000  1760                    210.0000    20049         
    178   154      264.0000  1468                    210.0000    22638         
    212   180      315.0000  1455                    210.0000    28442         
    220   222      315.0000  1434                    210.0000    35673         
    248   229      211.0000  1764                    210.0000    37485         
    468   403      421.0000  1403                    210.0000    49601         
Elapsed time = 30.98 sec. (39194.28 ticks, tree = 41.30 MB, solutions = 0)
    604   507      421.0000  1328                    210.0000    54534         
    761   704      316.0000  1266                    210.0000    59702         
    959   834      421.0000  1226                    210.0000    61960         
   1188  1041      368.0000  1141                    210.0000    65219         
   1391  1170      315.0000  1426                    210.0000    72717         
   1584  1384      421.0000  1040                    210.0000    78665         
   1785  1592      368.0000  1116                    210.0000    88146         
   2027  1765      305.0000  1454                    210.0000    93779         
   2265  2010      316.0000  1252                    210.0000    98960         
   2468  2183      421.0000  1158                    210.0000   101826         
Elapsed time = 42.74 sec. (48769.25 ticks, tree = 303.74 MB, solutions = 0)
   2703  2410      316.0000  1339                    210.0000   106580         
   2897  2575      421.0000  1077                    210.0000   111688         
   3091  2855      368.0000  1429                    210.0000   122043         
   3312  2949      305.0000  1531                    210.0000   124130         
   3618  3173      316.0000  1286                    210.0000   133130         
   3917  3587    infeasible                          210.0000   140521         
   3920  3457      410.0000  1446                    210.0000   139596         
   4066  3699      421.0000  1157                    210.0000   142031         
   4379  3895      368.0000  1146                    210.0000   145499         
   4684  4262      421.0000  1439                    210.0000   149261         
Elapsed time = 57.08 sec. (58490.55 ticks, tree = 623.05 MB, solutions = 0)
   4889  4449      262.5000  2019                    210.0000   157761         
   5119  4587      315.0000  1330                    210.0000   161501         
   5430  4817      316.0000  1312                    210.0000   173474         
   5747  4858      420.0000  1177                    210.0000   174015         
   6074  4952      211.0000  1790                    210.0000   174965         
   6347  5046      316.0000  1313                    210.0000   177945         
   6624  5146      316.0000  1417                    210.0000   186437         
   6914  5312      316.0000  1380                    210.0000   192156         
   7292  5415      316.0000  1251                    210.0000   192895         
   7616  5440    infeasible                          210.0000   193181         
Elapsed time = 68.45 sec. (68051.00 ticks, tree = 801.23 MB, solutions = 0)
   7874  5605      315.0000  1642                    210.0000   195631         
   8096  5737      315.0000  1476                    210.0000   206340         
   8354  5861      316.0000  1386                    210.0000   212089         
   8658  6061      315.0000  1314                    210.0000   217082         
   8976  6379      316.0000  1275                    210.0000   219534         
   9145  6547    infeasible                          210.0000   221254         
   9147  6451    infeasible                          210.0000   219750         
   9251  6587      316.0000  1281                    210.0000   221441         
   9487  6622      316.0000  1492                    210.0000   224134         
   9804  6777      315.0000  1380                    210.0000   227475         
Elapsed time = 85.13 sec. (78170.78 ticks, tree = 1007.13 MB, solutions = 0)
  10132  7079      315.0000  1290                    210.0000   233301         
  10443  7357      315.0000  1389                    210.0000   235804         
  10801  7594      315.0000  1164                    210.0000   237017         
  11111  7995      315.0000  1321                    210.0000   249076         
  11424  7995      315.0000  1321                    210.0000   249140         
  11779  8236      420.0000  1441                    210.0000   257283         
  12104  8527      315.0000  1325                    210.0000   266663         
  12432  8597      315.0000  1100                    210.0000   267092         
  12747  8847      316.0000  1391                    210.0000   270459         
  13146  9102      316.0000  1405                    210.0000   274479         
Elapsed time = 97.13 sec. (87726.15 ticks, tree = 1369.14 MB, solutions = 0)
  13479  9230      316.0000  1234                    210.0000   274800         
  13806  9630      316.0000  1143                    210.0000   281726         
  14124 10175      316.0000  1222                    210.0000   286269         
  14421 10154      316.0000  1345                    210.0000   287605         
  14746 10384      316.0000  1385                    210.0000   293125         
  15074 10650    infeasible                          210.0000   304298         
  15452 10714      315.0000  1265                    210.0000   304410         
  15766 10751      420.0000  1524                    210.0000   305885         
  16084 11340      315.0000  1123                    210.0000   313451         
  16422 11465      315.0000  1559                    210.0000   316446         
Elapsed time = 108.43 sec. (97288.34 ticks, tree = 1737.96 MB, solutions = 0)
  16794 11800      315.0000  1446                    210.0000   322977         
  17207 12017      315.0000  1564                    210.0000   322188         
  17537 12340      315.0000  1233                    210.0000   326156         
  17817 12680      315.0000  1217                    210.0000   334068         
  17900 12829      420.0000  1343                    210.0000   339092         
  18000 13163      316.0000  1331                    210.0000   348511         
  18157 13158      315.0000  1225                    210.0000   350272         
  18431 13250      263.0000  1558                    210.0000   350440         
  18781 13505      264.0000  1501                    210.0000   354478         
  19128 13740      420.0000  1273                    210.0000   358511         
Elapsed time = 127.42 sec. (108594.51 ticks, tree = 2095.77 MB, solutions = 0)
Nodefile size = 35.78 MB (16.93 MB after compression)
  19513 14014      316.0000  1399                    210.0000   362330         
  19940 14328      315.0000  1449                    210.0000   367411         
  20325 14293      315.0000  1487                    210.0000   368906         
  20638 14818      420.0000  1398                    210.0000   368290         
  20963 14918      315.0000  1460                    210.0000   376002         
  21281 15393    infeasible                          210.0000   384927         
  21611 15525      315.0000  1513                    210.0000   388427         
  21940 15655      316.0000  1246                    210.0000   390171         
  22248 15876    infeasible                          210.0000   394007         
  22594 16031      315.0000  1408                    210.0000   396311         
Elapsed time = 137.75 sec. (118150.25 ticks, tree = 2457.02 MB, solutions = 0)
Nodefile size = 390.25 MB (185.16 MB after compression)
  22892 16290      316.0000  1414                    210.0000   401038         
  23209 16571    infeasible                          210.0000   406413         
  23511 16654      316.0000  1326                    210.0000   410332         
  23761 16751      315.0000  1480                    210.0000   417410         
  24088 16937      315.0000  1414                    210.0000   427303         
  24372 16995      315.0000  1416                    210.0000   430846         
  24673 17336      316.0000  1187                    210.0000   436984         
  24979 17488    infeasible                          210.0000   441425         
  25351 17552    infeasible                          210.0000   444702         
  26895 18712      315.0000  1598                    210.0000   460005         
Elapsed time = 151.35 sec. (130575.46 ticks, tree = 2878.31 MB, solutions = 0)
Nodefile size = 814.48 MB (387.63 MB after compression)
  28147 19703      316.0000  1185                    210.0000   478334         
  29858 20522      315.0000  1579                    210.0000   490831         
  31200 22205      316.0000  1145                    210.0000   509022         
  32478 22863      210.0000  1862                    210.0000   524754         
  32546 23659      315.0000  1524                    210.0000   532092         
  33482 23811    infeasible                          210.0000   537047         
  34762 24236      317.0000  1313                    210.0000   551227         
  36390 25213      420.0000  1417                    210.0000   564938         
  37713 26506      369.0000  1364                    210.0000   581833         
  38844 27100      316.0000  1240                    210.0000   602822         
Elapsed time = 201.31 sec. (168833.40 ticks, tree = 4211.50 MB, solutions = 0)
Nodefile size = 2142.48 MB (1028.95 MB after compression)
  40208 28203      316.0000  1533                    210.0000   619056         
  41710 28451      263.0000  1638                    210.0000   628500         
  43053 29258      263.0000  1550                    210.0000   639438         
  44293 30494      420.0000  1261                    210.0000   656791         
  45805 32165      369.0000  1366                    210.0000   682916         
  47252 32813      316.0000  1411                    210.0000   688917         
  48731 33196      316.0000   986                    210.0000   691963         
  50263 34234      286.0000  1602                    210.0000   707477         
  51666 34959      315.0000  1399                    210.0000   710499         
  52936 35625      315.0000  1261                    210.0000   717544         
Elapsed time = 245.30 sec. (207001.62 ticks, tree = 5607.58 MB, solutions = 0)
Nodefile size = 3527.77 MB (1706.29 MB after compression)
  54309 36860      315.0000  1457                    210.0000   737451         
  55623 37330      210.0000  1847                    210.0000   745182         
  56867 37847      316.0000  1233                    210.0000   755337         
  56921 38305      420.0000  1153                    210.0000   765684         
  58095 38432      410.0000  1368                    210.0000   767860         
  59640 39807      255.0000  1706                    210.0000   780246         
  61002 40922      315.0000  1217                    210.0000   790138         
  62642 41896      315.0000  1238                    210.0000   798417         
  64298 43086      316.0000  1219                    210.0000   804591         
  65723 43930    infeasible                          210.0000   809856         
Elapsed time = 294.80 sec. (245192.09 ticks, tree = 6977.29 MB, solutions = 0)
Nodefile size = 4909.72 MB (2383.22 MB after compression)
  67053 44853      343.0000  1154                    210.0000   818265         
  68630 45933      315.0000  1322                    210.0000   827986         
  70206 46938      316.0000  1320                    210.0000   831669         
  71669 47795      316.0000  1299                    210.0000   839702         
  73314 48495      315.0000  1123                    210.0000   843006         
  74690 49395      315.0000  1289                    210.0000   849693         
  74765 49598      420.0000  1193                    210.0000   848024         
  75614 50581      315.0000  1087                    210.0000   863555         
  77299 51357      315.0000  1511                    210.0000   869260         
  79043 52374      316.0000  1139                    210.0000   869342         
Elapsed time = 345.24 sec. (283403.70 ticks, tree = 8374.52 MB, solutions = 0)
Nodefile size = 6282.78 MB (3054.56 MB after compression)
  80588 54174      367.0000  1133                    210.0000   876539         
  82217 54928    infeasible                          210.0000   884158         
  83746 55739    infeasible                          210.0000   892185         
  85226 56462      420.0000  1333                    210.0000   901563         
  86740 57077      316.0000   841                    210.0000   904900         
  88269 58246      315.0000  1490                    210.0000   912137         
  89694 59045    infeasible                          210.0000   917533         
  91136 59672      315.0000  1056                    210.0000   923800         
  92547 60288    infeasible                          210.0000   931552         
  93875 60671    infeasible                          210.0000   934730         
Elapsed time = 387.19 sec. (321575.93 ticks, tree = 9749.27 MB, solutions = 0)
Nodefile size = 7679.56 MB (3742.65 MB after compression)
  95286 61207    infeasible                          210.0000   939831         
  96630 62154      420.0000   979                    210.0000   947080         
  97986 62532    infeasible                          210.0000   951883         
  99251 62794      420.0000  1410                    210.0000   954165         
  99535 63212    infeasible                          210.0000   957381         
  99540 63300      305.0000  1575                    210.0000   958951         
 100512 63723    infeasible                          210.0000   969062         
 101947 64164    infeasible                          210.0000   974801         
 103425 64667      315.0000  1199                    210.0000   982256         
 104890 65520      410.0000  1142                    210.0000   987954         
Elapsed time = 449.55 sec. (362276.98 ticks, tree = 10554.39 MB, solutions = 0)
Nodefile size = 8466.02 MB (4132.33 MB after compression)
 106278 66072      420.0000  1354                    210.0000   992321         
 107620 66568      316.0000  1102                    210.0000   997395         
 109039 68018      316.0000  1334                    210.0000  1015108         
 110464 68471      420.0000  1189                    210.0000  1017778         
 111915 69297      420.0000  1103                    210.0000  1027187         
 113282 70274    infeasible                          210.0000  1038277         
 114652 70558    infeasible                          210.0000  1040867         
 116055 70953      391.0000  1157                    210.0000  1042145         
 117418 71516      317.0000  1118                    210.0000  1049119         
 118906 72361      420.0000  1284                    210.0000  1056140         
Elapsed time = 493.33 sec. (400439.55 ticks, tree = 11688.29 MB, solutions = 0)
Nodefile size = 9583.14 MB (4683.83 MB after compression)
 120370 73142      315.0000  1512                    210.0000  1065022         
 121699 73869      317.0000  1056                    210.0000  1067292         
 123235 74846    infeasible                          210.0000  1085703         
 124886 76280    infeasible                          210.0000  1095140         
 126206 76669      396.0000  1302                    210.0000  1095622         
 127473 78247      316.0000  1509                    210.0000  1118409         
 129005 79471      336.0000  1534                    210.0000  1137140         
 130472 80213      316.0000  1445                    210.0000  1152647         
 130811 80734    infeasible                          210.0000  1154319         
 131250 81316      420.0000  1303                    210.0000  1165295         
Elapsed time = 548.60 sec. (438820.92 ticks, tree = 13173.82 MB, solutions = 0)
Nodefile size = 11094.75 MB (5428.75 MB after compression)
 132375 81740      315.0000  1358                    210.0000  1177296         
 133629 82578      283.0000  1544                    210.0000  1196721         
 134759 83160      315.0000  1357                    210.0000  1208960         
 135993 84526      315.0000  1094                    210.0000  1247087         
 137424 85047      420.0000   930                    210.0000  1253277         
 138692 85909      263.0000  1578                    210.0000  1263791         
 139951 87210      315.0000  1428                    210.0000  1292951         
 141361 88133      420.0000  1303                    210.0000  1310661         
 142640 88815      315.0000  1335                    210.0000  1318413         
 144025 89232      316.0000  1206                    210.0000  1323396         
Elapsed time = 595.11 sec. (476999.19 ticks, tree = 14489.31 MB, solutions = 0)
Nodefile size = 12414.50 MB (6081.57 MB after compression)
 145482 89757      342.0000   782                    210.0000  1327127         
 146783 90525    infeasible                          210.0000  1336887         
 148022 91338      316.0000   889                    210.0000  1344047         
 149499 91743      315.0000  1125                    210.0000  1345492         
 151078 92503    infeasible                          210.0000  1349275         
 152343 92990      315.0000  1503                    210.0000  1352278         
 153645 93373    infeasible                          210.0000  1356774         
 155018 93804      315.0000  1395                    210.0000  1366073         
 156387 94807      317.0000  1224                    210.0000  1386419         
 157628 95147    infeasible                          210.0000  1391360         
Elapsed time = 638.76 sec. (515175.26 ticks, tree = 15479.18 MB, solutions = 0)
Nodefile size = 13407.35 MB (6578.86 MB after compression)
 158177 95178    infeasible                          210.0000  1391943         
 158535 95305      422.0000  1171                    210.0000  1394623         
 159369 95480    infeasible                          210.0000  1400676         
 160724 96069      316.0000  1425                    210.0000  1415521         
 162132 96677      315.0000  1325                    210.0000  1423671         
 163332 97408      315.0000  1094                    210.0000  1435392         
 164588 98468    infeasible                          210.0000  1459694         
 165926 98778      315.0000  1456                    210.0000  1463490         
 167294 99001    infeasible                          210.0000  1466465         
 168554 100007      315.0000  1369                    210.0000  1490855         
Elapsed time = 692.06 sec. (553747.87 ticks, tree = 16292.22 MB, solutions = 0)
Nodefile size = 14207.96 MB (6979.18 MB after compression)
 170070 100473      315.0000  1445                    210.0000  1503208         
 171573 101637    infeasible                          210.0000  1514696         
 172894 102628      315.0000  1426                    210.0000  1529686         
 173485 103014    infeasible                          210.0000  1532037         
 173492 103289      315.0000  1578                    210.0000  1537962         
 173497 103876      315.0000  1607                    210.0000  1547705         
 174322 103947      316.0000  1416                    210.0000  1556489         
 175700 104258      315.0000  1474                    210.0000  1559794         
 177006 104926      316.0000  1428                    210.0000  1564471         
 178423 105837      367.0000  1406                    210.0000  1586096         
Elapsed time = 753.55 sec. (592690.54 ticks, tree = 17267.00 MB, solutions = 0)
Nodefile size = 15189.42 MB (7471.08 MB after compression)
 179960 106687      318.0000   907                    210.0000  1589952         
 181341 107148    infeasible                          210.0000  1594243         
 182644 108276      315.0000  1436                    210.0000  1603881         
 184016 109321      316.0000  1048                    210.0000  1622379         
 185510 109781      371.0000   922                    210.0000  1626841         
 186996 111124      315.0000  1380                    210.0000  1641025         
 188368 111720      315.0000  1453                    210.0000  1647586         
 189728 112428      315.0000  1465                    210.0000  1658766         
 191156 113655      316.0000  1450                    210.0000  1680998         
 192662 114578      315.0000  1458                    210.0000  1689147         
Elapsed time = 797.92 sec. (630869.35 ticks, tree = 18732.74 MB, solutions = 0)
Nodefile size = 16659.61 MB (8206.34 MB after compression)
 194022 114942      315.0000  1042                    210.0000  1694354         
 195470 115672      316.0000  1226                    210.0000  1704292         
 196844 117124      356.0000  1161                    210.0000  1719203         
 198259 117286      315.0000  1479                    210.0000  1722430         
 199610 117979      348.0000  1440                    210.0000  1729889         
 201038 119178      315.0000  1461                    210.0000  1743418         
 202467 120314      315.0000  1481                    210.0000  1758109         
 203746 120387      315.0000  1357                    210.0000  1760265         
 203891 120997      315.0000  1468                    210.0000  1764437         

Performing restart 1

Repeating presolve.
Tried aggregator 1 time.
Reduced MIP has 8462 rows, 186757 columns, and 381122 nonzeros.
Reduced MIP has 182105 binaries, 2118 generals, 0 SOSs, and 2959 indicators.
Presolve time = 0.21 sec. (197.16 ticks)
Tried aggregator 1 time.
Reduced MIP has 8462 rows, 186757 columns, and 381122 nonzeros.
Reduced MIP has 182105 binaries, 2118 generals, 0 SOSs, and 2959 indicators.
Presolve time = 0.36 sec. (297.47 ticks)
Represolve time = 2.00 sec. (1106.41 ticks)
 203895     0      210.0000  2431                  Cuts: 2215  1776962         
 203895     0      210.0000  2564                  Cuts: 2215  1780725         
 203895     0      210.0000  2892                  Cuts: 2215  1787521         
 203895     0      210.0000  2779                  Cuts: 2215  1801132         
 203895     0      210.0000  3061                  Cuts: 2215  1814339         
 203895     2      210.0000  2202                    210.0000  1814339         
Elapsed time = 948.59 sec. (833057.70 ticks, tree = 0.02 MB, solutions = 0)
 204226   192      210.0000  2063                    210.0000  1831383         
 204918   903      421.0000  1346                    210.0000  1867434         
 205707  1619      210.0000  1510                    210.0000  1884707         
 206492  2268      211.0000  1657                    210.0000  1897407         
 207360  2963      315.0000  1458                    210.0000  1911271         
 208137  3668      316.0000  1385                    210.0000  1927751         
 209088  4682      315.0000  1520                    210.0000  1941361         
 209895  5384      315.0000  1356                    210.0000  1950552         
 210667  6087      424.0000  1065                    210.0000  1964391         
 211523  6581      315.0000  1418                    210.0000  1977976         
Elapsed time = 998.59 sec. (871253.58 ticks, tree = 911.81 MB, solutions = 0)
 211871  7024    infeasible                          210.0000  1987526         
 211875  6980      214.0000  2107                    210.0000  1988900         
 211880  7072      305.0000  1798                    210.0000  1997091         

Performing restart 2

Repeating presolve.
Tried aggregator 1 time.
MIP Presolve modified 213 coefficients.
Reduced MIP has 8462 rows, 186757 columns, and 454843 nonzeros.
Reduced MIP has 182105 binaries, 2118 generals, 0 SOSs, and 2959 indicators.
Presolve time = 0.23 sec. (237.44 ticks)
Tried aggregator 1 time.
Reduced MIP has 8462 rows, 186757 columns, and 454843 nonzeros.
Reduced MIP has 182105 binaries, 2118 generals, 0 SOSs, and 2959 indicators.
Presolve time = 0.42 sec. (319.50 ticks)
Represolve time = 3.32 sec. (2483.02 ticks)
 211882     0      210.0000  2637                  Cuts: 2215  2018621         
 211882     0      210.0000  2938                  Cuts: 2215  2024446         
 211882     0      210.0000  3017                  Cuts: 2215  2034051         
 211882     0      210.0000  3118                  Cuts: 2215  2045469         
 211882     0      210.0000  2910                  Cuts: 2215  2056345         
 211882     0      210.0000  2956                  Cuts: 2215  2070455         
 211882     0      210.0000  3124                  Cuts: 2215  2085575         
 211882     2      210.0000  2360                    210.0000  2085575         
 211944    55      287.0000  1938                    210.0000  2097707         
 211976    75      306.0000  1957                    210.0000  2117261         
 212060   110      252.0000  2603                    210.0000  2141695         
 212239   281      290.0000  1881                    210.0000  2156916         
 212424   398      398.0000  1559                    210.0000  2166376         
 212606   651      274.0000  1776                    210.0000  2175854         
Elapsed time = 1293.79 sec. (1232145.70 ticks, tree = 74.59 MB, solutions = 0)
 212787   706      420.0000  1529                    210.0000  2178809         
 212980   933      394.0000  1525                    210.0000  2193885         
 213167  1092      422.0000  1349                    210.0000  2200874         
 213352  1304      394.0000  1434                    210.0000  2211257         
 213542  1523      316.0000  1534                    210.0000  2222730         
 213718  1659      395.0000  1352                    210.0000  2232197         
 213899  1796      408.0000  1281                    210.0000  2246497         
 214082  2000      315.0000  1466                    210.0000  2262698         
 214268  2094      420.0000  1550                    210.0000  2269824         
 214475  2438      316.0000  1686                    210.0000  2300734         
Elapsed time = 1360.08 sec. (1270527.48 ticks, tree = 337.47 MB, solutions = 0)
 214674  2509      420.0000  1481                    210.0000  2302487         
 214876  2788      421.0000  1447                    210.0000  2314926         
 215048  2907      316.0000  1707                    210.0000  2321041         
 215242  3137      421.0000  1644                    210.0000  2337903         
 215458  3256      420.0000  1297                    210.0000  2349795         
 215633  3518      417.0000  1541                    210.0000  2359257         
 215818  3660      417.0000  1535                    210.0000  2371307         
 215992  3822      316.0000  1712                    210.0000  2381210         
 216111  3894      417.0000  1433                    210.0000  2385947         
 216236  4071      420.0000  1721                    210.0000  2410866         
Elapsed time = 1424.56 sec. (1308823.14 ticks, tree = 584.81 MB, solutions = 0)
 216378  4201      312.0000  1755                    210.0000  2429023         
 216535  4251      420.0000  1195                    210.0000  2434763         
 216706  4391      422.0000  1569                    210.0000  2444419         
 216822  4646      315.0000  1891                    210.0000  2478667         
 216937  4668      239.4000  3073                    210.0000  2502275         
 217113  4863      421.0000  1385                    210.0000  2532423         
 217309  4989      373.0000  1663                    210.0000  2553937         
 217487  5177      420.0000  1544                    210.0000  2562822         
 217674  5344      316.0000  1769                    210.0000  2578747         
 217837  5612      318.0000  1552                    210.0000  2595645         
Elapsed time = 1487.18 sec. (1347130.63 ticks, tree = 823.56 MB, solutions = 0)
 218011  5646      315.0000  1754                    210.0000  2607223         
 218206  5939      420.0000  1461                    210.0000  2630333         
 218406  6001      316.0000  1696                    210.0000  2637130         
 218590  6201      315.0000  1898                    210.0000  2643886         
 218738  6420      420.0000  1890                    210.0000  2658762         
 218905  6544      316.0000  1712                    210.0000  2661566         
 219056  6788      381.0000  1981                    210.0000  2688554         
 219227  6699      211.0000  2934                    210.0000  2679905         
 219382  6991      420.0000  1439                    210.0000  2708505         
 219544  7191      407.0000  1563                    210.0000  2722569         
Elapsed time = 1551.49 sec. (1385526.07 ticks, tree = 1071.31 MB, solutions = 0)
 219724  7352      319.0000  1378                    210.0000  2739555         
 219919  7543      421.0000  1461                    210.0000  2752631         
 220120  7685      358.0000  1665                    210.0000  2765630         
 220306  8046      421.0000  1427                    210.0000  2772705         
 220467  8074      421.0000  1396                    210.0000  2773202         
 220611  8199      358.0000  1598                    210.0000  2776942         
 220724  8389      358.0000  1553                    210.0000  2786149         
 220794  8501      358.0000  1520                    210.0000  2809494         
 220889  8558      376.0000  1715                    210.0000  2838404         
 221030  8691      259.0000  2414                    210.0000  2881813         
Elapsed time = 1612.60 sec. (1423918.47 ticks, tree = 1308.40 MB, solutions = 0)
 221213  8714      315.0000  1637                    210.0000  2883307         
 221405  9018      376.0000  1622                    210.0000  2916659         
 221573  9041      420.0000  1586                    210.0000  2917601         
 221696  9223      418.0000  1495                    210.0000  2922857         
 221855  9419      420.0000  1466                    210.0000  2949567         
 222039  9509      423.0000  1389                    210.0000  2953149         
 222174  9823      423.0000  1565                    210.0000  3000095         
 222314  9755      315.0000  1922                    210.0000  3000404         
 222468  9960      316.0000  1595                    210.0000  3004534         
 222613 10161      422.0000  1323                    210.0000  3020198         
Elapsed time = 1677.09 sec. (1462314.23 ticks, tree = 1543.76 MB, solutions = 0)
 222772 10158      415.0000  1682                    210.0000  3038337         
 222935 10415      422.0000  1229                    210.0000  3048097         
 223101 10606      306.0000  1752                    210.0000  3078005         
 223243 10777      420.0000  1575                    210.0000  3085309         
 223382 10914      296.0000  1839                    210.0000  3115984         
 223556 10994      316.0000  1917                    210.0000  3130002         
 223730 11020      316.0000  1783                    210.0000  3130339         
 223887 11254      420.0000  1552                    210.0000  3146389         
 224029 11355      315.0000  1727                    210.0000  3163017         
 224160 11561      315.0000  1839                    210.0000  3179190         
Elapsed time = 1742.14 sec. (1500709.04 ticks, tree = 1770.90 MB, solutions = 0)
 224303 11650      342.0000  1673                    210.0000  3186254         
 224445 11784      315.0000  1920                    210.0000  3207892         
 224573 11891      245.5000  3066                    210.0000  3224152         
 224676 12094      316.0000  2000                    210.0000  3245807         
 224808 12274      421.0000  1632                    210.0000  3278958         
 224943 12301      421.0000  1593                    210.0000  3279621         
 225073 12544      421.0000  1558                    210.0001  3326890         
 225221 12708      327.0000  1785                    210.0001  3348311         
 225349 12732      327.0000  1783                    210.0001  3349624         

GUB cover cuts applied:  874
Cover cuts applied:  300
Implied bound cuts applied:  1434
Flow cuts applied:  7
Mixed integer rounding cuts applied:  1982
Zero-half cuts applied:  66
Lift and project cuts applied:  7
Gomory fractional cuts applied:  14

Root node processing (before b&c):
  Real time             =   23.74 sec. (34612.90 ticks)
Parallel b&c, 8 threads:
  Real time             = 1777.13 sec. (1503254.91 ticks)
  Sync time (average)   =  410.47 sec.
  Wait time (average)   =    0.26 sec.
                          ------------
Total (root+branch&cut) = 1800.87 sec. (1537867.81 ticks)
! --------------------------------------------------------
! Problem is UNKNOWN
! CPLEX Status = AbortTimeLim
! --------------------------------------------------------
