! Solving for graph /home/truongxuanhieu/CPLEX-MIP-for-MinSpanLabeling/benchmarks/cabp/P-can__445.mtx.rnd
! Target value is set to 87
! Lower bound is set to 88
! Upper bound is set to 445
! Time limit is set to 1800
! Vertices mode is set to Has hole
! Target value mode is set to Cyclic Antibandwidth
Version identifier: 22.2.0.0 | 2026-05-04 | 5dff98e58
CPXPARAM_TimeLimit                               1800
Tried aggregator 2 times.
MIP Presolve eliminated 1683 rows and 1112 columns.
MIP Presolve modified 198248 coefficients.
Aggregator did 4699 substitutions.
Reduced MIP has 10637 rows, 205867 columns, and 421477 nonzeros.
Reduced MIP has 199930 binaries, 2128 generals, 0 SOSs, and 3809 indicators.
Presolve time = 0.74 sec. (1003.42 ticks)
Probing time = 1.30 sec. (417.55 ticks)
Tried aggregator 1 time.
Detecting symmetries...
Reduced MIP has 10637 rows, 205867 columns, and 421477 nonzeros.
Reduced MIP has 199930 binaries, 2573 generals, 0 SOSs, and 3809 indicators.
Presolve time = 0.65 sec. (313.46 ticks)
Probing time = 0.22 sec. (49.67 ticks)
Clique table members: 73371.
MIP emphasis: balance optimality and feasibility.
MIP search method: dynamic search.
Parallel mode: deterministic, using up to 8 threads.
Root relaxation solution time = 0.79 sec. (342.69 ticks)

        Nodes                                         Cuts/
   Node  Left     Objective  IInf  Best Integer    Best Bound    ItCnt     Gap

      0     0      174.0000  1228                    174.0000     1687         
      0     0      174.0000  2776                  Cuts: 2759     3332         
      0     0      174.0000  1882                  Cuts: 2759     4618         
      0     0      174.0000  2193                  Cuts: 2759     6368         
Detecting symmetries...
      0     2      174.0000  2149                    174.0000     6368         
Elapsed time = 49.90 sec. (40615.86 ticks, tree = 0.02 MB, solutions = 0)
      6     8      174.0000  2019                    174.0000     6622         
     12    11      261.0000  1796                    174.0000     7287         
     22    16      174.0000  2100                    174.0000     8705         
     51    34      174.0000  2089                    174.0000    14202         
     64    55      261.0000  1790                    174.0000    20888         
     87    69      261.0000  1725                    174.0000    22796         
    107    79      290.0000  1678                    174.0000    25546         
    112    96      218.0000  2043                    174.0000    28471         
    114    81      261.0000  1733                    174.0000    25568         
    162   133      349.0000  1848                    174.0000    30959         
Elapsed time = 59.08 sec. (43973.79 ticks, tree = 11.76 MB, solutions = 0)
    305   246      277.0000  1789                    174.0000    35916         
    487   408      262.0000  1623                    174.0000    40213         
    594   519      436.0000  1406                    174.0000    42448         
    723   603      436.0000  1439                    174.0000    45061         
    835   714      261.0000  1747                    174.0000    55356         
    988   865      436.0000  1365                    174.0000    61685         
   1119   964      262.0000  1658                    174.0000    66905         
   1298  1135      348.0000  1686                    174.0000    80242         
   1479  1323      262.0000  1527                    174.0000    86816         
   1616  1391      261.0000  1796                    174.0000    89624         
Elapsed time = 79.99 sec. (53577.43 ticks, tree = 210.03 MB, solutions = 0)
   1792  1557      436.0000  1478                    174.0000    93216         
   1980  1807      436.0000  1417                    174.0000    99424         
   2155  1907      436.0000  1353                    174.0000   100763         
   2332  2135      436.0000  1371                    174.0000   104108         
   2530  2243      349.0000  1452                    174.0000   105620         
   2699  2384      436.0000  1239                    174.0000   108735         
   2860  2579      436.0000  1204                    174.0000   113677         
   3021  2752      261.0000  1795                    174.0000   123597         
   3168  2804      436.0000  1090                    174.0000   123766         
   3319  3026      436.0000   950                    174.0000   127987         
Elapsed time = 100.30 sec. (63165.65 ticks, tree = 491.63 MB, solutions = 0)
   3499  3103      262.0000  2322                    174.0000   130866         
   3694  3289      305.0000  1816                    174.0000   134888         
   3868  3473      261.0000  1859                    174.0000   143410         
   4056  3601      348.0000  1791                    174.0000   149218         
   4251  3916      348.0000  1586                    174.0000   158895         
   4438  4079      436.0000  1031                    174.0000   161733         
   4584  4168      261.0000  1883                    174.0000   167423         
   4754  4401      348.0000  1725                    174.0000   176725         
   4904  4472      436.0000   959                    174.0000   177645         

Performing restart 1

Repeating presolve.
Tried aggregator 1 time.
Reduced MIP has 10637 rows, 205867 columns, and 421477 nonzeros.
Reduced MIP has 199930 binaries, 2573 generals, 0 SOSs, and 3809 indicators.
Presolve time = 0.31 sec. (219.26 ticks)
Tried aggregator 1 time.
Reduced MIP has 10637 rows, 205867 columns, and 421477 nonzeros.
Reduced MIP has 199930 binaries, 2573 generals, 0 SOSs, and 3809 indicators.
Presolve time = 0.69 sec. (325.00 ticks)
Represolve time = 3.23 sec. (1182.41 ticks)
   4955     0      174.0000  2944                  Cuts: 2759   193644         
   4955     0      174.0000  2836                  Cuts: 2759   197966         
   4955     0      174.0000  3673                  Cuts: 2759   204395         
   4955     0      174.0000  3691                  Cuts: 2373   214127         
   4955     0      174.0000  3607                  Cuts: 2759   224743         
   4955     0      174.0000  3575                  Cuts: 2675   233757         
   4955     0      174.0000  3519                  Cuts: 2759   244147         
   4955     0      174.0000  3546                  Cuts: 2759   255194         
   4955     2      174.0000  2826                    174.0000   255194         
Elapsed time = 451.13 sec. (370076.76 ticks, tree = 0.02 MB, solutions = 0)
   4975    15      348.0000  1917                    174.0000   259452         
   5039    61      174.0000  2780                    174.0000   260676         
   5153   159      348.0000  1870                    174.0000   266584         
   5242   224      348.0000  1781                    174.0000   267468         
   5309   270      348.0000  1794                    174.0000   268650         
   5441   387      348.0000  1878                    174.0000   271574         
   5565   528      348.0000  1985                    174.0000   275712         
   5705   605    infeasible                          174.0000   279426         
   5853   753      349.0000  1717                    174.0000   284486         
   5996   878      348.0000  1751                    174.0000   287471         
Elapsed time = 472.99 sec. (379692.97 ticks, tree = 115.87 MB, solutions = 0)
   6074   975      435.0000  1671                    174.0000   291391         
   6200  1113      436.0000  1665                    174.0000   294807         
   6326  1255      437.0000  1644                    174.0000   298691         
   6440  1344      436.0000  1560                    174.0000   302548         
   6511  1391      262.0000  1975                    174.0000   304163         
   6593  1508      436.0000  1600                    174.0000   310540         
   6675  1537      262.0000  2215                    174.0000   313102         
   6795  1647      437.0000  1821                    174.0000   338813         
   6902  1666      348.0000  1928                    174.0000   341671         
   7014  1755    infeasible                          174.0000   350824         
Elapsed time = 496.43 sec. (389287.95 ticks, tree = 259.67 MB, solutions = 0)
   7140  1922      349.0000  1910                    174.0000   362422         
   7290  2018      435.0000  1844                    174.0000   371245         
   7423  2168      437.0000  1742                    174.0000   379623         
   7539  2233      436.0000  1739                    174.0000   382708         
   7638  2417      261.0000  2150                    174.0000   390301         
   7766  2542      261.0000  2184                    174.0000   397726         
   7893  2656      436.0000  1732                    174.0000   406068         
   8017  2764      262.0000  2136                    174.0000   412203         
   8115  2781      349.0000  1932                    174.0000   413561         
   8229  2884      436.0000  1742                    174.0000   420969         
Elapsed time = 520.13 sec. (398941.72 ticks, tree = 451.42 MB, solutions = 0)
   8349  3017      436.0000  1777                    174.0000   433406         
   8444  3143      392.0000  1872                    174.0000   441908         
   8540  3201      262.0000  2146                    174.0000   447446         
   8643  3276      436.0000  1685                    174.0000   451698         
   8736  3380      349.0000  1863                    174.0000   462930         
   8848  3479      436.0000  1863                    174.0000   469960         
   8981  3513      435.0000  1769                    174.0000   472983         
   9092  3695      435.0000  1891                    174.0000   486882         
   9200  3743      436.0000  1802                    174.0000   492960         
   9340  3921      262.0000  2223                    174.0000   504118         
Elapsed time = 547.60 sec. (408571.53 ticks, tree = 633.46 MB, solutions = 0)
   9489  4054      435.0000  1821                    174.0000   510951         
   9632  4127      444.0000  1728                    174.0000   511441         
   9756  4316      443.0000  1646                    174.0000   519602         
   9862  4377      261.0000  2387                    174.0000   524727         
   9928  4437      444.0000  1782                    174.0000   527218         
  10010  4531      348.0000  2514                    174.0000   542112         
  10113  4544      435.0000  2033                    174.0000   544036         
  10208  4671      349.0000  1910                    174.0000   557403         
  10284  4788      436.0000  2077                    174.0000   569479         
  10354  4785      348.0000  2134                    174.0000   571424         
Elapsed time = 579.84 sec. (418214.48 ticks, tree = 783.95 MB, solutions = 0)
  10480  4875      352.0000  1996                    174.0000   580668         
  10612  4963      349.0000  2097                    174.0000   588852         
  10737  5081      439.0000  1893                    174.0000   594440         
  10841  5222      436.0000  1719                    174.0000   601990         
  10962  5345      436.0000  1691                    174.0000   609273         
  11069  5452      349.0000  2131                    174.0000   620868         
  11158  5598      439.0000  1798                    174.0000   630470         
  11239  5593      436.0000  1813                    174.0000   629841         
  11301  5655      348.0000  2196                    174.0000   641021         
  11605  5904      435.0000  1855                    174.0000   668485         
Elapsed time = 607.61 sec. (430671.44 ticks, tree = 986.96 MB, solutions = 0)
  12027  6192      436.0000  2129                    174.0000   710559         
  12219  6470    infeasible                          174.0000   730524         
  12224  6498      262.0000  2788                    174.0000   737696         
  12281  6620      436.0000  1917                    174.0000   744463         
  12591  6736      261.0000  2322                    174.0000   767855         
  12617  6622      261.0000  2913                    174.0000   747421         

Performing restart 2

Repeating presolve.
Tried aggregator 1 time.
MIP Presolve modified 223 coefficients.
Reduced MIP has 10637 rows, 205867 columns, and 475340 nonzeros.
Reduced MIP has 199930 binaries, 2573 generals, 0 SOSs, and 3809 indicators.
Presolve time = 0.40 sec. (254.80 ticks)
Tried aggregator 1 time.
Reduced MIP has 10637 rows, 205867 columns, and 475340 nonzeros.
Reduced MIP has 199930 binaries, 2573 generals, 0 SOSs, and 3809 indicators.
Presolve time = 0.69 sec. (339.63 ticks)
Represolve time = 8.09 sec. (3733.96 ticks)
  12618     0      174.0000  3133                  Cuts: 2759   807407         
  12618     0      174.0000  3507                  Cuts: 2759   818591         
  12618     0      174.0425  4404                  Cuts: 2759   839043         
  12618     0      174.2308  4355                  Cuts: 2759   846551         
  12618     0      174.2308  4606                  Cuts: 2759   852347         
  12618     0      174.4508  4363                  Cuts: 1928   858345         
  12618     0      174.4508  4525                  Cuts: 2759   863669         
  12618     0      174.4508  4300                  Cuts: 1918   870031         
  12618     0      174.4508  4602                  Cuts: 2759   876342         
  12618     2      174.4508  3740                    261.0000   876342         
  12669    39      261.0000  2117                    261.0000   882687         
  12809   123      261.0000  2053                    261.0000   898200         
  13000   316      348.0000  1844                    261.0000   909515         
Elapsed time = 1190.34 sec. (898206.42 ticks, tree = 31.89 MB, solutions = 0)
  13202   523      348.0000  1800                    261.0000   914844         
  13749   804      348.0000  1819                    261.0000   920503         
  13900  1173      348.0000  1915                    261.0000   931261         
  14164  1355      348.0000  1763                    261.0000   935862         
  14324  1646      435.0000  1544                    261.0000   943672         
  14486  1756      349.0000  1601                    261.0000   945773         
  14634  1893      435.0000  1461                    261.0000   948997         
  14777  2040      349.0000  1868                    261.0000   957458         
  14927  2213      349.0000  1841                    261.0000   962699         
  15084  2339      348.0000  1851                    261.0000   967427         
Elapsed time = 1298.98 sec. (936570.33 ticks, tree = 370.18 MB, solutions = 0)
  15256  2495      348.0000  1896                    261.0000   975296         
  15423  2696      417.0000  1869                    261.0000   983974         
  15592  2777      349.0000  1779                    261.0000   985914         
  15760  2954      351.0000  1566                    261.0000   992582         
  15932  3120      349.0000  1707                    261.0000   999140         
  16104  3262      349.0000  1745                    261.0000  1002696         
  16277  3453      436.0000  1527                    261.0000  1008758         
  16439  3600      348.0000  1885                    261.0000  1014316         
  16623  3746      348.0000  1959                    261.0000  1017768         
  16797  3956      435.0000  1549                    261.0000  1023185         
Elapsed time = 1395.88 sec. (974874.37 ticks, tree = 646.29 MB, solutions = 0)
  16973  4086      349.0000  1421                    261.0000  1026456         
  17147  4321      349.0000  1623                    261.0000  1033388         
  17310  4520      349.0000  1369                    261.0000  1037102         
  17467  4543      348.0000  1893                    261.0000  1039762         
  17642  4775      436.0000  1243                    261.0000  1051762         
  17816  4948      349.0000  1807                    261.0000  1059712         
  17988  5079      349.0000  1783                    261.0000  1065148         
  18162  5276      349.0000  1682                    261.0000  1071809         
  18346  5513      349.0000  1784                    261.0000  1080638         
  18521  5669      349.0000  1828                    261.0000  1084301         
Elapsed time = 1493.50 sec. (1013278.76 ticks, tree = 937.76 MB, solutions = 0)
  18695  5786      349.0000  1642                    261.0000  1090090         
  18868  5959      436.0000  1693                    261.0000  1093426         
  19046  6173      349.0000  1485                    261.0000  1102267         
  19229  6372      348.0000  1919                    261.0000  1114586         
  19427  6398      349.0000  1851                    261.0000  1115076         
  19624  6653      350.0000  1829                    261.0000  1124525         
  19816  6900      436.0000  1660                    261.0000  1131184         
  19996  7121      436.0000  1646                    261.0000  1136044         
  20159  7307      350.0000  1667                    261.0000  1140249         
  20323  7465      349.0000  1663                    261.0000  1143180         
Elapsed time = 1586.82 sec. (1051737.04 ticks, tree = 1244.06 MB, solutions = 0)
  20473  7543      349.0000  1654                    261.0000  1144726         
  20631  7607      348.0000  1872                    261.0000  1148193         
  20774  7915      436.0000  1945                    261.0000  1160677         
  20958  7938      436.0000  1956                    261.0000  1161564         
  21143  8219      348.0000  1893                    261.0000  1181871         
  21331  8355      348.0000  1878                    261.0000  1188550         
  21517  8562      436.0000  1773                    261.0000  1194901         
  21697  8669      348.0000  1689                    261.0000  1197502         
  21866  8940      436.0000  1670                    261.0000  1203756         
  22031  8962      436.0000  1634                    261.0000  1204182         
Elapsed time = 1691.43 sec. (1090104.15 ticks, tree = 1501.36 MB, solutions = 0)
  22201  9257      349.0000  1748                    261.0000  1213722         
  22363  9370      348.0000  2019                    261.0000  1219272         
  22539  9538      348.0000  2030                    261.0000  1228015         
  22744  9721      435.0000  1802                    261.0000  1234495         
  22935  9924      436.0000  1953                    261.0000  1244394         
  23111 10083      349.0000  1698                    261.0000  1247433         
  23288 10258      348.0000  2051                    261.0000  1253076         
  23464 10274      349.0000  1949                    261.0000  1253619         
  23645 10639      435.0000  1673                    261.0000  1266460         
  23821 10645      436.0000  1839                    261.0000  1267643         
Elapsed time = 1785.71 sec. (1128403.68 ticks, tree = 1793.28 MB, solutions = 0)
  24001 10934      349.0000  2078                    261.0000  1276428         

GUB cover cuts applied:  283
Cover cuts applied:  63
Implied bound cuts applied:  1336
Flow cuts applied:  16
Mixed integer rounding cuts applied:  833
Zero-half cuts applied:  22
Lift and project cuts applied:  1
Gomory fractional cuts applied:  2

Root node processing (before b&c):
  Real time             =   49.52 sec. (40541.15 ticks)
Parallel b&c, 8 threads:
  Real time             = 1750.68 sec. (1094245.65 ticks)
  Sync time (average)   =  192.44 sec.
  Wait time (average)   =    0.79 sec.
                          ------------
Total (root+branch&cut) = 1800.20 sec. (1134786.81 ticks)
! --------------------------------------------------------
! Problem is UNKNOWN
! CPLEX Status = AbortTimeLim
! --------------------------------------------------------
