! Solving for graph /home/truongxuanhieu/CPLEX-MIP-for-MinSpanLabeling/benchmarks/cabp/S-sherman4.mtx.rnd
! Target value is set to 258
! Lower bound is set to 259
! Upper bound is set to 546
! Time limit is set to 1800
! Vertices mode is set to Has hole
! Target value mode is set to Cyclic Antibandwidth
Version identifier: 22.2.0.0 | 2026-05-04 | 5dff98e58
CPXPARAM_TimeLimit                               1800
Tried aggregator 2 times.
MIP Presolve eliminated 1344 rows and 1368 columns.
MIP Presolve modified 298388 coefficients.
Aggregator did 4317 substitutions.
Reduced MIP has 9434 rows, 304844 columns, and 618025 nonzeros.
Reduced MIP has 299729 binaries, 1888 generals, 0 SOSs, and 3227 indicators.
Presolve time = 1.23 sec. (1397.67 ticks)
Probing time = 2.07 sec. (578.39 ticks)
Tried aggregator 1 time.
Detecting symmetries...
Reduced MIP has 9434 rows, 304844 columns, and 618025 nonzeros.
Reduced MIP has 299729 binaries, 2433 generals, 0 SOSs, and 3227 indicators.
Presolve time = 1.14 sec. (454.44 ticks)
Probing time = 0.28 sec. (69.02 ticks)
Clique table members: 90513.
MIP emphasis: balance optimality and feasibility.
MIP search method: dynamic search.
Parallel mode: deterministic, using up to 8 threads.
Root relaxation solution time = 0.97 sec. (441.61 ticks)

        Nodes                                         Cuts/
   Node  Left     Objective  IInf  Best Integer    Best Bound    ItCnt     Gap

      0     0      516.0000  1114                    516.0000     1330         
      0     0      516.0000  1832                  Cuts: 2458     3625         
      0     0      516.0000  2500                  Cuts: 1955     5020         
Detecting symmetries...
      0     2      516.0000  1927                    516.0000     5020         
Elapsed time = 59.03 sec. (48351.41 ticks, tree = 0.02 MB, solutions = 0)
      6     8      536.6667  2327                    516.0000     5622         
     12     4      516.0000  2153                    516.0000     5206         
     21    17      516.0000  2034                    516.0000     7265         
     41    26      516.0000  2411                    516.0000    10455         
     72    49      516.0000  1907                    516.0000    16472         
     86    80      537.0000  1778                    516.0000    23446         
    116    86      516.0000  2235                    516.0000    23957         
    152   110      516.0000  2194                    516.0000    27542         
    169   149      516.0000  1930                    516.0000    31349         
    187   155    infeasible                          516.0000    32169         
Elapsed time = 73.30 sec. (53492.16 ticks, tree = 14.51 MB, solutions = 0)
    251   176      516.0000  2597                    516.0000    40741         
    347   231      516.0000  2245                    516.0000    45779         
    465   363      516.0000  2210                    516.0000    61172         
    551   419      517.0000  1978                    516.0000    67428         
    637   472      517.0000  1831                    516.0000    74313         
    735   525      517.0000  1948                    516.0000    82786         
    832   603      516.0000  2191                    516.0000    90464         
    953   767      544.0000  1886                    516.0000   100915         
   1049   827      517.0000  1868                    516.0000   106816         
   1144   861      517.0000  1875                    516.0000   109935         
Elapsed time = 93.79 sec. (63108.21 ticks, tree = 138.27 MB, solutions = 0)
   1240   977      546.0000  1676                    516.0000   125507         
   1313  1016      546.0000  1575                    516.0000   135253         
   1427  1121      516.0000  2113                    516.0000   152914         
   1535  1132      516.0000  2096                    516.0000   153397         
   1630  1270      517.0000  1873                    516.0000   167439         
   1737  1297      516.0000  2522                    516.0000   173922         
   1820  1372      516.0000  2207                    516.0000   184147         
   1906  1487      544.0000  1814                    516.0000   207701         
   1967  1499      544.0000  1759                    516.0000   208046         
   2054  1532      517.0000  2191                    516.0000   221635         
Elapsed time = 114.30 sec. (72799.25 ticks, tree = 277.49 MB, solutions = 0)
   2129  1587      516.0000  2184                    516.0000   236507         
   2160  1615      546.0000  1888                    516.0000   244284         
   2181  1711      546.0000  1759                    516.0000   258386         
   2245  1703      516.3069  2942                    516.0000   260178         
   2339  1736      544.0000  1625                    516.0000   262060         
   2433  1791      534.0000  1828                    516.0000   275359         
   2527  1830      516.0000  2437                    516.0000   288983         
   2644  1882      534.0000  1885                    516.0000   296726         
   2737  1984      530.0000  1833                    516.0000   309859         
   2826  2064      516.0000  2352                    516.0000   334311         
Elapsed time = 141.80 sec. (83874.56 ticks, tree = 392.45 MB, solutions = 0)
   2885  2073      517.0000  2306                    516.0000   335393         
   2982  2150    infeasible                          516.0000   342871         
   3076  2220    infeasible                          516.0000   360213         
   3175  2261      518.0000  2211                    516.0000   369296         
   3245  2347      516.0000  2285                    516.0000   387077         
   3308  2408      516.0000  2952                    516.0000   401188         
   3406  2441      516.0000  2198                    516.0000   410366         
   3501  2490      516.0000  2353                    516.0000   412994         
   3590  2583      516.0000  2258                    516.0000   428955         
   3679  2749    infeasible                          516.0000   456704         
Elapsed time = 163.38 sec. (93450.03 ticks, tree = 547.13 MB, solutions = 0)
   3790  2802      534.0000  1749                    516.0000   462675         
   3873  2877    infeasible                          516.0000   478395         
   3977  2872      519.0000  1893                    516.0000   477165         
   4067  2952      516.0000  2340                    516.0000   487968         
   4189  3000      517.0000  2178                    516.0000   498846         
   4285  3065      546.0000  1952                    516.0000   506630         
   4372  3161      516.0000  2319                    516.0000   518325         
   4445  3278      519.0000  1722                    516.0000   527468         
   4463  3285    infeasible                          516.0000   533005         
   4484  3405      516.0000  2103                    516.0000   550028         
Elapsed time = 194.53 sec. (105457.07 ticks, tree = 698.42 MB, solutions = 0)
   4546  3407    infeasible                          516.0000   550787         
   4609  3439      516.0000  2053                    516.0000   560028         
   4718  3469      517.0000  1664                    516.0000   570456         
   4803  3488      516.0000  2205                    516.0000   575425         
   4918  3538      516.0000  2157                    516.0000   589038         
   5015  3535      516.0000  2212                    516.0000   588994         
   5128  3732      516.0000  2015                    516.0000   622457         
   5241  3784      519.0000  1758                    516.0000   623931         
   5329  3837      516.0000  2066                    516.0000   640317         
   5413  3916      517.0000  2325                    516.0000   654036         
Elapsed time = 216.09 sec. (115171.77 ticks, tree = 817.46 MB, solutions = 0)
   5526  3854      517.0000  1866                    516.0000   645400         
   5650  3951      546.0000  1659                    516.0000   664533         
   5761  4100      517.0000  2240                    516.0000   683506         
   5907  4158    infeasible                          516.0000   687775         
   6045  4275      517.0000  1916                    516.0000   699251         
   6187  4395      522.0000  1676                    516.0000   708200         
   6302  4359      517.0000  1798                    516.0000   704857         
   6457  4436      517.0000  1978                    516.0000   712057         
   6616  4634      538.0000  1579                    516.0000   713236         
   6760  4797      539.0000  1790                    516.0000   727727         
Elapsed time = 234.52 sec. (124745.83 ticks, tree = 1028.88 MB, solutions = 0)
   6902  4887      538.0000  1607                    516.0000   727297         
   7017  5127      546.0000  1564                    516.0000   737867         
   7165  5028      522.0000  1608                    516.0000   729951         
   7311  5044      531.0000  1576                    516.0000   736625         
   7431  5405      517.0000  1481                    516.0000   747356         
   7565  5461      517.0000  1806                    516.0000   749656         
   7704  5503      526.0000  1653                    516.0000   752081         
   7847  5745      531.0000  1432                    516.0000   758654         
   7989  5912      519.0000  1762                    516.0000   767893         
   8127  5872      517.0000  1494                    516.0000   761324         
Elapsed time = 253.00 sec. (134355.25 ticks, tree = 1288.91 MB, solutions = 0)
   8238  6174      517.0000  1457                    516.0000   775706         
   8351  6196      517.0000  1418                    516.0000   776197         
   8500  6265      517.0000  1772                    516.0000   785358         
   8641  6426      517.0000  1828                    516.0000   799919         
   8798  6543      517.0000  1462                    516.0000   802108         
   8946  6595      517.0000  1626                    516.0000   815988         
   9107  6716      517.0000  1728                    516.0000   812393         
   9276  6934      517.0000  1594                    516.0000   829260         
   9412  7048      522.0000  1691                    516.0000   829993         
   9534  7438      525.0000  1387                    516.0000   843780         
Elapsed time = 284.26 sec. (146841.15 ticks, tree = 1669.93 MB, solutions = 0)
  10154  7453      524.0000  1322                    516.0000   844109         
  10930  8057      526.0000  1750                    516.0000   858504         
  11670  8678      520.0000  1201                    516.0000   863476         
  12269  9539      517.0000  1805                    516.0000   895066         
  13032  9924    infeasible                          516.0000   910350         
  14206 10564    infeasible                          516.0000   923190         
  14933 11481      517.0000  1592                    516.0000   932545         
  15605 11891      517.0000  1472                    516.0000   947648         
  16439 12255      517.0000  1754                    516.0000   952628         
  16666 12878      533.0000  1253                    516.0000   956146         
Elapsed time = 365.54 sec. (185050.99 ticks, tree = 2995.12 MB, solutions = 0)
Nodefile size = 933.09 MB (465.57 MB after compression)
  17084 12948      519.0000  1373                    516.0000   961335         
  17895 13273      522.0000  1822                    516.0000   962745         
  18872 14040      546.0000  1681                    516.0000   971793         
  19845 14171      519.0000  1361                    516.0000   972332         
  20841 14988      546.0000  1686                    516.0000   978245         
  21825 15570      546.0000  1679                    516.0000   980345         
  22863 15860    infeasible                          516.0000   984286         
  23768 16935      534.0000  1606                    516.0000   991321         
  24584 17293      534.0000  1421                    516.0000  1003134         
  25407 17479      534.0000  1426                    516.0000  1005316         
Elapsed time = 446.87 sec. (223258.46 ticks, tree = 4109.23 MB, solutions = 0)
Nodefile size = 2037.44 MB (1027.05 MB after compression)
  26289 17692      526.0000  1739                    516.0000  1008719         
  27189 17843      546.0000  1336                    516.0000  1008740         
  27522 17962      546.0000  1205                    516.0000  1011971         
  27976 18159    infeasible                          516.0000  1020614         
  28682 18383      520.0000  1836                    516.0000  1027596         
  29501 18930      520.0000  1852                    516.0000  1055025         
  30427 18938      520.0000  1839                    516.0000  1055132         
  31371 19373      520.0000  1841                    516.0000  1071444         
  32283 20090      541.0000  1462                    516.0000  1078375         
  33184 20484      520.0000  1749                    516.0000  1084100         
Elapsed time = 530.38 sec. (261475.17 ticks, tree = 4832.22 MB, solutions = 0)
Nodefile size = 2761.26 MB (1398.09 MB after compression)
  34027 21099      523.0000  1586                    516.0000  1085517         
  34473 21476      517.0000  1830                    516.0000  1091382         
  34592 22160      520.0000  1672                    516.0000  1107616         
  35017 22215      527.0000  1511                    516.0000  1108186         
  35793 22612      545.0000  1710                    516.0000  1125463         
  36695 22696      520.0000  1712                    516.0000  1127135         
  37500 23450      520.0000  1668                    516.0000  1146112         
  38190 23652      520.0000  1907                    516.0000  1150487         
  38998 24214    infeasible                          516.0000  1171931         
  39838 24303      540.0000  1899                    516.0000  1181529         
Elapsed time = 614.69 sec. (299664.80 ticks, tree = 5762.08 MB, solutions = 0)
Nodefile size = 3672.05 MB (1868.39 MB after compression)
  40702 25109      520.0000  1430                    516.0000  1191760         
  41657 25682      520.0000  1413                    516.0000  1199159         
  42536 25685    infeasible                          516.0000  1199570         
  43416 26180      541.0000  1280                    516.0000  1204897         
  44309 26206    infeasible                          516.0000  1205932         
  45206 26545    infeasible                          516.0000  1206596         
  46054 27227      541.0000  1220                    516.0000  1208675         
  47003 27523      537.0000  1401                    516.0000  1216092         
  47604 27700      546.0000  1594                    516.0000  1222337         
  47696 28226      520.0000  1439                    516.0000  1231996         
Elapsed time = 693.34 sec. (337914.40 ticks, tree = 6741.33 MB, solutions = 0)
Nodefile size = 4665.18 MB (2381.80 MB after compression)
  48219 28271      537.0000  1661                    516.0000  1234043         
  49012 28717      546.0000  1754                    516.0000  1245337         
  49779 28937      530.0000  1962                    516.0000  1258402         
  50665 29112    infeasible                          516.0000  1257494         
  51510 30072      545.0000  1424                    516.0000  1279477         
  52370 30327      522.0000  1590                    516.0000  1285494         
  53219 30463      522.0000  1597                    516.0000  1285513         
  54008 31062      537.0000  1570                    516.0000  1293401         
  54861 31155      520.0000  1094                    516.0000  1294039         
  55785 32050      539.0000  1834                    516.0000  1299960         
Elapsed time = 766.53 sec. (376100.08 ticks, tree = 7706.14 MB, solutions = 0)
Nodefile size = 5626.19 MB (2881.27 MB after compression)
  56674 32694      546.0000  1313                    516.0000  1305739         
  57510 32576      520.0000   980                    516.0000  1306289         
  57886 33016      518.0000  1972                    516.0000  1316810         
  58211 33594      520.0000  1644                    516.0000  1317282         
  58909 33863    infeasible                          516.0000  1322827         
  59713 34337      546.0000  1306                    516.0000  1327938         
  60572 34366      539.0000  1574                    516.0000  1332015         
  61469 34594    infeasible                          516.0000  1337512         
  62354 35206      517.0000  1931                    516.0000  1350731         
  63243 35770      517.0000  1931                    516.0000  1358577         
Elapsed time = 849.55 sec. (414291.20 ticks, tree = 8650.73 MB, solutions = 0)
Nodefile size = 6554.83 MB (3364.00 MB after compression)
  64124 36082      546.0000  1225                    516.0000  1359452         
  64954 36500      520.0000  1510                    516.0000  1361570         
  65895 36682      520.0000  1609                    516.0000  1365277         
  66813 36984      520.0000  1384                    516.0000  1366906         
  67328 37093    infeasible                          516.0000  1369133         
  67676 37562      520.0000  1363                    516.0000  1374491         
  68543 37635      534.0000  1908                    516.0000  1376302         
  69611 38353      546.0000  1693                    516.0000  1378839         
  70577 38633      546.0000  1778                    516.0000  1380608         
  71548 39308      520.0000  1483                    516.0000  1386929         
Elapsed time = 931.66 sec. (452482.56 ticks, tree = 9552.08 MB, solutions = 0)
Nodefile size = 7448.52 MB (3829.70 MB after compression)
  72482 39750      546.0000  1257                    516.0000  1386852         
  73384 40245      520.0000  1918                    516.0000  1396192         
  74261 41034      520.0000  1389                    516.0000  1405561         
  75156 41361      528.0000  1337                    516.0000  1406379         
  76009 41664      522.0000  1414                    516.0000  1407205         
  77024 42101      522.0000  1412                    516.0000  1409106         
  78070 42390      544.0000  1808                    516.0000  1412419         
  78555 42364    infeasible                          516.0000  1412204         
  78765 42519      524.0000  1668                    516.0000  1418063         
  79476 42801    infeasible                          516.0000  1427338         
Elapsed time = 1012.69 sec. (490681.01 ticks, tree = 10444.15 MB, solutions = 0)
Nodefile size = 8362.92 MB (4307.42 MB after compression)
  80366 43342      546.0000  1743                    516.0000  1433317         
  81282 43759      521.0000  1912                    516.0000  1436549         
  82107 44098      521.0000  1914                    516.0000  1437598         
  83020 44232    infeasible                          516.0000  1438956         
  83890 44925      521.0000  1559                    516.0000  1453097         
  84753 45449      523.0000  1626                    516.0000  1463265         
  85646 45814    infeasible                          516.0000  1469713         
  86547 46646      537.0000  1523                    516.0000  1471314         
  87516 47011    infeasible                          516.0000  1473201         
  88501 47201      523.0000  1482                    516.0000  1475956         
Elapsed time = 1086.72 sec. (528858.61 ticks, tree = 11567.83 MB, solutions = 0)
Nodefile size = 9483.21 MB (4895.81 MB after compression)
  89124 47503      539.0000  1862                    516.0000  1482657         
  89522 48375      523.0000  1449                    516.0000  1490741         
  89923 48418      546.0000  1729                    516.0000  1492235         
  90893 48747      546.0000  1704                    516.0000  1493873         
  91688 49316      521.0000  1183                    516.0000  1497691         
  92486 49703    infeasible                          516.0000  1512665         
  93423 49740      529.0000  1295                    516.0000  1508244         
  94352 50846      520.0000  1219                    516.0000  1536132         
  95325 51275      529.0000  1208                    516.0000  1539526         
  96314 51354      520.0000  1321                    516.0000  1540485         
Elapsed time = 1169.99 sec. (567053.23 ticks, tree = 12635.20 MB, solutions = 0)
Nodefile size = 10537.57 MB (5451.01 MB after compression)
  97324 51796    infeasible                          516.0000  1541370         
  98298 52172      520.0000  1188                    516.0000  1542101         
  99249 52684    infeasible                          516.0000  1544383         
  99935 53115      546.0000  1590                    516.0000  1556594         
 100323 53478      517.0000  1935                    516.0000  1563561         
 100633 53521      520.0000  1969                    516.0000  1565075         
 101588 53655      517.0000  1943                    516.0000  1565576         
 102495 54492    infeasible                          516.0000  1574448         
 103320 54497      520.0000  1761                    516.0000  1579607         
 104077 55056      524.0000  1885                    516.0000  1590761         
Elapsed time = 1256.14 sec. (605260.56 ticks, tree = 13586.80 MB, solutions = 0)
Nodefile size = 11491.91 MB (5952.71 MB after compression)
 104945 55736      534.0000  1521                    516.0000  1600926         
 105803 56112      520.0000  1590                    516.0000  1624307         
 106670 56889      527.0000  1372                    516.0000  1626627         
 107453 57273      523.0000  1568                    516.0000  1628752         
 108296 57810      534.0000  1596                    516.0000  1637095         
 109120 58044    infeasible                          516.0000  1641892         
 109841 58489      534.0000  1222                    516.0000  1652222         
 110251 59291      520.0000  1567                    516.0000  1656917         
 110670 59516      546.0000  1553                    516.0000  1656995         
 111347 59700    infeasible                          516.0000  1661065         
Elapsed time = 1340.73 sec. (643485.24 ticks, tree = 14787.63 MB, solutions = 0)
Nodefile size = 12704.64 MB (6591.35 MB after compression)
 112168 60080      516.0000  1905                    516.0000  1665015         
 113027 60606      521.0000  1737                    516.0000  1680521         
 113847 60927    infeasible                          516.0000  1690776         
 114643 61231      521.0000  1988                    516.0000  1695396         
 115466 61539    infeasible                          516.0000  1697288         
 116313 62158      521.0000  1649                    516.0000  1700856         
 117184 62332      546.0000  1523                    516.0000  1699748         
 118059 62757    infeasible                          516.0000  1721505         
 118912 63125      543.0000  1565                    516.0000  1737128         
 119770 63398      546.0000  1554                    516.0000  1737241         
Elapsed time = 1410.28 sec. (681677.16 ticks, tree = 15744.74 MB, solutions = 0)
Nodefile size = 13623.86 MB (7076.18 MB after compression)
 120126 63633    infeasible                          516.0000  1740015         
 120422 64334      531.0000  1578                    516.0000  1744423         
 120990 64314      522.0000  1539                    516.0000  1744842         
 121784 64671      522.0000  1531                    516.0000  1759624         
 122627 65173      546.0000  1685                    516.0000  1770327         
 123454 65480      526.0000  1543                    516.0000  1774063         
 124210 65677    infeasible                          516.0000  1776446         
 124837 66215      518.0000  1753                    516.0000  1785240         
 125514 66557      517.0000  1615                    516.0000  1806841         
 126278 67642      530.0000  1408                    516.0000  1838579         
Elapsed time = 1498.22 sec. (719859.58 ticks, tree = 16849.17 MB, solutions = 0)
Nodefile size = 14759.07 MB (7672.57 MB after compression)
 127069 67490    infeasible                          516.0000  1838718         
 127862 67980      517.0000  1860                    516.0000  1842192         
 128679 68254      517.0000  1631                    516.0000  1846546         
 129454 68743    infeasible                          516.0000  1854721         
 130277 69371      521.0000   746                    516.0000  1876573         
 131029 69409      521.0000   735                    516.0000  1876977         
 131314 69621    infeasible                          516.0000  1882323         
 131547 70276      520.0000  1788                    516.0000  1892038         
 132055 70303      546.0000  1843                    516.0000  1892496         
 132918 70317      518.0000  1848                    516.0000  1895343         
Elapsed time = 1584.43 sec. (758057.54 ticks, tree = 17547.92 MB, solutions = 0)
Nodefile size = 15459.64 MB (8037.82 MB after compression)
 133690 70817      517.0000  1691                    516.0000  1901928         
 134416 71800      518.0000  1256                    516.0000  1925539         
 135276 71888      517.0000  1537                    516.0000  1933399         
 136042 72487      521.0000  1397                    516.0000  1938902         
 136851 72798      517.0000  1782                    516.0000  1941625         
 137765 73100    infeasible                          516.0000  1943285         
 138688 73515      517.0000  1652                    516.0000  1949390         
 139542 73524      517.0000  1716                    516.0000  1950013         
 140353 73569      517.0000  1642                    516.0000  1950762         
 141172 74096      517.5000  2696                    516.0000  1963151         
Elapsed time = 1662.49 sec. (796243.86 ticks, tree = 18436.14 MB, solutions = 0)
Nodefile size = 16349.92 MB (8465.67 MB after compression)
 141984 74131    infeasible                          516.0000  1963587         
 142780 74564      517.0000  1476                    516.0000  1974491         
 143556 74564      517.0000  1476                    516.0000  1974566         
 144143 75058      518.0000  1179                    516.0000  1994508         
 144443 75244      519.0000  1485                    516.0000  2010733         
 144866 75923      520.0000  1372                    516.0000  2032073         
 145480 76013      520.0000  1370                    516.0000  2032128         
 146217 76520      520.0000  1371                    516.0000  2036349         
 147155 76551      517.0000  1819                    516.0000  2042095         
 147949 76876      518.0000  1593                    516.0000  2049544         
Elapsed time = 1759.24 sec. (834424.80 ticks, tree = 19025.92 MB, solutions = 0)
Nodefile size = 16930.14 MB (8734.64 MB after compression)
 148727 77374      517.0000  1326                    516.0000  2058259         
 149504 78225      535.0000  1563                    516.0000  2081041         
 150440 78605    infeasible                          516.0000  2089966         
 151297 78721    infeasible                          516.0000  2094428         
 152036 79287    infeasible                          516.0000  2097209         

Clique cuts applied:  16
Cover cuts applied:  107
Implied bound cuts applied:  9896
Mixed integer rounding cuts applied:  281
Zero-half cuts applied:  17
Lift and project cuts applied:  11
Gomory fractional cuts applied:  30

Root node processing (before b&c):
  Real time             =   58.56 sec. (48237.66 ticks)
Parallel b&c, 8 threads:
  Real time             = 1745.45 sec. (807159.60 ticks)
  Sync time (average)   =  509.52 sec.
  Wait time (average)   =    0.00 sec.
                          ------------
Total (root+branch&cut) = 1804.02 sec. (855397.26 ticks)
! --------------------------------------------------------
! Problem is UNKNOWN
! CPLEX Status = AbortTimeLim
! --------------------------------------------------------
