! Solving for graph /home/truongxuanhieu/CPLEX-MIP-for-MinSpanLabeling/benchmarks/cabp/T-dwt__592.mtx.rnd
! Target value is set to 113
! Lower bound is set to 114
! Upper bound is set to 592
! Time limit is set to 1800
! Vertices mode is set to Has hole
! Target value mode is set to Cyclic Antibandwidth
Version identifier: 22.2.0.0 | 2026-05-04 | 5dff98e58
CPXPARAM_TimeLimit                               1800
Tried aggregator 2 times.
MIP Presolve eliminated 2257 rows and 1480 columns.
MIP Presolve modified 350760 coefficients.
Aggregator did 6288 substitutions.
Reduced MIP has 14242 rows, 360969 columns, and 734992 nonzeros.
Reduced MIP has 353016 binaries, 2849 generals, 0 SOSs, and 5104 indicators.
Presolve time = 0.95 sec. (2020.05 ticks)
Probing time = 1.12 sec. (649.96 ticks)
Tried aggregator 1 time.
Detecting symmetries...
Reduced MIP has 14242 rows, 360969 columns, and 734992 nonzeros.
Reduced MIP has 353016 binaries, 3441 generals, 0 SOSs, and 5104 indicators.
Presolve time = 0.72 sec. (521.21 ticks)
Probing time = 0.20 sec. (81.37 ticks)
Clique table members: 95604.
MIP emphasis: balance optimality and feasibility.
MIP search method: dynamic search.
Parallel mode: deterministic, using up to 8 threads.
Root relaxation solution time = 0.65 sec. (585.03 ticks)

        Nodes                                         Cuts/
   Node  Left     Objective  IInf  Best Integer    Best Bound    ItCnt     Gap

      0     0      226.0000  1643                    226.0000     2273         
      0     0      226.0000  3658                  Cuts: 3660     4383         
      0     0      226.0000  3674                  Cuts: 3660     5195         
Detecting symmetries...
      0     2      226.0000  3674                    226.0000     5195         
Elapsed time = 42.14 sec. (57147.30 ticks, tree = 0.02 MB, solutions = 0)
      4     6      226.0000  2479                    226.0000     5423         
      7     9      226.0000  2481                    226.0000     5956         
     11    13      226.0000  4064                    226.0000     7022         
     20     9      226.0000  2465                    226.0000     5683         
     28    21      226.0000  3117                    226.0000     8367         
     36    24      226.0000  2744                    226.0000    11130         
     43    26      226.0000  3611                    226.0000    11614         
     46    42      226.0000  2725                    226.0000    20776         
     49    41      226.0000  2750                    226.0000    20935         
     64    58      226.0000  3411                    226.0000    29668         
Elapsed time = 46.44 sec. (60714.49 ticks, tree = 5.34 MB, solutions = 0)
    125   109      234.0000  2798                    226.0000    38479         
    211   177      339.0000  2537                    226.0000    47619         
    331   303      339.0000  2446                    226.0000    56936         
    413   369      339.0000  2387                    226.0000    58521         
    515   458      340.0000  2416                    226.0000    61029         
    563   525      453.0000  2393                    226.0000    63076         
    566   515      566.0000  2330                    226.0000    62749         
    608   562      566.0000  2313                    226.0000    64051         
    683   631      452.0000  2323                    226.0000    66813         
    766   674      340.0000  2369                    226.0000    67530         
Elapsed time = 62.58 sec. (70421.09 ticks, tree = 152.80 MB, solutions = 0)
    858   776      566.0000  2296                    226.0000    69625         
    963   792      566.0000  2277                    226.0000    69869         
   1062   969      453.0000  2175                    226.0000    73663         
   1167   984      453.0000  2134                    226.0000    73899         
   1265  1152      566.0000  1929                    226.0000    77519         
   1359  1267      453.0000  2186                    226.0000    80044         
   1454  1309      565.0000  2238                    226.0000    80786         
   1553  1443      566.0000  2124                    226.0000    82960         
   1664  1485      453.0000  2021                    226.0000    83747         
   1779  1637      566.0000  1843                    226.0000    86178         
Elapsed time = 74.38 sec. (80076.18 ticks, tree = 427.67 MB, solutions = 0)
   1876  1667      565.0000  1956                    226.0000    86875         
   1988  1818      566.0000  1800                    226.0000    88945         
   2094  1914      566.0000  1827                    226.0000    89999         
   2208  2074      509.0000  1930                    226.0000    95458         
   2322  2126      566.0000  1808                    226.0000    96276         
   2423  2304      453.0000  1849                    226.0000   100945         
   2517  2358      566.0000  1667                    226.0000   101857         
   2614  2423      566.0000  1644                    226.0000   103532         
   2725  2495      566.0000  1628                    226.0000   106365         
   2835  2665      339.0000  2506                    226.0000   112333         
Elapsed time = 87.85 sec. (89691.52 ticks, tree = 725.83 MB, solutions = 0)
   2940  2765      566.0000  1770                    226.0000   114882         
   3052  2848      566.0000  1676                    226.0000   116591         
   3164  2902      339.0000  2425                    226.0000   117929         
   3252  3019      226.0000  3073                    226.0000   121272         
   3362  3181      226.0000  2853                    226.0000   124549         
   3490  3196      226.0000  2836                    226.0000   126110         
   3572  3389      227.0000  2858                    226.0000   132625         
   3681  3469      566.0000  1427                    226.0000   133941         
   3786  3504      566.0000  1488                    226.0000   134314         
   3900  3582      340.0000  2351                    226.0000   140234         
Elapsed time = 101.08 sec. (99297.08 ticks, tree = 991.65 MB, solutions = 0)
   4032  3739      340.0000  2373                    226.0000   142821         
   4132  3932      340.0000  2270                    226.0000   146480         
   4242  4041      566.0000  1376                    226.0000   148673         
   4354  4142      452.0000  2156                    226.0000   152334         
   4446  4224      566.0000  1254                    226.0000   153729         
   4547  4240      566.0000  1240                    226.0000   153838         
   4641  4352      566.0000  1207                    226.0000   160814         
   4691  4371      566.0000  1158                    226.0000   160853         
   4708  4535      339.0000  2955                    226.0000   169448         
   4743  4547      453.0000  2265                    226.0000   167661         
Elapsed time = 116.93 sec. (109034.50 ticks, tree = 1272.47 MB, solutions = 0)
   4786  4553      339.0000  2426                    226.0000   170180         
   4805  4531    infeasible                          226.0000   169661         
   4806  4624    infeasible                          226.0000   172138         
   4812  4630      339.0000  2597                    226.0000   174174         
   4823  4641      339.0000  2533                    226.0000   177090         
   4835  4653      339.0000  2368                    226.0000   178780         
   4853  4669      339.0000  2373                    226.0000   178971         
   4873  4688      339.0000  2305                    226.0000   179266         
   4906  4665      226.0000  3587                    226.0000   180754         
   4952  4674      339.0000  2491                    226.0000   183328         
Elapsed time = 149.50 sec. (122254.29 ticks, tree = 1309.09 MB, solutions = 0)
   5005  4708      339.0000  2592                    226.0000   180980         
   5081  4757      339.0000  2390                    226.0000   189052         
   5147  4917      226.0000  2820                    226.0000   192343         
   5218  4874      339.0000  2309                    226.0000   190466         
   5307  5041      339.0000  2232                    226.0000   194733         
   5389  5057      340.0000  2291                    226.0000   195237         
   5522  5122      340.0000  2370                    226.0000   201260         
   5683  5235      340.0000  2183                    226.0000   203473         
   5832  5425      340.0000  2186                    226.0000   210515         
   6009  5306      340.0000  2422                    226.0000   209403         
Elapsed time = 159.83 sec. (131862.94 ticks, tree = 1492.03 MB, solutions = 0)
   6171  5707      453.0000  2018                    226.0000   212396         
   6340  5708    infeasible                          226.0000   212453         
   6512  5797      340.0000  2226                    226.0000   213150         
   6725  5925      340.0000  2343                    226.0000   214235         
   6947  5970      339.0000  2302                    226.0000   214623         
   7116  6102      339.0000  2354                    226.0000   222575         
   7256  6133      340.0000  2216                    226.0000   221991         
   7377  6191    infeasible                          226.0000   222783         
   7507  6411      339.0000  2257                    226.0000   228310         
   7652  6453      340.0000  2180                    226.0000   229188         
Elapsed time = 172.16 sec. (141459.00 ticks, tree = 1821.81 MB, solutions = 0)
   7825  6364      453.0000  1936                    226.0000   227997         
   7985  6605    infeasible                          226.0000   234739         
   8157  6645    infeasible                          226.0000   235199         
   8348  6850    infeasible                          226.0000   236738         
   8530  6897    infeasible                          226.0000   237286         
   8693  6895    infeasible                          226.0000   237218         
   8860  6927    infeasible                          226.0000   238968         
   9033  6983      340.0000  2072                    226.0000   239774         
   9219  6985      340.0000  2055                    226.0000   239865         
   9941  7171      340.0000  2044                    226.0000   248139         
Elapsed time = 187.26 sec. (153910.03 ticks, tree = 2025.59 MB, solutions = 0)
  10648  7518      340.0000  2516                    226.0000   257782         
  11352  7709      340.0000  2047                    226.0000   259773         
  12097  7857      339.0000  2322                    226.0000   268421         
  12889  8289      339.0000  2363                    226.0000   281986         
  13622  8514      339.0000  2280                    226.0000   286509         
  14333  8969      340.0000  2492                    226.0000   299122         
  15017  9403      340.0000  2377                    226.0000   315103         
  15831  9661    infeasible                          226.0000   325916         
  16548  9935    infeasible                          226.0000   330203         
  17285 10689      339.0000  2454                    226.0000   348816         
Elapsed time = 230.94 sec. (192107.37 ticks, tree = 3035.33 MB, solutions = 0)
Nodefile size = 967.28 MB (415.27 MB after compression)
  17954 10978    infeasible                          226.0000   349354         
  18662 11426      283.0000  2630                    226.0000   365743         
  19362 11748    infeasible                          226.0000   372123         
  20089 12175      339.0000  2435                    226.0000   379013         
  20759 12989      339.0000  2384                    226.0000   393755         
  21403 13137      453.0000  2126                    226.0000   394086         
  22106 13696      339.0000  2426                    226.0000   411693         
  22809 13986      339.0000  2349                    226.0000   415450         
  23450 14119      339.0000  2271                    226.0000   419867         
  24040 14423      340.0000  2442                    226.0000   441908         
Elapsed time = 277.22 sec. (230300.21 ticks, tree = 4112.38 MB, solutions = 0)
Nodefile size = 2036.28 MB (877.50 MB after compression)
  24717 14860      340.0000  2397                    226.0000   456435         
  25523 15054      340.0000  2396                    226.0000   458303         
  26164 15664      339.0000  2270                    226.0000   469698         
  26804 16072      396.0000  2453                    226.0000   490229         
  27583 16783      227.0000  2697                    226.0000   512414         
  28443 16859      226.0000  2651                    226.0000   513300         
  29187 17942      339.0000  2349                    226.0000   518029         
  29846 18153      339.0000  2368                    226.0000   551375         
  30521 18524      340.0000  2423                    226.0000   573748         
  31302 18913      339.0000  2322                    226.0000   597248         
Elapsed time = 320.51 sec. (268499.49 ticks, tree = 5422.73 MB, solutions = 0)
Nodefile size = 3346.84 MB (1465.51 MB after compression)
  32038 19233      339.0000  2242                    226.0000   598806         
  32782 19601      340.0000  2406                    226.0000   601285         
  33658 19603      340.0000  2397                    226.0000   601425         
  34516 20062      452.0000  2224                    226.0000   612175         
  35269 20260    infeasible                          226.0000   615679         
  35998 20307    infeasible                          226.0000   616679         
  36749 20613    infeasible                          226.0000   618425         
  37669 20764      339.0000  2133                    226.0000   624946         
  38507 20899    infeasible                          226.0000   629415         
  39256 21231      452.0000  2127                    226.0000   631570         
Elapsed time = 361.83 sec. (306688.72 ticks, tree = 6086.08 MB, solutions = 0)
Nodefile size = 3964.74 MB (1737.33 MB after compression)
  39980 21459      452.0000  2168                    226.0000   633963         
  40692 21638    infeasible                          226.0000   635311         
  41470 21661      339.0000  2222                    226.0000   636275         
  42357 21668    infeasible                          226.0000   636208         
  43153 21885    infeasible                          226.0000   640951         
  43843 22213      340.0000  1864                    226.0000   654421         
  44517 22272      339.0000  2348                    226.0000   655692         
  45211 22408      369.0000  2265                    226.0000   656776         
  46029 22474    infeasible                          226.0000   657985         
  46939 22524    infeasible                          226.0000   659158         
Elapsed time = 401.09 sec. (344879.61 ticks, tree = 6460.39 MB, solutions = 0)
Nodefile size = 4376.88 MB (1917.71 MB after compression)
  47745 22574      339.0000  2253                    226.0000   663082         
  48446 22803      397.0000  2090                    226.0000   669805         
  49161 22856      369.0000  2265                    226.0000   673728         
  49827 22880      339.0000  2182                    226.0000   674533         
  50593 22992      397.0000  2078                    226.0000   675285         
  51489 23051    infeasible                          226.0000   676011         
  52400 23150      339.0000  2248                    226.0000   677223         
  53227 23238      339.0000  2264                    226.0000   680486         
  53942 23280      339.0000  2143                    226.0000   681757         
  54638 23311    infeasible                          226.0000   686796         
Elapsed time = 439.40 sec. (383065.79 ticks, tree = 6694.80 MB, solutions = 0)
Nodefile size = 4609.76 MB (2020.12 MB after compression)
  55365 23409      339.0000  2366                    226.0000   695227         
  56234 23499      339.0000  2420                    226.0000   692146         
  57015 23706    infeasible                          226.0000   701426         
  57718 24105    infeasible                          226.0000   706601         
  58396 24158      339.0000  2144                    226.0000   706798         
  59115 24411    infeasible                          226.0000   710397         
  59858 24667      339.0000  2244                    226.0000   710843         
  60648 24934      340.0000  1927                    226.0000   723194         
  61484 24942    infeasible                          226.0000   723322         
  62345 25322      339.0000  2439                    226.0000   736548         
Elapsed time = 481.52 sec. (421246.23 ticks, tree = 7299.68 MB, solutions = 0)
Nodefile size = 5178.99 MB (2270.14 MB after compression)
  63146 25934    infeasible                          226.0000   746692         
  64023 26049      339.0000  1972                    226.0000   749589         
  64831 26638      339.0000  2266                    226.0000   752202         
  65658 26802      339.0000  2173                    226.0000   754638         
  66550 27973      355.0000  2201                    226.0000   763428         
  67431 28086      355.0000  2205                    226.0000   763528         
  67963 28391      339.0000  2182                    226.0000   770641         
  68001 28741    infeasible                          226.0000   770986         
  68018 28987    infeasible                          226.0000   772807         
  68019 28986    infeasible                          226.0000   772786         
Elapsed time = 547.52 sec. (462322.51 ticks, tree = 8407.05 MB, solutions = 0)
Nodefile size = 6321.80 MB (2773.88 MB after compression)
  68025 28567    infeasible                          226.0000   774320         
  68035 28979    infeasible                          226.0000   776328         
  68051 28951    infeasible                          226.0000   786509         
  68059 28968    infeasible                          226.0000   779280         
  68216 28973      339.0000  2285                    226.0000   797409         
  68465 28956    infeasible                          226.0000   798511         
  68895 29058      339.0000  2429                    226.0000   813838         
  69754 29166      339.0000  2142                    226.0000   812641         
  70576 29578      339.0000  2176                    226.0000   822324         
  71386 29885      339.0000  2188                    226.0000   826244         
Elapsed time = 620.81 sec. (507132.73 ticks, tree = 8677.38 MB, solutions = 0)
Nodefile size = 6591.62 MB (2892.74 MB after compression)
  72197 30414      339.0000  2068                    226.0000   826958         
  72968 30986      460.0000  2049                    226.0000   828613         
  73781 31194      339.0000  2210                    226.0000   829011         
  74676 31529      392.0000  2183                    226.0000   831053         
  75543 31884      339.0000  2123                    226.0000   836712         
  76320 32314      452.0000  2103                    226.0000   838567         
  77115 32557      392.0000  2153                    226.0000   839426         
  77912 32911      392.0000  2164                    226.0000   840566         
  78741 32920      339.0000  2163                    226.0000   841237         
  79607 33539      339.0000  2127                    226.0000   842417         
Elapsed time = 664.36 sec. (545310.66 ticks, tree = 9782.80 MB, solutions = 0)
Nodefile size = 7696.87 MB (3380.11 MB after compression)
  80558 33648    infeasible                          226.0000   843186         
  81379 33982    infeasible                          226.0000   844393         
  82159 34419      339.0000  2351                    226.0000   849673         
  82922 34425    infeasible                          226.0000   850181         
  83680 34838      339.0000  1934                    226.0000   853095         
  84443 34840      339.0000  1934                    226.0000   853193         
  85265 35155    infeasible                          226.0000   856712         
  86050 35394      340.0000  2243                    226.0000   858993         
  86837 35537      339.0000  1942                    226.0000   859949         
  87533 36072      339.0000  2417                    226.0000   868409         
Elapsed time = 705.35 sec. (583503.32 ticks, tree = 10547.80 MB, solutions = 0)
Nodefile size = 8461.41 MB (3717.98 MB after compression)
  88211 36072      339.0000  2417                    226.0000   868539         
  88928 36170      339.0000  2417                    226.0000   872094         
  89765 36393      339.0000  2347                    226.0000   878228         
  90586 36478      339.0000  2365                    226.0000   880990         
  91319 36745      339.0000  2344                    226.0000   884117         
  92132 37407      393.0000  2023                    226.0000   895561         
  93109 37522    infeasible                          226.0000   899713         
  93958 38146      339.0000  2445                    226.0000   898512         
  94770 38159      340.0000  2222                    226.0000   903098         
  95661 39162      339.0000  2404                    226.0000   909150         
Elapsed time = 748.58 sec. (621695.18 ticks, tree = 11476.98 MB, solutions = 0)
Nodefile size = 9371.46 MB (4120.80 MB after compression)
  96434 39343      393.0000  2001                    226.0000   912963         
  97236 40000      227.0000  2709                    226.0000   929529         
  97978 40535      339.0000  2298                    226.0000   939236         
  98682 40586    infeasible                          226.0000   941362         
  99081 40786      228.0000  2696                    226.0000   943211         
  99098 40819    infeasible                          226.0000   945021         
  99403 41041      339.0000  2314                    226.0000   947902         
 100142 41144      395.0000  2155                    226.0000   949778         
 100943 41170      339.0000  2280                    226.0000   955123         
 101857 42028    infeasible                          226.0000   969283         
Elapsed time = 807.76 sec. (660722.68 ticks, tree = 12341.01 MB, solutions = 0)
Nodefile size = 10252.92 MB (4510.39 MB after compression)
 102735 41805      341.0000  2303                    226.0000   968752         
 103554 42775      395.0000  2308                    226.0000   970208         
 104376 43397      339.0000  2086                    226.0000   974079         
 105211 43576      339.0000  2411                    226.0000   976426         
 106037 44608      397.0000  1933                    226.0000   987686         
 106939 44920      339.0000  2038                    226.0000   993057         
 107816 44963      339.0000  2287                    226.0000  1005398         
 108694 45973      339.0000  2287                    226.0000  1007898         
 109655 47001      339.0000  2025                    226.0000  1012728         
 110521 47209      339.0000  2384                    226.0000  1016022         
Elapsed time = 850.22 sec. (698899.44 ticks, tree = 13909.57 MB, solutions = 0)
Nodefile size = 11799.05 MB (5193.56 MB after compression)
 111323 47995      339.0000  2339                    226.0000  1027612         
 112130 48045      339.0000  2276                    226.0000  1027926         
 112862 48480      339.0000  2114                    226.0000  1041680         
 113599 49224      339.0000  2423                    226.0000  1043653         
 114379 49451    infeasible                          226.0000  1045975         
 115336 49543      339.0000  2168                    226.0000  1047384         
 116238 50098      339.0000  2180                    226.0000  1049798         
 116999 50316    infeasible                          226.0000  1064431         
 117459 50210    infeasible                          226.0000  1062319         
 117505 50373      339.0000  2578                    226.0000  1072717         
Elapsed time = 906.37 sec. (739520.96 ticks, tree = 14867.83 MB, solutions = 0)
Nodefile size = 12777.66 MB (5624.38 MB after compression)
 117724 50592      339.0000  2452                    226.0000  1077044         
 118216 50736      227.0000  2682                    226.0000  1076720         
 118959 50758    infeasible                          226.0000  1077698         
 119810 51254      340.0000  2155                    226.0000  1080513         
 120581 51254      340.0000  2155                    226.0000  1080650         
 121439 51649    infeasible                          226.0000  1084579         
 122318 51923      226.0000  2632                    226.0000  1126803         
 123116 51926      226.0000  2632                    226.0000  1127051         
 123906 52323      385.0000  2177                    226.0000  1135545         
 124869 52327      339.0000  2273                    226.0000  1136003         
Elapsed time = 951.40 sec. (777737.57 ticks, tree = 15457.74 MB, solutions = 0)
Nodefile size = 13366.21 MB (5884.19 MB after compression)
 125750 52654    infeasible                          226.0000  1146482         
 126604 52850      398.0000  2302                    226.0000  1147583         
 127540 53186      339.0000  2076                    226.0000  1161397         
 128377 53208    infeasible                          226.0000  1167333         
 129231 53496      398.0000  2302                    226.0000  1175951         
 129931 53579    infeasible                          226.0000  1177450         
 130607 53613      339.0000  2076                    226.0000  1177892         
 131405 53627      339.0000  2386                    226.0000  1178818         
 132214 53919      339.0000  2179                    226.0000  1181439         
 133103 53822    infeasible                          226.0000  1183194         
Elapsed time = 995.28 sec. (815915.54 ticks, tree = 15905.52 MB, solutions = 0)
Nodefile size = 13798.55 MB (6074.88 MB after compression)
 133952 54244      385.0000  1945                    226.0000  1187029         
 134683 54628      339.0000  2209                    226.0000  1189840         
 135354 54699      339.0000  2418                    226.0000  1193367         
 136004 54724    infeasible                          226.0000  1193047         
 136655 54804      339.0000  1969                    226.0000  1195578         
 137019 54826      398.0000  2146                    226.0000  1195434         
 137131 55073      339.0000  2501                    226.0000  1202441         
 137329 55105      339.0000  2411                    226.0000  1203114         
 137825 55246      379.0000  2363                    226.0000  1204901         
 138642 55334      339.0000  2461                    226.0000  1213849         
Elapsed time = 1053.34 sec. (854236.87 ticks, tree = 16362.93 MB, solutions = 0)
Nodefile size = 14270.17 MB (6282.67 MB after compression)
 139485 55650      340.0000  2339                    226.0000  1214561         
 140371 56128      339.0000  2325                    226.0000  1232508         
 141263 57181      390.0000  2280                    226.0000  1234117         
 142198 56914      340.0000  2331                    226.0000  1233910         
 143108 57978      390.0000  2303                    226.0000  1235290         
 143998 58157      339.0000  2116                    226.0000  1235603         
 144889 58967      391.0000  2316                    226.0000  1237075         
 145745 59444      340.0000  1812                    226.0000  1243421         
 146533 60071      365.0000  2349                    226.0000  1244095         
 147329 60283      412.0000  1988                    226.0000  1245407         
Elapsed time = 1098.27 sec. (892416.57 ticks, tree = 17860.82 MB, solutions = 0)
Nodefile size = 15737.57 MB (6927.03 MB after compression)
 148144 60750      452.0000  1917                    226.0000  1247037         
 148983 61190      339.0000  2092                    226.0000  1247538         
 149935 61361      339.0000  2213                    226.0000  1250745         
 150787 61681      452.0000  2102                    226.0000  1250500         
 151551 61729      339.0000  2033                    226.0000  1251243         
 152300 62066      452.0000  2060                    226.0000  1260599         
 153044 62571    infeasible                          226.0000  1262981         
 153807 63212    infeasible                          226.0000  1264421         
 154575 62883      339.0000  2120                    226.0000  1264118         
 155316 63291      368.0000  2017                    226.0000  1266016         
Elapsed time = 1145.70 sec. (930622.61 ticks, tree = 18773.42 MB, solutions = 0)
Nodefile size = 16664.74 MB (7336.77 MB after compression)
 155678 63361    infeasible                          226.0000  1266779         
 155790 63832      339.0000  2443                    226.0000  1286968         
 156087 63970      339.0000  2469                    226.0000  1289028         
 156686 63941      339.0000  1998                    226.0000  1289301         
 157498 64129      339.0000  2394                    226.0000  1290515         
 158335 64537      339.0000  2494                    226.0000  1294581         
 159203 65163      339.0000  2326                    226.0000  1302439         
 160005 65190      340.0000  2343                    226.0000  1301352         
 160957 66072      339.0000  2419                    226.0000  1314264         
 161771 66671      414.0000  2131                    226.0000  1319973         
Elapsed time = 1196.83 sec. (969192.37 ticks, tree = 19797.35 MB, solutions = 0)
Nodefile size = 17684.13 MB (7786.68 MB after compression)
 162539 66296      452.0000  1936                    226.0000  1316022         
 163392 67692      414.0000  2152                    226.0000  1323049         
 164269 68542      339.0000  2326                    226.0000  1328633         
 165228 69050      450.0000  2221                    226.0000  1329389         
 165984 69114      339.0000  2474                    226.0000  1339438         
 166862 69783      450.0000  2088                    226.0000  1333816         
 167671 70103      470.0000  1987                    226.0000  1346893         
 168392 70234    infeasible                          226.0000  1358267         
 169122 70800      339.0000  2107                    226.0000  1361592         
 169835 71316      339.0000  2262                    226.0000  1364191         
Elapsed time = 1238.89 sec. (1007396.72 ticks, tree = 21205.04 MB, solutions = 0)
Nodefile size = 19109.53 MB (8417.25 MB after compression)
 170634 71346      339.0000  2029                    226.0000  1363912         
 171398 71826      339.0000  2312                    226.0000  1368637         
 172223 72355      452.0000  2216                    226.0000  1376734         
 172502 72262    infeasible                          226.0000  1373914         
 172529 72901      447.0000  1827                    226.0000  1382869         
 172629 72909      339.0000  2395                    226.0000  1385620         
 173224 72922      339.0000  2371                    226.0000  1385831         
 173997 73208      452.0000  2274                    226.0000  1387459         
 174886 73558      340.0000  2169                    226.0000  1387723         
 175778 73808      339.0000  1850                    226.0000  1393957         
Elapsed time = 1295.16 sec. (1045656.41 ticks, tree = 21962.51 MB, solutions = 0)
Nodefile size = 19864.35 MB (8751.52 MB after compression)
 176649 73794      447.0000  2094                    226.0000  1393868         
 177407 74808      447.0000  2001                    226.0000  1396006         
 178180 75341      394.0000  2175                    226.0000  1408249         
 179030 75852    infeasible                          226.0000  1419275         
 179889 76307      339.0000  2385                    226.0000  1420376         
 180793 76450      339.0000  2385                    226.0000  1420424         
 181635 77647      340.0000  2127                    226.0000  1423906         
 182471 77640      395.0000  2513                    226.0000  1423071         
 183339 78227      340.0000  2243                    226.0000  1424654         
 184120 79177      340.0000  2403                    226.0000  1442992         
Elapsed time = 1337.47 sec. (1083861.05 ticks, tree = 23593.16 MB, solutions = 0)
Nodefile size = 21497.97 MB (9472.61 MB after compression)
 184876 79041      452.0000  1728                    226.0000  1436801         
 185620 79628      227.0000  2768                    226.0000  1448844         
 186374 79882    infeasible                          226.0000  1449109         
 187092 80594      451.0000  2114                    226.0000  1451798         
 187813 80534      340.0000  2374                    226.0000  1452652         
 188672 81122      339.0000  2320                    226.0000  1461633         
 189627 81562      452.0000  1727                    226.0000  1474370         
 190469 81766      340.0000  1914                    226.0000  1477599         
 191188 82105      339.0000  2281                    226.0000  1478432         
 191919 82106      339.0000  2216                    226.0000  1479136         
Elapsed time = 1380.60 sec. (1122056.02 ticks, tree = 24481.67 MB, solutions = 0)
Nodefile size = 22385.68 MB (9866.47 MB after compression)
 192447 82161    infeasible                          226.0000  1482087         
 192548 82151      227.0000  2764                    226.0000  1480163         
 192568 82372    infeasible                          226.0000  1480175         
 192836 82495      339.0000  2358                    226.0000  1486949         
 193546 82467      339.0000  2354                    226.0000  1489807         
 194340 83053    infeasible                          226.0000  1510173         
 195101 84024      452.0000  2197                    226.0000  1519937         
 195801 83894      398.0000  2056                    226.0000  1518814         
 196522 84073    infeasible                          226.0000  1521884         
 197279 84721      339.0000  2287                    226.0000  1524770         
Elapsed time = 1437.97 sec. (1163068.77 ticks, tree = 25275.76 MB, solutions = 0)
Nodefile size = 23180.17 MB (10219.33 MB after compression)
 198063 84760      340.0000  1880                    226.0000  1525132         
 198880 85267    infeasible                          226.0000  1527658         
 199668 85650    infeasible                          226.0000  1536283         
 200464 86500      452.0000  2059                    226.0000  1550118         
 201223 86724      339.0000  1942                    226.0000  1551970         
 201991 86960      340.0000  2367                    226.0000  1552662         
 202817 87307      339.0000  1892                    226.0000  1557820         
 203663 87822      339.0000  2384                    226.0000  1561738         
 204572 87730      339.0000  2315                    226.0000  1561934         
 205386 88072      339.0000  2363                    226.0000  1579174         
Elapsed time = 1482.32 sec. (1201272.26 ticks, tree = 26293.91 MB, solutions = 0)
Nodefile size = 24186.82 MB (10666.43 MB after compression)
 206129 88121    infeasible                          226.0000  1581752         
 206808 88546    infeasible                          226.0000  1605600         
 207458 88673      339.0000  1888                    226.0000  1608070         
 208101 88784      452.0000  2040                    226.0000  1609358         
 208857 88873      340.0000  2239                    226.0000  1610666         
 209770 88896    infeasible                          226.0000  1611092         
 210683 88999    infeasible                          226.0000  1612589         
 211481 88999    infeasible                          226.0000  1612663         
 212147 89223      339.0000  2279                    226.0000  1616948         
 212812 89275      340.0000  1836                    226.0000  1617397         
Elapsed time = 1523.98 sec. (1239492.77 ticks, tree = 26655.79 MB, solutions = 0)
Nodefile size = 24553.47 MB (10829.24 MB after compression)
 213458 89281      339.0000  2185                    226.0000  1617634         
 214168 89365      339.0000  2373                    226.0000  1619544         
 214907 89375      339.0000  2358                    226.0000  1619871         
 215241 89424      452.0000  2009                    226.0000  1620387         
 215279 89398    infeasible                          226.0000  1620482         
 215539 89579      339.0000  2379                    226.0000  1627297         
 215988 89582      339.0000  2380                    226.0000  1627439         
 216744 89984      339.0000  2387                    226.0000  1637992         
 217536 90113      339.0000  2254                    226.0000  1638334         
 218301 90574      395.0000  2333                    226.0000  1644829         
Elapsed time = 1590.06 sec. (1280576.31 ticks, tree = 27048.54 MB, solutions = 0)
Nodefile size = 24936.15 MB (10998.70 MB after compression)
 219133 90543      339.0000  2244                    226.0000  1644687         
 220067 90684      340.0000  2190                    226.0000  1649445         
 220921 91037    infeasible                          226.0000  1654049         
 221835 91134      339.0000  2247                    226.0000  1654779         
 222684 91686      395.0000  2150                    226.0000  1656702         
 223543 91554      226.0000  2638                    226.0000  1656343         
 224312 92654      339.0000  2213                    226.0000  1661073         
 225185 92656      339.0000  2231                    226.0000  1661291         
 225983 92973      227.0000  2798                    226.0000  1663406         
 226726 93219      339.0000  2192                    226.0000  1662446         
Elapsed time = 1631.68 sec. (1318783.17 ticks, tree = 27850.40 MB, solutions = 0)
Nodefile size = 25750.22 MB (11361.52 MB after compression)
 227556 93452      452.0000  2006                    226.0000  1666387         
 228359 93632      452.0000  2319                    226.0000  1688833         
 229081 94069      452.0000  1999                    226.0000  1689879         
 229800 94072    infeasible                          226.0000  1691981         
 230575 94392      452.0000  2014                    226.0000  1692071         
 231429 94522      452.0000  2145                    226.0000  1693295         
 232358 94973      452.0000  2145                    226.0000  1701475         
 233190 95034      452.0000  2019                    226.0000  1701787         
 234014 95386      339.0000  2424                    226.0000  1715387         
 234762 95432      339.0000  2268                    226.0000  1720190         
Elapsed time = 1673.58 sec. (1356970.10 ticks, tree = 28522.74 MB, solutions = 0)
Nodefile size = 26421.54 MB (11659.79 MB after compression)
 235511 95836      339.0000  2440                    226.0000  1720844         
 236253 96314      339.0000  2427                    226.0000  1729135         
 237033 96450      339.0000  2374                    226.0000  1735348         
 237827 96510      339.0000  2316                    226.0000  1741073         
 238738 97082      339.0000  2068                    226.0000  1747533         
 239473 97055      452.0000  2034                    226.0000  1747449         
 239871 97245    infeasible                          226.0000  1750873         
 239975 97772      452.0000  2152                    226.0000  1763926         
 240199 97763      340.0000  2201                    226.0000  1764049         
 240661 97845      250.0000  2611                    226.0000  1764469         
Elapsed time = 1739.04 sec. (1395172.39 ticks, tree = 29256.82 MB, solutions = 0)
Nodefile size = 27132.43 MB (11973.53 MB after compression)
 241340 98061    infeasible                          226.0000  1764954         
 242186 98746      339.0000  2438                    226.0000  1769240         
 243112 98552      339.0000  2437                    226.0000  1771880         
 243953 99883      339.0000  2311                    226.0000  1785330         
 244808 100474    infeasible                          226.0000  1786728         
 245569 100209    infeasible                          226.0000  1786676         
 246277 101486      339.0000  2404                    226.0000  1821430         
 247034 101444      339.0000  2108                    226.0000  1819075         
 247821 102486      339.0000  2107                    226.0000  1841541         
 248666 102828      339.0000  2375                    226.0000  1850558         
Elapsed time = 1786.68 sec. (1433355.41 ticks, tree = 30771.80 MB, solutions = 0)
Nodefile size = 28656.13 MB (12647.49 MB after compression)
 249534 102865    infeasible                          226.0000  1843493         
 250388 103451    infeasible                          226.0000  1854256         
 251261 103300      392.0000  2299                    226.0000  1855054         

Cover cuts applied:  129
Implied bound cuts applied:  4777
Mixed integer rounding cuts applied:  3459
Zero-half cuts applied:  1

Root node processing (before b&c):
  Real time             =   41.86 sec. (57042.67 ticks)
Parallel b&c, 8 threads:
  Real time             = 1762.44 sec. (1390705.02 ticks)
  Sync time (average)   =  492.30 sec.
  Wait time (average)   =    0.00 sec.
                          ------------
Total (root+branch&cut) = 1804.30 sec. (1447747.69 ticks)
! --------------------------------------------------------
! Problem is UNKNOWN
! CPLEX Status = AbortTimeLim
! --------------------------------------------------------
