! Solving for graph /home/truongxuanhieu/CPLEX-MIP-for-MinSpanLabeling/benchmarks/cabp/V-nos6.mtx.rnd
! Target value is set to 328
! Lower bound is set to 329
! Upper bound is set to 675
! Time limit is set to 1800
! Vertices mode is set to Has hole
! Target value mode is set to Cyclic Antibandwidth
Version identifier: 22.2.0.0 | 2026-05-04 | 5dff98e58
CPXPARAM_TimeLimit                               1800
Tried aggregator 2 times.
MIP Presolve eliminated 1293 rows and 1690 columns.
MIP Presolve modified 455962 coefficients.
Aggregator did 4602 substitutions.
Reduced MIP has 9824 rows, 462472 columns, and 933413 nonzeros.
Reduced MIP has 457252 binaries, 1966 generals, 0 SOSs, and 3254 indicators.
Presolve time = 1.17 sec. (2199.50 ticks)
Probing time = 1.97 sec. (811.44 ticks)
Tried aggregator 1 time.
Detecting symmetries...
Reduced MIP has 9824 rows, 462472 columns, and 933413 nonzeros.
Reduced MIP has 457252 binaries, 2640 generals, 0 SOSs, and 3254 indicators.
Presolve time = 0.96 sec. (679.60 ticks)
Probing time = 0.25 sec. (95.86 ticks)
Clique table members: 112861.
MIP emphasis: balance optimality and feasibility.
MIP search method: dynamic search.
Parallel mode: deterministic, using up to 8 threads.
Root relaxation solution time = 5.26 sec. (3418.18 ticks)

        Nodes                                         Cuts/
   Node  Left     Objective  IInf  Best Integer    Best Bound    ItCnt     Gap

      0     0      656.0000  1325                    656.0000        9         
      0     0      656.0000  2544               MIRcuts: 2556      689         
      0     0      656.0000  1932                   Cuts: 793     1745         
      0     0      656.0000  2140                  Cuts: 2474     2826         
Detecting symmetries...
      0     2      656.0000  1167                    656.0000     2826         
Elapsed time = 77.29 sec. (85683.96 ticks, tree = 0.02 MB, solutions = 0)
      4     6      656.0000  1144                    656.0000     2874         
      9     4      656.0000  1123                    656.0000     2840         
     18    15      656.0000  1197                    656.0000     3395         
     38    26      656.0000  1235                    656.0000     5147         
     59    39      656.0000  1473                    656.0000     6293         
     78    67      656.0000  1267                    656.0000     7976         
    106    86      656.0000  1173                    656.0000     9877         
    135   119      656.0000  1163                    656.0000    10378         
    168   130      656.0000  1235                    656.0000    10619         
    257   219      656.0000  1468                    656.0000    13881         
Elapsed time = 81.70 sec. (88911.41 ticks, tree = 29.56 MB, solutions = 0)
    325   281      656.0000  1392                    656.0000    19127         
    408   348      657.0000  1559                    656.0000    23308         
    492   412      657.0000  1333                    656.0000    25944         
    550   489      657.0000  1261                    656.0000    29382         
    632   544      656.0000  1237                    656.0000    31552         
    749   589      657.0000  1218                    656.0000    33492         
    828   662      657.0000  1356                    656.0000    35379         
    836   661      657.5000  1950                    656.0000    35394         
    882   743      656.0000  1379                    656.0000    38723         
    986   784      657.0000  1288                    656.0000    40903         
Elapsed time = 111.89 sec. (105825.98 ticks, tree = 163.06 MB, solutions = 0)
   1106   794      657.0000  1302                    656.0000    41130         
   1202   915      666.0000  1200                    656.0000    44229         
   1291   986      656.0000  1298                    656.0000    45847         
   1389  1025      657.0000  1109                    656.0000    47230         
   1529  1122      656.0000  1298                    656.0000    48676         
   1667  1276      657.0000  1362                    656.0000    50933         
   1790  1368      666.0000  1258                    656.0000    51316         
   1867  1337      657.0000  1064                    656.0000    51342         
   1986  1484      656.0000  1275                    656.0000    54079         
   2104  1589      656.0000  1298                    656.0000    55535         
Elapsed time = 124.18 sec. (115476.62 ticks, tree = 376.54 MB, solutions = 0)
   2230  1681      657.0000  1458                    656.0000    56424         
   2359  1808      656.0000  1213                    656.0000    57916         
   2496  1747    infeasible                          656.0000    57686         
   2640  1923      657.0000  1037                    656.0000    59720         
   2778  2003      657.0000  1498                    656.0000    61495         
   2911  2143      657.0000  1199                    656.0000    62773         
   3074  2209      663.0000  1143                    656.0000    63369         
   3214  2315      666.0000  1489                    656.0000    63749         
   3352  2515      656.0000  1273                    656.0000    65664         
   3474  2553      663.0000  1116                    656.0000    65620         
Elapsed time = 136.37 sec. (125079.11 ticks, tree = 630.62 MB, solutions = 0)
   3577  2581      656.0000  1194                    656.0000    65915         
   3720  2682    infeasible                          656.0000    67866         
   3904  2835      656.0000  1567                    656.0000    68002         
   4085  2852      657.0000  1082                    656.0000    68204         
   4246  3056      662.0000  1454                    656.0000    69227         
   4411  3068      663.0000  1092                    656.0000    69324         
   4546  3240    infeasible                          656.0000    71407         
   4686  3366      662.0000  1478                    656.0000    73544         
   4819  3423      666.0000  1202                    656.0000    74364         
   4947  3530      657.0000  1064                    656.0000    76388         
Elapsed time = 148.10 sec. (134685.40 ticks, tree = 887.93 MB, solutions = 0)
   5083  3541      656.0000  1262                    656.0000    76580         
   5238  3584      657.0000  1518                    656.0000    77362         
   5368  3624      663.0000  1063                    656.0000    77196         
   5510  3713      656.0000  1170                    656.0000    78778         
   5643  3773      656.0000  1262                    656.0000    79871         
   5740  3811      663.0000  1061                    656.0000    80979         
   5856  3819      657.0000   994                    656.0000    81110         
   6000  3899      657.0000   994                    656.0000    82265         
   6146  3950      657.0000  1538                    656.0000    83059         
   6302  3972    infeasible                          656.0000    82897         
Elapsed time = 159.46 sec. (144277.95 ticks, tree = 1002.23 MB, solutions = 0)
   6424  4032    infeasible                          656.0000    84336         
   6581  4093      657.0000  1554                    656.0000    85541         
   6724  4122      656.0000  1258                    656.0000    86594         
   6870  4130    infeasible                          656.0000    86718         
   7015  4202      656.0000  1153                    656.0000    88514         
   7161  4208    infeasible                          656.0000    88687         
   7309  4244      663.0000  1047                    656.0000    88888         
   7495  4317      656.0000  1270                    656.0000    91769         
   7670  4333      658.0000  1195                    656.0000    91941         
   7826  4441      663.0000  1046                    656.0000    94137         
Elapsed time = 169.45 sec. (153900.04 ticks, tree = 1122.67 MB, solutions = 0)
   7999  4535      659.0000  1441                    656.0000    94594         
   8181  4518    infeasible                          656.0000    94676         
   8353  4724    infeasible                          656.0000    96578         
   8514  4731    infeasible                          656.0000    96638         
   8685  4752      656.0000  1264                    656.0000    96918         
   8851  4823      656.0000  1332                    656.0000    99454         
   9029  4854      663.0000  1052                    656.0000    99358         
   9197  4901      657.0000  1167                    656.0000   100626         
   9361  4936      656.0000  1302                    656.0000   101902         
   9533  5010      657.0000  1037                    656.0000   103306         
Elapsed time = 178.79 sec. (163512.43 ticks, tree = 1269.66 MB, solutions = 0)
   9715  5049      656.0000  1236                    656.0000   104033         
   9890  5092    infeasible                          656.0000   104410         
  10070  5302      657.0000  1315                    656.0000   104838         
  10254  5333      657.0000  1348                    656.0000   104871         
  10429  5331      660.0000  1141                    656.0000   105361         
  10599  5513    infeasible                          656.0000   105783         
  10775  5624      656.0000  1222                    656.0000   107672         
  10948  5666      656.0000  1258                    656.0000   110002         
  11118  5741      658.0000  1289                    656.0000   110228         
  11292  5771      658.0000  1299                    656.0000   110241         
Elapsed time = 188.93 sec. (173123.38 ticks, tree = 1471.67 MB, solutions = 0)
  11468  5776      660.0000  1115                    656.0000   111995         
  11638  5843    infeasible                          656.0000   112148         
  11803  5847    infeasible                          656.0000   112182         
  11965  5867      656.0000  1367                    656.0000   115502         
  12131  5962      659.0000  1108                    656.0000   114304         
  12281  6009      656.0000  1338                    656.0000   118798         
  12452  6027      659.0000  1147                    656.0000   118232         
  12635  6157      656.0000  1270                    656.0000   122366         
  12825  6177      659.0000  1130                    656.0000   122840         
  13365  6590    infeasible                          656.0000   126264         
Elapsed time = 205.00 sec. (185690.39 ticks, tree = 1686.23 MB, solutions = 0)
  13367  6426      658.0000   832                    656.0000   125854         
  13650  6647      658.0000   723                    656.0000   127251         
  14379  6954      659.0000  1278                    656.0000   132782         
  15077  7471      657.0000  1259                    656.0000   136637         
  15627  8101      658.0000  1226                    656.0000   141906         
  16273  8399    infeasible                          656.0000   144557         
  16897  8826      668.0000  1161                    656.0000   145141         
  17480  9168      659.0000  1091                    656.0000   147048         
  18035  9451      656.0000  1276                    656.0000   151546         
  18616  9673    infeasible                          656.0000   155186         
Elapsed time = 262.21 sec. (226691.32 ticks, tree = 2519.51 MB, solutions = 0)
Nodefile size = 453.48 MB (138.75 MB after compression)
  19240  9814    infeasible                          656.0000   156969         
  19945 10067    infeasible                          656.0000   161507         
  20614 10246      658.0000   465                    656.0000   162785         
  21232 10442    infeasible                          656.0000   164141         
  21920 10655      656.0000  1264                    656.0000   165541         
  22584 10946      656.0000  1354                    656.0000   168875         
  23265 11130      656.0000  1249                    656.0000   169541         
  23905 11543      657.0000  1221                    656.0000   174506         
  24588 11686      657.0000  1261                    656.0000   175744         
  25212 11936      657.0000  1281                    656.0000   178713         
Elapsed time = 304.88 sec. (264886.47 ticks, tree = 3117.12 MB, solutions = 0)
Nodefile size = 1041.57 MB (327.84 MB after compression)
  25798 12177    infeasible                          656.0000   184459         
  26461 12287      657.0000  1272                    656.0000   186265         
  27162 12338      657.0000   957                    656.0000   186755         
  27868 12380      656.0000  1233                    656.0000   187821         
  27993 12559    infeasible                          656.0000   192730         
  28079 12761      658.0000  1058                    656.0000   198029         
  28364 12821      659.0000  1126                    656.0000   200720         
  28861 13118      657.0000  1297                    656.0000   202300         
  29417 13091      659.0000  1126                    656.0000   202653         
  30051 13479      659.0000   922                    656.0000   206548         
Elapsed time = 370.18 sec. (306653.73 ticks, tree = 3526.02 MB, solutions = 0)
Nodefile size = 1438.17 MB (453.30 MB after compression)
  30763 13621      657.0000   962                    656.0000   208108         
  31312 14007      656.0000  1015                    656.0000   219144         
  31809 14197      657.0000  1208                    656.0000   224715         
  32330 14169    infeasible                          656.0000   224701         
  32859 14284      657.0000   992                    656.0000   226225         
  33484 14288      657.0000  1100                    656.0000   228149         
  34161 14562      675.0000   752                    656.0000   231047         
  34819 15094      658.0000   814                    656.0000   234707         
  35477 15122      657.0000  1078                    656.0000   235361         
  36101 15491    infeasible                          656.0000   236475         
Elapsed time = 412.67 sec. (344841.99 ticks, tree = 4062.56 MB, solutions = 0)
Nodefile size = 1984.14 MB (628.50 MB after compression)
  36702 15703      675.0000   888                    656.0000   237089         
  37288 16041      675.0000   850                    656.0000   239166         
  37892 16498      675.0000   828                    656.0000   244908         
  38609 16950      675.0000   769                    656.0000   246826         
  39307 17390      656.0000  1012                    656.0000   249979         
  40056 17652      675.0000   914                    656.0000   250887         
  40828 18198      675.0000   946                    656.0000   252131         
  41506 18821      675.0000   990                    656.0000   253514         
  42122 18821    infeasible                          656.0000   253516         
  42739 19632      675.0000   890                    656.0000   261139         
Elapsed time = 457.25 sec. (383044.63 ticks, tree = 5204.06 MB, solutions = 0)
Nodefile size = 3120.49 MB (997.56 MB after compression)
  43465 20250      675.0000   901                    656.0000   263618         
  44178 20638      675.0000   968                    656.0000   264271         
  44792 20941      675.0000   906                    656.0000   265087         
  45411 21467      675.0000   847                    656.0000   268251         
  45957 21467      675.0000   711                    656.0000   268219         
  46070 21719    infeasible                          656.0000   268428         
  46216 22067      675.0000   927                    656.0000   272760         
  46668 22167      675.0000   864                    656.0000   272320         
  47304 22475      675.0000   901                    656.0000   276151         
  47937 22638      675.0000   792                    656.0000   277497         
Elapsed time = 532.43 sec. (428453.22 ticks, tree = 6050.95 MB, solutions = 0)
Nodefile size = 3963.41 MB (1272.21 MB after compression)
  48529 23048      675.0000   645                    656.0000   280583         
  49164 23143      675.0000   632                    656.0000   282161         
  49845 23335      675.0000   706                    656.0000   292120         
  50519 23760    infeasible                          656.0000   294702         
  51169 24321      657.0000   903                    656.0000   295874         
  51874 24704    infeasible                          656.0000   296282         
  52544 24827      675.0000   959                    656.0000   296147         
  53182 24968      675.0000   809                    656.0000   298295         
  53830 25247    infeasible                          656.0000   297749         
  54458 25886      675.0000  1039                    656.0000   303547         
Elapsed time = 579.12 sec. (466659.93 ticks, tree = 6962.08 MB, solutions = 0)
Nodefile size = 4852.41 MB (1561.51 MB after compression)
  55097 26052      675.0000   800                    656.0000   304600         
  55769 26602      675.0000  1068                    656.0000   306099         
  56417 26790      675.0000   813                    656.0000   306402         
  57065 27313      675.0000  1073                    656.0000   307293         
  57665 27999      675.0000   622                    656.0000   310246         
  58309 27997      675.0000   748                    656.0000   311090         
  58901 28537      675.0000   601                    656.0000   314295         
  59474 28721    infeasible                          656.0000   319907         
  60016 29107      675.0000   789                    656.0000   320202         
  60604 29434      675.0000   957                    656.0000   323685         
Elapsed time = 620.75 sec. (504862.64 ticks, tree = 7962.08 MB, solutions = 0)
Nodefile size = 5873.03 MB (1895.00 MB after compression)
  61204 29648      675.0000   937                    656.0000   325376         
  61819 29690      675.0000   709                    656.0000   325029         
  62432 30204      675.0000   780                    656.0000   328861         
  63059 30411      675.0000   718                    656.0000   330678         
  63648 30896      675.0000   876                    656.0000   335445         
  64230 30929      675.0000   875                    656.0000   335543         
  64827 31526      660.0000  1040                    656.0000   337274         
  65451 31502      675.0000   526                    656.0000   337753         
  66074 31889      658.0000   833                    656.0000   339006         
  66684 32032      675.0000   503                    656.0000   338910         
Elapsed time = 664.75 sec. (543074.31 ticks, tree = 8692.09 MB, solutions = 0)
Nodefile size = 6606.47 MB (2133.60 MB after compression)
  67274 32532      675.0000   680                    656.0000   343225         
  67817 32818    infeasible                          656.0000   345977         
  68362 32820    infeasible                          656.0000   346295         
  68889 32976    infeasible                          656.0000   347252         
  69459 32976      675.0000   503                    656.0000   347749         
  69773 32977      675.0000   704                    656.0000   347920         
  69789 32979    infeasible                          656.0000   348190         
  69860 33173      675.0000   817                    656.0000   352014         
  70067 33232      660.0000  1074                    656.0000   353080         
  70650 33312      675.0000   900                    656.0000   353781         
Elapsed time = 738.18 sec. (587171.52 ticks, tree = 9053.54 MB, solutions = 0)
Nodefile size = 6947.42 MB (2244.96 MB after compression)
  71347 33629      675.0000   887                    656.0000   356793         
  72000 33683      675.0000   885                    656.0000   356838         
  72678 34210      675.0000   954                    656.0000   360586         
  73346 34626      675.0000   894                    656.0000   362459         
  74037 34626      675.0000   894                    656.0000   362462         
  74737 35383      675.0000   471                    656.0000   366333         
  75320 35383      675.0000   471                    656.0000   366531         
  75882 35446      660.0000  1007                    656.0000   367749         
  76466 35548      656.0000  1096                    656.0000   368706         
  77112 35849      675.0000   848                    656.0000   374221         
Elapsed time = 783.25 sec. (625386.24 ticks, tree = 9769.29 MB, solutions = 0)
Nodefile size = 7680.38 MB (2486.51 MB after compression)
  77742 35996      675.0000   752                    656.0000   376584         
  78365 36193      675.0000   826                    656.0000   377510         
  79075 37140      675.0000   806                    656.0000   386166         
  79862 37308      675.0000   446                    656.0000   387401         
  80679 37999      675.0000   446                    656.0000   389568         
  81415 38443      675.0000   891                    656.0000   390400         
  82100 38653      675.0000   446                    656.0000   391467         
  82780 38653      675.0000   446                    656.0000   391590         
  83407 39341      675.0000   418                    656.0000   392817         
  84146 39727      675.0000   871                    656.0000   400827         
Elapsed time = 825.14 sec. (663608.45 ticks, tree = 10867.48 MB, solutions = 0)
Nodefile size = 8763.90 MB (2842.65 MB after compression)
  84813 39920      675.0000   871                    656.0000   402830         
  85522 40347      675.0000   932                    656.0000   404716         
  86210 40440      675.0000   836                    656.0000   405388         
  86877 41040    infeasible                          656.0000   406332         
  87514 41058      675.0000   760                    656.0000   406553         
  88151 41683      675.0000   779                    656.0000   408082         
  88811 41707    infeasible                          656.0000   407930         
  89392 42366      675.0000  1101                    656.0000   414194         
  89960 42461      675.0000   962                    656.0000   418011         
  90498 42552      675.0000   936                    656.0000   419807         
Elapsed time = 867.36 sec. (701784.92 ticks, tree = 11668.29 MB, solutions = 0)
Nodefile size = 9584.83 MB (3113.96 MB after compression)
  91081 42809      675.0000   926                    656.0000   420851         
  91715 43085      675.0000   914                    656.0000   429110         
  92329 43153      675.0000   698                    656.0000   429384         
  92936 43747      675.0000   922                    656.0000   434111         
  93570 43988      675.0000   959                    656.0000   440543         
  94304 44325      675.0000   789                    656.0000   441638         
  95096 44669    infeasible                          656.0000   443679         
  95831 45137    infeasible                          656.0000   444448         
  96510 45138      675.0000   910                    656.0000   444548         
  96853 46123    infeasible                          656.0000   447837         
Elapsed time = 921.78 sec. (740222.33 ticks, tree = 12680.19 MB, solutions = 0)
Nodefile size = 10595.79 MB (3446.33 MB after compression)
  96854 45629    infeasible                          656.0000   446266         
  97028 46147      675.0000   878                    656.0000   449424         
  97364 46280      659.0000  1048                    656.0000   450628         
  97999 46397      659.0000  1048                    656.0000   450745         
  98706 46850      659.0000  1049                    656.0000   456350         
  99426 46966      659.0000  1066                    656.0000   456459         
 100126 47217      675.0000   749                    656.0000   458577         
 100844 47647    infeasible                          656.0000   459304         
 101523 47935      675.0000   588                    656.0000   460590         
 102201 48327      675.0000   967                    656.0000   466448         
Elapsed time = 989.59 sec. (785065.51 ticks, tree = 13304.54 MB, solutions = 0)
Nodefile size = 11199.94 MB (3645.74 MB after compression)
 102880 48585      675.0000   958                    656.0000   468501         
 103557 48676      665.0000   721                    656.0000   469714         
 104251 49074      675.0000  1114                    656.0000   469973         
 104922 49615      675.0000   966                    656.0000   472013         
 105648 49414    infeasible                          656.0000   471914         
 106376 49804      675.0000   785                    656.0000   473482         
 107071 50103      675.0000   862                    656.0000   476586         
 107684 50104      675.0000   859                    656.0000   476682         
 108324 50640    infeasible                          656.0000   481526         
 108952 51315      665.0000   713                    656.0000   482659         
Elapsed time = 1031.26 sec. (823264.65 ticks, tree = 14151.98 MB, solutions = 0)
Nodefile size = 12067.20 MB (3932.55 MB after compression)
 109622 51469      675.0000   829                    656.0000   482570         
 110312 52089      675.0000   778                    656.0000   484530         
 111032 52070      665.0000   712                    656.0000   484582         
 111702 52741      665.0000   702                    656.0000   487338         
 112398 52748    infeasible                          656.0000   487456         
 113069 52877      665.0000   967                    656.0000   488693         
 113702 53502      675.0000   949                    656.0000   495909         
 114298 53790      675.0000  1093                    656.0000   496421         
 114875 53866    infeasible                          656.0000   497297         
 115448 53826    infeasible                          656.0000   497831         
Elapsed time = 1071.80 sec. (861454.14 ticks, tree = 14865.23 MB, solutions = 0)
Nodefile size = 12779.54 MB (4168.53 MB after compression)
 116062 54250    infeasible                          656.0000   500041         
 116711 54520    infeasible                          656.0000   501110         
 117399 54526      665.0000   953                    656.0000   501265         
 117971 54700    infeasible                          656.0000   501980         
 118583 54875      675.0000   396                    656.0000   505670         
 119214 54958    infeasible                          656.0000   506801         
 119826 55519      665.0000   651                    656.0000   510032         
 120422 55519      665.0000   651                    656.0000   510131         
 121093 55570    infeasible                          656.0000   510845         
 121786 55620      665.0000   649                    656.0000   511868         
Elapsed time = 1114.50 sec. (899650.56 ticks, tree = 15374.44 MB, solutions = 0)
Nodefile size = 13288.64 MB (4337.02 MB after compression)
 122478 55808    infeasible                          656.0000   514369         
 123137 55967      675.0000   894                    656.0000   515817         
 123776 56052    infeasible                          656.0000   517134         
 124378 56651    infeasible                          656.0000   519965         
 124554 56435    infeasible                          656.0000   519928         
 124656 56776      675.0000   845                    656.0000   522588         
 124911 56795      675.0000   884                    656.0000   523333         
 125549 56792    infeasible                          656.0000   522720         
 126219 57197      675.0000   948                    656.0000   528373         
 126847 57306      675.0000   942                    656.0000   528452         
Elapsed time = 1195.76 sec. (949169.34 ticks, tree = 15850.61 MB, solutions = 0)
Nodefile size = 13719.71 MB (4478.62 MB after compression)
 127473 58221      675.0000  1017                    656.0000   534046         
 128098 58072      675.0000   902                    656.0000   534137         
 128827 58458    infeasible                          656.0000   536271         
 129546 58947      675.0000  1021                    656.0000   539291         
 130256 59276      675.0000   891                    656.0000   542383         
 130930 59390      675.0000   909                    656.0000   542429         
 131516 59723      656.0000  1200                    656.0000   545981         
 132103 59788    infeasible                          656.0000   546633         
 132622 60044      675.0000   674                    656.0000   549145         
 133167 60401      675.0000   954                    656.0000   550780         
Elapsed time = 1237.21 sec. (987402.09 ticks, tree = 16730.35 MB, solutions = 0)
Nodefile size = 14609.73 MB (4772.90 MB after compression)
 133786 60343      675.0000   707                    656.0000   552171         
 134440 60759      675.0000   694                    656.0000   555624         
 135055 60757    infeasible                          656.0000   555844         
 135783 60984    infeasible                          656.0000   558857         
 136466 61223      675.0000   984                    656.0000   561223         
 137179 61922    infeasible                          656.0000   564783         
 137836 61994    infeasible                          656.0000   565403         
 138459 62001      657.0000  1216                    656.0000   565727         
 139077 62426      675.0000   744                    656.0000   566924         
 139657 62941      675.0000   690                    656.0000   572241         
Elapsed time = 1280.44 sec. (1025621.81 ticks, tree = 17452.25 MB, solutions = 0)
Nodefile size = 15358.68 MB (5019.00 MB after compression)
 140200 63354    infeasible                          656.0000   579323         
 140807 63734      675.0000   478                    656.0000   581193         
 141458 64087      662.0000   936                    656.0000   584076         
 142194 64446      672.0000  1119                    656.0000   586328         
 142921 64477      662.0000   885                    656.0000   587159         
 143704 64793    infeasible                          656.0000   587665         
 144467 64983      675.0000  1005                    656.0000   588321         
 145166 65143    infeasible                          656.0000   590744         
 145807 65603      656.0000   763                    656.0000   595544         
 146408 65825    infeasible                          656.0000   597747         
Elapsed time = 1320.74 sec. (1063813.23 ticks, tree = 18268.74 MB, solutions = 0)
Nodefile size = 16180.07 MB (5285.02 MB after compression)
 147049 65688      656.0000  1035                    656.0000   597935         
 147667 65937    infeasible                          656.0000   599891         
 148287 65969      657.0000   779                    656.0000   602128         
 148933 66081      656.0000   767                    656.0000   603339         
 149660 66124      656.0000  1038                    656.0000   604557         
 150389 66322    infeasible                          656.0000   606733         
 151034 66669      656.0000   771                    656.0000   608445         
 151647 67002      657.0000   840                    656.0000   610197         
 152237 67106      657.0000   697                    656.0000   611386         
 152800 67541      672.0000   891                    656.0000   615918         
Elapsed time = 1361.83 sec. (1102026.78 ticks, tree = 18757.01 MB, solutions = 0)
Nodefile size = 16667.48 MB (5443.07 MB after compression)
 153406 67575      657.0000   758                    656.0000   617282         
 153760 67604      657.0000   668                    656.0000   617958         
 153769 67806    infeasible                          656.0000   618621         
 153873 68165      675.0000   422                    656.0000   621140         
 154183 68152      657.0000   674                    656.0000   622331         
 154741 68227      657.0000   525                    656.0000   622586         
 155329 68415      657.0000   530                    656.0000   627376         
 156024 68713      658.0000   489                    656.0000   629399         
 156704 69811      657.0000   783                    656.0000   636809         
 157410 70348      675.0000   606                    656.0000   638266         
Elapsed time = 1429.93 sec. (1145962.84 ticks, tree = 19569.28 MB, solutions = 0)
Nodefile size = 17465.06 MB (5708.31 MB after compression)
 158112 70304    infeasible                          656.0000   638983         
 158774 71006    infeasible                          656.0000   639748         
 159334 71010    infeasible                          656.0000   640264         
 160003 71124      656.0000   872                    656.0000   644078         
 160603 71654    infeasible                          656.0000   652984         
 161143 71979    infeasible                          656.0000   664033         
 161635 71891    infeasible                          656.0000   680670         
 162082 71827      657.0000  1066                    656.0000   694581         
 162650 71757      657.0000  1046                    656.0000   715872         
 163202 71792      657.0000  1083                    656.0000   747031         
Elapsed time = 1474.90 sec. (1184181.89 ticks, tree = 19992.72 MB, solutions = 0)
Nodefile size = 17966.30 MB (5878.99 MB after compression)
 163700 71941      657.0000   830                    656.0000   754952         
 163939 71962      657.0000   829                    656.0000   755356         

Performing restart 1

Repeating presolve.
Tried aggregator 1 time.
MIP Presolve eliminated 0 rows and 1272 columns.
Reduced MIP has 9824 rows, 461200 columns, and 930869 nonzeros.
Reduced MIP has 455980 binaries, 2640 generals, 0 SOSs, and 3254 indicators.
Presolve time = 0.56 sec. (467.78 ticks)
Tried aggregator 1 time.
Reduced MIP has 9824 rows, 461200 columns, and 930869 nonzeros.
Reduced MIP has 455980 binaries, 2640 generals, 0 SOSs, and 3254 indicators.
Presolve time = 1.03 sec. (718.09 ticks)
Represolve time = 5.22 sec. (2456.31 ticks)
 164035     0      656.0000  3521                  Cuts: 2556   769070         
 164035     0      656.0000  3544                  Cuts: 2556   774242         
 164035     0      656.0000  3574                  Cuts: 2556   779398         
 164035     0      656.0000  3504                  Cuts: 2556   788644         
 164035     0      656.0000  3804                  Cuts: 2556   797885         
 164035     2      656.0000  2617                    656.0000   797885         
 164054     6      656.0000  2581                    656.0000   798207         
 164360   252      656.0000  2031                    656.0000   808569         
 164728   573      671.0000  1858                    656.0000   838337         
 165093   855      659.0000  1629                    656.0000   854090         
 165476  1143      666.0000  1593                    656.0000   863697         
 165857  1408    infeasible                          656.0000   871185         
 166311  1584      659.0000  1557                    656.0000   874029         
Elapsed time = 1741.43 sec. (1528734.49 ticks, tree = 343.63 MB, solutions = 0)
 166784  1854      659.0000  1557                    656.0000   881015         
 167019  2001    infeasible                          656.0000   883361         
 167032  1990    infeasible                          656.0000   883492         
 167033  1999    infeasible                          656.0000   883450         

GUB cover cuts applied:  9
Clique cuts applied:  1
Cover cuts applied:  75
Implied bound cuts applied:  187
Flow cuts applied:  8
Mixed integer rounding cuts applied:  378
Zero-half cuts applied:  16
Gomory fractional cuts applied:  28

Root node processing (before b&c):
  Real time             =   76.80 sec. (85413.15 ticks)
Parallel b&c, 8 threads:
  Real time             = 1723.35 sec. (1476232.41 ticks)
  Sync time (average)   =  372.98 sec.
  Wait time (average)   =    0.13 sec.
                          ------------
Total (root+branch&cut) = 1800.15 sec. (1561645.56 ticks)
! --------------------------------------------------------
! Problem is UNKNOWN
! CPLEX Status = AbortTimeLim
! --------------------------------------------------------
