! Solving for graph /home/truongxuanhieu/CPLEX-MIP-for-MinSpanLabeling/benchmarks/cabp/W-685_bus.mtx.rnd
! Target value is set to 114
! Lower bound is set to 115
! Upper bound is set to 685
! Time limit is set to 1800
! Vertices mode is set to Has hole
! Target value mode is set to Cyclic Antibandwidth
Version identifier: 22.2.0.0 | 2026-05-04 | 5dff98e58
CPXPARAM_TimeLimit                               1800
Tried aggregator 2 times.
MIP Presolve eliminated 1283 rows and 1712 columns.
MIP Presolve modified 469568 coefficients.
Aggregator did 4619 substitutions.
Reduced MIP has 9837 rows, 476067 columns, and 960597 nonzeros.
Reduced MIP has 470850 binaries, 1968 generals, 0 SOSs, and 3249 indicators.
Presolve time = 1.21 sec. (2269.70 ticks)
Probing time = 1.40 sec. (791.90 ticks)
Tried aggregator 2 times.
Detecting symmetries...
Aggregator did 28 substitutions.
Reduced MIP has 9809 rows, 476039 columns, and 960569 nonzeros.
Reduced MIP has 470850 binaries, 2625 generals, 0 SOSs, and 3249 indicators.
Presolve time = 1.11 sec. (820.18 ticks)
Probing time = 0.23 sec. (95.31 ticks)
Clique table members: 111082.
MIP emphasis: balance optimality and feasibility.
MIP search method: dynamic search.
Parallel mode: deterministic, using up to 8 threads.
Root relaxation solution time = 5.60 sec. (4800.25 ticks)

        Nodes                                         Cuts/
   Node  Left     Objective  IInf  Best Integer    Best Bound    ItCnt     Gap

      0     0      228.0000  1510                    228.0000        8         
      0     0      228.0000  2265                  Cuts: 2552     1873         
      0     0      228.0000  2322                  Cuts: 2552     4217         
      0     2      228.0000  2034                    228.0000     4217         
Elapsed time = 81.61 sec. (107237.45 ticks, tree = 0.02 MB, solutions = 0)
      5     7      228.0000  1966                    228.0000     4239         
     10     3      228.0000  2007                    228.0000     4236         
     16    12      228.0000  1936                    228.0000     4266         
     25    19      228.0000  2224                    228.0000     6993         
     49    34      228.0000  2130                    228.0000    12106         
     76    63      228.0000  2082                    228.0000    15116         
    111    90      228.0000  2045                    228.0000    15434         
    147   128      228.0000  2020                    228.0000    15722         
    168   151      228.0000  2029                    228.0000    16047         
    246   204      228.0000  2008                    228.0000    18983         
Elapsed time = 85.55 sec. (110449.20 ticks, tree = 25.59 MB, solutions = 0)
    343   312      228.0000  1984                    228.0000    29176         
    425   377      228.0000  1918                    228.0000    33170         
    497   477      343.0000  1781                    228.0000    45274         
    561   533      342.0000  1843                    228.0000    49584         
    624   576      342.0000  1757                    228.0000    51819         
    698   654      343.0000  1693                    228.0000    52789         
    752   684      342.0000  1750                    228.0000    55988         
    816   717      343.0000  1671                    228.0000    55413         
    923   830      343.0000  1703                    228.0000    58184         
   1007   875      343.0000  1624                    228.0000    58533         
Elapsed time = 100.15 sec. (120140.55 ticks, tree = 184.63 MB, solutions = 0)
   1022   976      456.0000  1618                    228.0000    60745         
   1023   935      343.0000  1597                    228.0000    59228         
   1033  1023      343.0000  1592                    228.0000    61417         
   1053  1037      343.0000  1598                    228.0000    61619         
   1093  1043      343.0000  1693                    228.0000    61776         
   1179  1074      456.0000  1572                    228.0000    63446         
   1261  1144      456.0000  1505                    228.0000    65080         
   1355  1136      457.0000  1337                    228.0000    65174         
   1440  1269      456.0000  1497                    228.0000    68299         
   1542  1281      456.0000  1482                    228.0000    68381         
Elapsed time = 131.71 sec. (137849.98 ticks, tree = 290.88 MB, solutions = 0)
   1638  1466      456.0000  1455                    228.0000    70804         
   1747  1584      343.0000  1452                    228.0000    72341         
   1881  1720      458.0000  1390                    228.0000    73707         
   2007  1770      457.0000  1354                    228.0000    74668         
   2107  1781      457.0000  1340                    228.0000    74725         
   2209  1981      457.0000  1295                    228.0000    76360         
   2299  2020      458.0000  1364                    228.0000    76701         
   2385  2267      343.0000  1339                    228.0000    79535         
   2478  2330      457.0000  1226                    228.0000    80070         
   2561  2438      457.0000  1213                    228.0000    80877         
Elapsed time = 144.68 sec. (147494.64 ticks, tree = 595.94 MB, solutions = 0)
   2650  2428      682.0000  1197                    228.0000    81721         
   2741  2579      677.0000  1195                    228.0000    85894         
   2851  2657      457.0000  1335                    228.0000    90223         
   2970  2729      457.0000  1215                    228.0000    93077         
   3067  2784      457.0000  1187                    228.0000    96334         
   3172  2838      457.0000  1232                    228.0000    99263         
   3273  2870      668.0000  1212                    228.0000   101491         
   3367  3057      457.0000  1167                    228.0000   108216         
   3455  3066      457.0000  1165                    228.0000   108993         
   3546  3166    infeasible                          228.0000   112958         
Elapsed time = 157.83 sec. (157146.76 ticks, tree = 786.31 MB, solutions = 0)
   3624  3166    infeasible                          228.0000   112983         
   3723  3298    infeasible                          228.0000   121627         
   3832  3351    infeasible                          228.0000   125183         
   3951  3428      632.0000  1174                    228.0000   127169         
   4041  3413      684.0000   933                    228.0000   125594         
   4133  3540      669.0000  1168                    228.0000   133539         
   4221  3548    infeasible                          228.0000   133912         
   4320  3625    infeasible                          228.0000   138975         
   4421  3679    infeasible                          228.0000   141258         
   4525  3688      457.0000  1163                    228.0000   141262         
Elapsed time = 169.83 sec. (166756.93 ticks, tree = 922.07 MB, solutions = 0)
   4646  3749    infeasible                          228.0000   142966         
   4768  3811    infeasible                          228.0000   143591         
   4877  3881      652.0000   901                    228.0000   145743         
   4977  3951      457.0000  1233                    228.0000   150337         
   5086  3949    infeasible                          228.0000   149472         
   5198  3999    infeasible                          228.0000   152131         
   5318  4012      457.0000  1121                    228.0000   152815         
   5427  4173      457.0000  1144                    228.0000   158711         
   5530  4172    infeasible                          228.0000   158740         
   5651  4253      457.0000  1266                    228.0000   162808         
Elapsed time = 182.65 sec. (176389.38 ticks, tree = 1069.59 MB, solutions = 0)
   5771  4269      457.0000  1156                    228.0000   163235         
   5905  4269      457.0000  1156                    228.0000   163248         
   6023  4351      457.0000  1117                    228.0000   167630         
   6127  4374      647.0000  1261                    228.0000   168592         
   6225  4495      457.0000  1251                    228.0000   175893         
   6342  4548      457.0000  1205                    228.0000   177615         
   6465  4534      457.0000  1138                    228.0000   177124         
   6561  4644      457.0000  1138                    228.0000   181525         
   6670  4637      457.0000  1250                    228.0000   180733         
   6769  4698      655.0000  1201                    228.0000   183678         
Elapsed time = 195.60 sec. (186016.15 ticks, tree = 1183.38 MB, solutions = 0)
   6904  4763    infeasible                          228.0000   184960         
   7026  4818      457.0000  1201                    228.0000   187972         
   7130  4846      640.0000  1231                    228.0000   189088         
   7244  4915      458.0000   909                    228.0000   191604         
   7343  4949      457.0000  1201                    228.0000   193606         
   7458  4976    infeasible                          228.0000   194915         
   7579  4989    infeasible                          228.0000   196176         
   7703  5077      457.0000  1124                    228.0000   199497         
   7840  5077      457.0000  1124                    228.0000   199510         
   7978  5077      457.0000  1124                    228.0000   199523         
Elapsed time = 207.55 sec. (195630.35 ticks, tree = 1280.02 MB, solutions = 0)
   8118  5132    infeasible                          228.0000   202292         
   8250  5142      457.0000  1201                    228.0000   203116         
   8385  5171      633.0000  1148                    228.0000   204465         
   8523  5236      457.0000  1138                    228.0000   208486         
   8654  5211      589.0000  1109                    228.0000   207318         
   8778  5331      457.0000  1068                    228.0000   212660         
   8910  5357      457.0000  1148                    228.0000   214060         
   9046  5347      457.0000  1092                    228.0000   213738         
   9183  5361      457.0000  1197                    228.0000   214136         
   9795  5542      457.0000  1187                    228.0000   219569         
Elapsed time = 220.88 sec. (208073.28 ticks, tree = 1395.93 MB, solutions = 0)
  10321  5600    infeasible                          228.0000   222430         
  10840  5767    infeasible                          228.0000   230262         
  11445  5867      457.0000  1090                    228.0000   233351         
  12025  5954      457.0000  1115                    228.0000   235868         
  12569  6151      457.0000  1120                    228.0000   240362         
  13173  6405      457.0000  1156                    228.0000   242612         
  13807  6520      457.0000  1065                    228.0000   244479         
  14388  6580    infeasible                          228.0000   245272         
  14928  6689      457.0000  1142                    228.0000   246235         
  15596  6724    infeasible                          228.0000   247012         
Elapsed time = 263.86 sec. (246273.02 ticks, tree = 1687.27 MB, solutions = 0)
  16273  6785    infeasible                          228.0000   248036         
  16844  6800      457.0000  1151                    228.0000   248711         
  17411  6891      457.0000  1151                    228.0000   249586         
  18065  6993      457.0000  1065                    228.0000   250670         
  18737  7165    infeasible                          228.0000   251624         
  19241  7216      457.0000  1070                    228.0000   252469         
  19776  7406      458.0000   830                    228.0000   255270         
  20307  7457    infeasible                          228.0000   256131         
  20834  7546      457.0000  1113                    228.0000   258688         
  21439  7606    infeasible                          228.0000   261556         
Elapsed time = 307.84 sec. (284467.47 ticks, tree = 1898.52 MB, solutions = 0)
  21978  7737      457.0000  1071                    228.0000   267682         
  22484  7736      457.0000  1094                    228.0000   267646         
  23051  7804    infeasible                          228.0000   270815         
  23743  7836    infeasible                          228.0000   271989         
  24375  7897      457.0000  1062                    228.0000   274696         
  24937  7960      457.0000  1078                    228.0000   275618         
  25463  7958      457.0000  1013                    228.0000   275762         
  25971  7971      458.0000  1048                    228.0000   276593         
  26634  7984      458.0000   826                    228.0000   277332         
  27396  7991      457.0000  1052                    228.0000   277680         
Elapsed time = 356.43 sec. (322691.16 ticks, tree = 1976.73 MB, solutions = 0)
  27987  7989    infeasible                          228.0000   278006         
  28507  8046      457.0000  1013                    228.0000   278760         
  28998  8079      457.0000  1055                    228.0000   279373         
  29500  8295      343.0000  1659                    228.0000   286739         
  30147  8597      342.0000  1513                    228.0000   296972         
  30754  8710      457.0000   977                    228.0000   297295         
  31332  8867      342.0000  1844                    228.0000   312201         
  31885  9125      478.0000  1008                    228.0000   319009         
  32364  9171      343.0000  1674                    228.0000   320005         
  32917  9337      458.0000   781                    228.0000   323279         
Elapsed time = 404.19 sec. (360900.65 ticks, tree = 2309.51 MB, solutions = 0)
Nodefile size = 230.87 MB (71.25 MB after compression)
  33556  9530      456.0000  1616                    228.0000   327247         
  34188  9741    infeasible                          228.0000   328569         
  34702 10152      343.0000  1816                    228.0000   343158         
  35221 10169    infeasible                          228.0000   343017         
  35814 10468      342.0000  1753                    228.0000   359858         
  36342 10761      343.0000  1696                    228.0000   363432         
  36977 10799      457.0000  1459                    228.0000   365100         
  37604 11220      456.0000  1259                    228.0000   369754         
  38210 11287      343.0000  1762                    228.0000   373655         
  38818 11622    infeasible                          228.0000   374549         
Elapsed time = 444.92 sec. (399116.16 ticks, tree = 2900.61 MB, solutions = 0)
Nodefile size = 819.11 MB (254.24 MB after compression)
  39481 11793    infeasible                          228.0000   389023         
  40174 11855    infeasible                          228.0000   394391         
  40836 11883      457.0000  1389                    228.0000   395653         
  41540 12118      456.0000  1129                    228.0000   397260         
  42153 12179      456.0000  1090                    228.0000   397354         
  42678 12161      343.0000  1663                    228.0000   397973         
  43210 12354      456.0000  1064                    228.0000   400909         
  43770 12635    infeasible                          228.0000   415017         
  44331 12709    infeasible                          228.0000   421425         
  44902 12771    infeasible                          228.0000   423649         
Elapsed time = 485.40 sec. (437310.40 ticks, tree = 3193.19 MB, solutions = 0)
Nodefile size = 1112.99 MB (345.94 MB after compression)
  45553 12816      456.0000  1014                    228.0000   423130         
  46147 13013    infeasible                          228.0000   430282         
  46715 13228      343.0000  1198                    228.0000   442561         
  47232 13263      621.0000  1161                    228.0000   447810         
  47755 13309      457.0000  1354                    228.0000   440824         
  48263 13597      343.0000  1716                    228.0000   452005         
  48814 13774      343.0000  1649                    228.0000   452847         
  49424 14025      343.0000  1362                    228.0000   463498         
  49954 14241      343.0000  1779                    228.0000   468101         
  50471 14677    infeasible                          228.0000   491810         
Elapsed time = 526.01 sec. (475514.54 ticks, tree = 3704.83 MB, solutions = 0)
Nodefile size = 1625.06 MB (504.05 MB after compression)
  51019 14937      342.0000  1855                    228.0000   494240         
  51565 14979    infeasible                          228.0000   494522         
  52092 15128      457.0000  1337                    228.0000   502482         
  52581 15383      343.0000  1738                    228.0000   517183         
  53180 15558    infeasible                          228.0000   516413         
  53777 15939    infeasible                          228.0000   539899         
  54314 15940      456.0000   967                    228.0000   539949         
  54818 16455      343.0000  1651                    228.0000   551582         
  55369 16405    infeasible                          228.0000   551399         
  55930 16612    infeasible                          228.0000   559021         
Elapsed time = 568.31 sec. (513713.53 ticks, tree = 4224.63 MB, solutions = 0)
Nodefile size = 2144.56 MB (665.87 MB after compression)
  56447 16800      343.0000  1143                    228.0000   564025         
  57065 17411      343.0000  1592                    228.0000   578024         
  57726 17481      343.0000  1413                    228.0000   578223         
  58235 17567      457.0000  1255                    228.0000   581421         
  58726 17783    infeasible                          228.0000   595715         
  59364 17866    infeasible                          228.0000   600519         
  59895 18036      342.0000  1856                    228.0000   607663         
  60482 17987      457.0000  1255                    228.0000   604137         
  61102 18349      456.0000  1398                    228.0000   618033         
  61728 18438    infeasible                          228.0000   619151         
Elapsed time = 610.70 sec. (551922.68 ticks, tree = 4715.16 MB, solutions = 0)
Nodefile size = 2634.11 MB (817.97 MB after compression)
  62316 18923      399.0000  1672                    228.0000   632314         
  62941 18979    infeasible                          228.0000   635176         
  63416 18989      457.0000  1165                    228.0000   635372         
  63975 19344      342.0000  1979                    228.0000   637963         
  64545 19670      342.0000  1909                    228.0000   652233         
  65103 19796      457.0000  1230                    228.0000   650198         
  65817 20087      343.0000  1538                    228.0000   660140         
  66422 20062      457.0000  1145                    228.0000   660517         
  66906 20069      456.0000   904                    228.0000   660663         
  67410 20703      342.0000  1848                    228.0000   674937         
Elapsed time = 651.30 sec. (590106.12 ticks, tree = 5322.23 MB, solutions = 0)
Nodefile size = 3241.03 MB (1011.46 MB after compression)
  67913 20630      343.0000   915                    228.0000   667852         
  68396 21109    infeasible                          228.0000   690245         
  68983 21282      457.0000  1141                    228.0000   692672         
  69635 21168    infeasible                          228.0000   692722         
  70271 21551      344.0000  1672                    228.0000   703500         
  70917 21797      343.0000   916                    228.0000   708549         
  71455 22058      343.0000  1868                    228.0000   716868         
  71933 22052    infeasible                          228.0000   717262         
  72428 22169      342.0000  1875                    228.0000   723949         
  72958 22315    infeasible                          228.0000   729756         
Elapsed time = 693.02 sec. (628283.38 ticks, tree = 5753.84 MB, solutions = 0)
Nodefile size = 3672.09 MB (1151.61 MB after compression)
  73542 22616      343.0000   910                    228.0000   732794         
  74192 22514    infeasible                          228.0000   732699         
  74864 22869      456.0000   872                    228.0000   740841         
  75441 23363      456.0000   872                    228.0000   748611         
  76060 23472    infeasible                          228.0000   751333         
  76684 23508      457.0000  1132                    228.0000   757792         
  77240 23728      456.0000  1642                    228.0000   762816         
  77751 23896      457.0000  1132                    228.0000   764764         
  78386 24163      343.0000  1613                    228.0000   778998         
  78987 24239      343.0000   906                    228.0000   781756         
Elapsed time = 733.66 sec. (666472.11 ticks, tree = 6274.35 MB, solutions = 0)
Nodefile size = 4192.29 MB (1315.78 MB after compression)
  79666 24135      457.0000  1122                    228.0000   778974         
  80361 24637    infeasible                          228.0000   784875         
  80943 25061    infeasible                          228.0000   793336         
  81491 25116    infeasible                          228.0000   796100         
  82033 25124      343.0000   908                    228.0000   796454         
  82621 25258    infeasible                          228.0000   808249         
  83215 25267    infeasible                          228.0000   808559         
  83307 25521    infeasible                          228.0000   812865         
  83311 25521    infeasible                          228.0000   812524         
  83320 25755    infeasible                          228.0000   814950         
Elapsed time = 842.62 sec. (729087.36 ticks, tree = 6686.47 MB, solutions = 0)
Nodefile size = 4604.22 MB (1445.45 MB after compression)
  83321 25759    infeasible                          228.0000   814965         
  83404 25770      342.0000  1914                    228.0000   824206         
  83677 25804    infeasible                          228.0000   830069         
  84048 25914      228.0000  2035                    228.0000   857097         
  84417 26021      456.0000  1573                    228.0000   883741         
  84857 26089      570.0000  1562                    228.0000   887088         
  85283 26145      570.0000  1575                    228.0000   887462         
  85722 26799    infeasible                          228.0000   903374         
  86226 27194    infeasible                          228.0000   904910         
  86720 27469      343.0000  1918                    228.0000   913255         
Elapsed time = 905.54 sec. (767878.59 ticks, tree = 7152.80 MB, solutions = 0)
Nodefile size = 5065.48 MB (1591.75 MB after compression)
  87277 27464      228.0000  2073                    228.0000   911677         
  87879 27666      570.0000  1536                    228.0000   918989         
  88492 27824      456.0000  1073                    228.0000   920574         
  89051 28196      457.0000  1486                    228.0000   928817         
  89612 28354      343.0000  1569                    228.0000   934067         
  90139 29080    infeasible                          228.0000   938807         
  90657 28826    infeasible                          228.0000   938157         
  91225 29415      343.0000  1127                    228.0000   959301         
  91826 29476      342.0000  1886                    228.0000   962924         
  92414 29543      342.0000  1916                    228.0000   971838         
Elapsed time = 948.14 sec. (806083.84 ticks, tree = 7720.33 MB, solutions = 0)
Nodefile size = 5633.01 MB (1772.99 MB after compression)
  93010 29605      343.0000  1783                    228.0000   972209         
  93573 29660    infeasible                          228.0000   969893         
  94125 29852    infeasible                          228.0000   977786         
  94685 30778      343.0000  1547                    228.0000  1006021         
  95180 30667      343.0000   992                    228.0000  1010222         
  95695 30924      343.0000  1778                    228.0000  1011061         
  96298 31116      570.0000  1201                    228.0000  1013679         
  96797 31435      342.0000  1914                    228.0000  1025827         
  97424 31859      457.0000  1478                    228.0000  1040599         
  97940 32028      343.0000  1782                    228.0000  1048694         
Elapsed time = 992.98 sec. (844316.50 ticks, tree = 8399.71 MB, solutions = 0)
Nodefile size = 6301.94 MB (1986.77 MB after compression)
  98519 32223      228.0000  2036                    228.0000  1050954         
  99023 32738      342.0000  1987                    228.0000  1073694         
  99527 32948      496.0000   936                    228.0000  1087003         
 100034 33237      342.0000  1903                    228.0000  1086600         
 100626 33213    infeasible                          228.0000  1092078         
 101142 33689      456.0000  1562                    228.0000  1107813         
 101685 33895      457.0000  1654                    228.0000  1115684         
 102264 34226      456.0000  1550                    228.0000  1136188         
 102867 34094      342.0000  1633                    228.0000  1123200         
 103414 34736      343.0000  1827                    228.0000  1149336         
Elapsed time = 1032.58 sec. (882515.93 ticks, tree = 9142.40 MB, solutions = 0)
Nodefile size = 7037.65 MB (2222.09 MB after compression)
 103947 34635      342.0000  1915                    228.0000  1151027         
 104399 35411    infeasible                          228.0000  1174185         
 104944 35409      343.0000   987                    228.0000  1174341         
 105452 35536    infeasible                          228.0000  1181333         
 106017 35533      456.0000  1746                    228.0000  1185749         
 106555 35971      570.0000  1189                    228.0000  1199346         
 107117 35787      456.0000   855                    228.0000  1189670         
 107639 36718      570.0000  1185                    228.0000  1215126         
 108190 36911      343.0000  1850                    228.0000  1217443         
 108743 37318      342.0000  1917                    228.0000  1229069         
Elapsed time = 1075.20 sec. (920720.09 ticks, tree = 9789.43 MB, solutions = 0)
Nodefile size = 7675.45 MB (2414.57 MB after compression)
 109272 37421      342.0000  1901                    228.0000  1226587         
 109823 37703    infeasible                          228.0000  1239175         
 110299 38142    infeasible                          228.0000  1249142         
 110894 38290      343.0000  1647                    228.0000  1254123         
 111472 38398      570.0000  1185                    228.0000  1259832         
 112041 38510      342.0000  1937                    228.0000  1261405         
 112638 39077      348.0000  1948                    228.0000  1265372         
 113228 39034      228.0000  2055                    228.0000  1263605         
 113673 39657      343.0000  1453                    228.0000  1283825         
 114196 39653      457.0000  1584                    228.0000  1281253         
Elapsed time = 1122.94 sec. (958902.32 ticks, tree = 10356.33 MB, solutions = 0)
Nodefile size = 8275.22 MB (2591.07 MB after compression)
 114659 39900      342.0000  1999                    228.0000  1287520         
 115198 39867      457.0000  1518                    228.0000  1291501         
 115798 40200      343.0000  1595                    228.0000  1299634         
 116400 40478      343.0000  1323                    228.0000  1304073         
 116980 40935    infeasible                          228.0000  1309301         
 117522 40956      343.0000  1878                    228.0000  1309429         
 118060 41161      570.0000  1291                    228.0000  1315370         
 118601 41437      343.0000  1893                    228.0000  1323191         
 119194 41289    infeasible                          228.0000  1321549         
 119669 41390    infeasible                          228.0000  1327969         
Elapsed time = 1171.92 sec. (997120.66 ticks, tree = 10784.81 MB, solutions = 0)
Nodefile size = 8703.36 MB (2714.84 MB after compression)
 120236 41634    infeasible                          228.0000  1334346         
 120775 41961      343.0000  1696                    228.0000  1340931         
 121383 42309      342.0000  1814                    228.0000  1347537         
 121944 42127    infeasible                          228.0000  1345787         
 122465 42220      456.0000   853                    228.0000  1347770         
 122972 42519      343.0000  1288                    228.0000  1358102         
 123458 42746      342.0000  1864                    228.0000  1368423         
 124008 42877      457.0000  1612                    228.0000  1369031         
 124588 43158      457.0000  1557                    228.0000  1377559         
 125139 43148      570.0000  1279                    228.0000  1378193         
Elapsed time = 1219.28 sec. (1035332.44 ticks, tree = 11245.51 MB, solutions = 0)
Nodefile size = 9163.43 MB (2843.41 MB after compression)
 125660 43333    infeasible                          228.0000  1380028         
 126216 43922      456.0000   853                    228.0000  1389412         
 126682 44417      343.0000  1226                    228.0000  1397569         
 127247 44623      344.0000  1916                    228.0000  1399591         
 127769 44705    infeasible                          228.0000  1408788         
 128297 44874      343.0000  1222                    228.0000  1409825         
 128926 45202      343.0000  1824                    228.0000  1412909         
 129479 45580      343.0000  1145                    228.0000  1416101         
 130071 45571      456.0000  1642                    228.0000  1421629         
 130632 46149      570.0000  1208                    228.0000  1425698         
Elapsed time = 1266.88 sec. (1073554.77 ticks, tree = 12053.84 MB, solutions = 0)
Nodefile size = 9971.16 MB (3088.71 MB after compression)
 131240 46115    infeasible                          228.0000  1425755         
 131737 46604      344.0000  1420                    228.0000  1429731         
 132346 46717      342.0000  1968                    228.0000  1431762         
 132878 47058    infeasible                          228.0000  1440653         
 133399 47058    infeasible                          228.0000  1440755         
 133928 47215      570.0000  1207                    228.0000  1444859         
 134479 47511      456.0000  1594                    228.0000  1451035         
 135015 47507      342.0000  1737                    228.0000  1451058         
 135579 47706      456.0000  1288                    228.0000  1456079         
 136147 48115      456.0000  1658                    228.0000  1467887         
Elapsed time = 1311.27 sec. (1111769.08 ticks, tree = 12578.30 MB, solutions = 0)
Nodefile size = 10494.52 MB (3248.64 MB after compression)
 136617 48330      457.0000  1667                    228.0000  1471798         
 137143 48419    infeasible                          228.0000  1474585         
 137630 48597      343.0000  1855                    228.0000  1474662         
 138121 48806    infeasible                          228.0000  1482204         
 138643 48855      342.0000  1797                    228.0000  1486991         
 139245 48864      343.0000  1127                    228.0000  1490835         
 139850 48932      456.0000  1661                    228.0000  1495462         
 140417 49385      457.0000  1529                    228.0000  1502679         
 141037 49312      456.0000  1408                    228.0000  1499925         
 141469 49848    infeasible                          228.0000  1509617         
Elapsed time = 1355.14 sec. (1149961.37 ticks, tree = 12992.13 MB, solutions = 0)
Nodefile size = 10909.17 MB (3375.73 MB after compression)
 142027 49713      342.0000  1874                    228.0000  1510202         
 142668 50395      457.0000  1618                    228.0000  1519193         
 143256 50442      342.0000  1901                    228.0000  1521060         
 143827 50392    infeasible                          228.0000  1519583         
 144368 50818      570.0000  1047                    228.0000  1526396         
 144969 50914      343.0000  1127                    228.0000  1531767         
 145457 51295      342.0000  1584                    228.0000  1536970         
 146069 51758      342.0000  1881                    228.0000  1545332         
 146659 51994      342.0000  1842                    228.0000  1546990         
 147205 52198      570.0000  1122                    228.0000  1549564         
Elapsed time = 1400.68 sec. (1188145.62 ticks, tree = 13582.51 MB, solutions = 0)
Nodefile size = 11499.34 MB (3556.24 MB after compression)
 147693 52350    infeasible                          228.0000  1554222         
 148140 52452      343.0000  1128                    228.0000  1554993         
 148705 52778      343.0000  1922                    228.0000  1562324         
 149249 52854    infeasible                          228.0000  1565645         
 149822 52837    infeasible                          228.0000  1565128         
 150415 53402      409.0000  1682                    228.0000  1580186         
 151015 53543      570.0000  1109                    228.0000  1585877         
 151664 53891      342.0000  1982                    228.0000  1588649         
 152289 54119    infeasible                          228.0000  1594187         
 152828 54555      457.0000  1646                    228.0000  1604367         
Elapsed time = 1443.23 sec. (1226337.68 ticks, tree = 14169.37 MB, solutions = 0)
Nodefile size = 12076.92 MB (3720.40 MB after compression)
 153290 54782    infeasible                          228.0000  1604057         
 153780 54752      343.0000  1128                    228.0000  1603160         
 154265 54950      344.0000  1954                    228.0000  1614637         
 154781 55238      343.0000  1780                    228.0000  1628606         
 155341 55138      570.0000  1023                    228.0000  1623083         
 155946 55540    infeasible                          228.0000  1639804         
 156579 55995      457.0000  1518                    228.0000  1648188         
 157155 56180      458.0000  1609                    228.0000  1651068         
 157740 56103      570.0000  1011                    228.0000  1652913         
 158352 56482      458.0000  1713                    228.0000  1656926         
Elapsed time = 1489.30 sec. (1264565.78 ticks, tree = 14664.28 MB, solutions = 0)
Nodefile size = 12527.66 MB (3852.15 MB after compression)
 158879 56828      342.0000  1888                    228.0000  1660920         
 159359 56828      342.0000  1888                    228.0000  1661010         
 159923 57338      456.0000   853                    228.0000  1669665         
 160509 57438    infeasible                          228.0000  1675719         
 161103 57661      342.0000  1826                    228.0000  1683156         
 161836 58000      342.0000  1945                    228.0000  1685384         
 162377 58134    infeasible                          228.0000  1693058         
 162959 58135      570.0000  1086                    228.0000  1693125         
 163549 58414      342.0000  1936                    228.0000  1698096         
 164106 58965      342.0000  1975                    228.0000  1710959         
Elapsed time = 1533.37 sec. (1302762.79 ticks, tree = 15253.90 MB, solutions = 0)
Nodefile size = 13160.17 MB (4015.28 MB after compression)
 164706 59146      343.0000  1685                    228.0000  1713428         
 165288 59129      570.0000  1086                    228.0000  1713526         
 165853 59192    infeasible                          228.0000  1713729         
 166420 59857    infeasible                          228.0000  1727766         
 167045 60120      457.0000  1327                    228.0000  1730085         
 167627 60370      355.0000  1943                    228.0000  1737183         
 168224 60888      355.0000  1953                    228.0000  1744535         
 168732 60932    infeasible                          228.0000  1749132         
 169239 60933      343.0000  1917                    228.0000  1747808         
 169751 61104      343.0000  1915                    228.0000  1754355         
Elapsed time = 1576.41 sec. (1340986.71 ticks, tree = 15776.44 MB, solutions = 0)
Nodefile size = 13689.58 MB (4160.45 MB after compression)
 170304 61208      570.0000  1073                    228.0000  1759851         
 170934 61374      343.0000  1642                    228.0000  1769387         
 171521 61527    infeasible                          228.0000  1774449         
 172093 61527    infeasible                          228.0000  1774491         
 172604 61839      342.0000  1947                    228.0000  1779221         
 173120 62040      379.0000  1851                    228.0000  1788910         
 173673 62238      352.0000  1960                    228.0000  1790237         
 174259 62583    infeasible                          228.0000  1795062         
 174834 62350    infeasible                          228.0000  1792852         
 175389 63074    infeasible                          228.0000  1810712         
Elapsed time = 1623.33 sec. (1379187.85 ticks, tree = 16279.53 MB, solutions = 0)
Nodefile size = 14191.59 MB (4306.75 MB after compression)
 176023 62888    infeasible                          228.0000  1801461         
 176597 63075      456.0000   854                    228.0000  1810811         
 177227 63739      228.0000  2144                    228.0000  1820512         
 177925 63708      457.0000  1657                    228.0000  1821617         
 178495 63889      570.0000   858                    228.0000  1823572         
 179060 64277    infeasible                          228.0000  1828104         
 179644 64622      342.0000  1987                    228.0000  1838192         
 180216 64800      342.0000  2070                    228.0000  1848012         
 180856 64793      570.0000  1054                    228.0000  1843944         
 181507 64812      571.0000   842                    228.0000  1844271         
Elapsed time = 1665.10 sec. (1417390.84 ticks, tree = 16723.81 MB, solutions = 0)
Nodefile size = 14633.37 MB (4435.75 MB after compression)
 182097 65415      343.0000  1137                    228.0000  1858017         
 182657 65419    infeasible                          228.0000  1858301         
 183216 65988    infeasible                          228.0000  1871333         
 183778 65993      228.0000  2115                    228.0000  1871525         
 184343 66221      343.0000  1899                    228.0000  1880326         
 184919 66431      456.0000   855                    228.0000  1887301         
 185447 66206    infeasible                          228.0000  1879580         
 185922 66431      456.0000   855                    228.0000  1887431         
 186543 66761      342.0000  1728                    228.0000  1898576         
 187136 66976      570.0000  1055                    228.0000  1904031         
Elapsed time = 1709.07 sec. (1455636.24 ticks, tree = 17271.33 MB, solutions = 0)
Nodefile size = 15182.04 MB (4594.84 MB after compression)
 187680 67250    infeasible                          228.0000  1908927         
 188252 67400    infeasible                          228.0000  1911560         
 188747 67617      456.0000   855                    228.0000  1918892         
 189262 67616      445.0000  1813                    228.0000  1917615         
 189899 67851      445.0000  1816                    228.0000  1927555         
 190478 68018      343.0000  1863                    228.0000  1932096         
 191038 67968      456.0000   854                    228.0000  1929865         
 191664 68627      343.0000  1471                    228.0000  1942439         
 192252 68759      343.0000  1125                    228.0000  1944421         
 192807 69171      343.0000  1608                    228.0000  1954423         
Elapsed time = 1750.36 sec. (1493840.16 ticks, tree = 17812.57 MB, solutions = 0)
Nodefile size = 15721.00 MB (4733.45 MB after compression)
 193462 69029      456.0000   850                    228.0000  1951027         
 193985 69498      456.0000   850                    228.0000  1959168         
 194594 69511    infeasible                          228.0000  1958717         
 195109 69895      672.0000  1007                    228.0000  1965970         
 195693 69965    infeasible                          228.0000  1966485         
 196272 70088      388.0000  1687                    228.0000  1968664         
 196856 70733      342.0000  2027                    228.0000  1977980         
 197473 70579      456.0000   829                    228.0000  1974884         
 197996 71057      672.0000   994                    228.0000  1984745         
 198538 70893    infeasible                          228.0000  1978961         
Elapsed time = 1790.59 sec. (1532062.65 ticks, tree = 18256.51 MB, solutions = 0)
Nodefile size = 16162.54 MB (4866.54 MB after compression)
 199061 71619      342.0000  1981                    228.0000  1994971         
 199517 71587    infeasible                          228.0000  1997460         

Cover cuts applied:  498
Implied bound cuts applied:  3426
Mixed integer rounding cuts applied:  302
Zero-half cuts applied:  121
Gomory fractional cuts applied:  61

Root node processing (before b&c):
  Real time             =   81.06 sec. (106896.41 ticks)
Parallel b&c, 8 threads:
  Real time             = 1721.06 sec. (1436125.26 ticks)
  Sync time (average)   =  435.99 sec.
  Wait time (average)   =    0.00 sec.
                          ------------
Total (root+branch&cut) = 1802.12 sec. (1543021.67 ticks)
! --------------------------------------------------------
! Problem is UNKNOWN
! CPLEX Status = AbortTimeLim
! --------------------------------------------------------
