! Solving for graph /home/truongxuanhieu/CPLEX-MIP-for-MinSpanLabeling/benchmarks/cabp/X-can__715.mtx.rnd
! Target value is set to 101
! Lower bound is set to 102
! Upper bound is set to 715
! Time limit is set to 1800
! Vertices mode is set to Has hole
! Target value mode is set to Cyclic Antibandwidth
Version identifier: 22.2.0.0 | 2026-05-04 | 5dff98e58
CPXPARAM_TimeLimit                               1800
Tried aggregator 2 times.
MIP Presolve eliminated 2976 rows and 1787 columns.
MIP Presolve modified 511583 coefficients.
Aggregator did 8095 substitutions.
Reduced MIP has 18452 rows, 524914 columns, and 1066846 nonzeros.
Reduced MIP has 514558 binaries, 3691 generals, 0 SOSs, and 6665 indicators.
Presolve time = 2.22 sec. (3425.33 ticks)
Probing time = 2.17 sec. (892.08 ticks)
Tried aggregator 2 times.
Detecting symmetries...
Aggregator did 3 substitutions.
Reduced MIP has 18449 rows, 524911 columns, and 1066843 nonzeros.
Reduced MIP has 514558 binaries, 4403 generals, 0 SOSs, and 6665 indicators.
Presolve time = 2.32 sec. (928.52 ticks)
Probing time = 0.46 sec. (114.41 ticks)
Clique table members: 120719.
MIP emphasis: balance optimality and feasibility.
MIP search method: dynamic search.
Parallel mode: deterministic, using up to 8 threads.
Root relaxation solution time = 2.27 sec. (916.04 ticks)

        Nodes                                         Cuts/
   Node  Left     Objective  IInf  Best Integer    Best Bound    ItCnt     Gap

      0     0      202.0000  2088                    202.0000     2990         
      0     0      202.0000  4505                  Cuts: 4712     5545         
      0     0      202.0000  4501                  Cuts: 4712     6378         
      0     0      202.0000  5280                  Cuts: 3105     8209         
      0     2      202.0000  5280                    202.0000     8209         
Elapsed time = 123.19 sec. (100866.80 ticks, tree = 0.02 MB, solutions = 0)
      4     6      202.0000  5107                    202.0000     8409         
      8    10      202.0000  4847                    202.0000     8498         
     10     6      202.0000  5086                    202.0000     8548         
     19    14      202.0000  4780                    202.0000     9055         
     24    18      202.0000  5190                    202.0000    11972         
     33    28      202.0000  5017                    202.0000    16227         
     40    31      202.0000  4993                    202.0000    16568         
     45    33      202.0000  5107                    202.0000    19831         
     52    47      202.0000  5125                    202.0000    21589         
     69    64      202.0000  4713                    202.0000    22418         
Elapsed time = 130.91 sec. (104549.85 ticks, tree = 8.99 MB, solutions = 0)
     79    80      253.0000  4544                    202.0000    31717         
    111    90      253.0000  4116                    202.0000    34521         
    172   121      253.0000  4017                    202.0000    41314         
    231   211      253.0000  4256                    202.0000    47857         
    303   261      303.0000  3539                    202.0000    53183         
    374   320      253.0000  3823                    202.0000    59715         
    442   336      303.0000  3458                    202.0000    61292         
    502   449      303.0000  4159                    202.0000    74154         
    550   503      303.0000  3463                    202.0000    79600         
    603   554      303.0000  3450                    202.0000    85963         
Elapsed time = 155.23 sec. (115130.88 ticks, tree = 153.98 MB, solutions = 0)
    662   616      303.0000  3345                    202.0000    91060         
    695   635      303.0000  3389                    202.0000    94049         
    763   648      304.0000  3313                    202.0000    94378         
    817   699      304.0000  3274                    202.0000    97523         
    865   731      304.0000  3233                    202.0000   102686         
    932   820      404.0000  3272                    202.0000   110729         
   1002   828      456.0000  3162                    202.0000   111060         
   1067   969      707.0000  2965                    202.0000   119400         
   1140  1032      405.0000  3284                    202.0000   121632         
   1204  1045      304.0000  3083                    202.0000   122500         
Elapsed time = 175.35 sec. (124834.41 ticks, tree = 328.81 MB, solutions = 0)
   1265  1104      404.0000  3121                    202.0000   125849         
   1323  1106      404.0000  3108                    202.0000   125862         
   1391  1259      405.0000  3153                    202.0000   131015         
   1457  1330      606.0000  2886                    202.0000   133796         
   1539  1434      405.0000  2874                    202.0000   136159         
   1616  1485      707.0000  2844                    202.0000   138520         
   1690  1596      607.0000  2700                    202.0000   141822         
   1771  1676      506.0000  2844                    202.0000   143574         
   1841  1719      405.0000  2786                    202.0000   145245         
   1910  1794      607.0000  2748                    202.0000   147136         
Elapsed time = 195.13 sec. (134501.18 ticks, tree = 608.84 MB, solutions = 0)
   1979  1767      640.0000  2693                    202.0000   146473         
   2038  1871      506.0000  2760                    202.0000   149435         
   2117  1908      607.0000  2640                    202.0000   149842         
   2195  2079      506.0000  2811                    202.0000   153834         
   2276  2091      506.0000  2718                    202.0000   154069         
   2361  2187      506.0000  2712                    202.0000   156946         
   2427  2252      607.0000  2498                    202.0000   158515         
   2493  2344      607.0000  2494                    202.0000   160905         
   2564  2461      506.0000  2544                    202.0000   163711         
   2640  2474      506.0000  2517                    202.0000   163895         
Elapsed time = 215.04 sec. (144098.45 ticks, tree = 864.26 MB, solutions = 0)
   2720  2492    infeasible                          202.0000   164321         
   2799  2539      607.0000  2329                    202.0000   165689         
   2861  2765      405.0000  2410                    202.0000   170503         
   2942  2765      607.0000  2543                    202.0000   170300         
   3027  2820      708.0000  2322                    202.0000   171356         
   3120  2961      708.0000  2251                    202.0000   174211         
   3191  2930      506.0000  2295                    202.0000   173323         
   3259  3087      708.0000  2393                    202.0000   177732         
   3330  3140      708.0000  2213                    202.0000   178058         
   3405  3227      708.0000  2272                    202.0000   185145         
Elapsed time = 235.04 sec. (153747.86 ticks, tree = 1147.15 MB, solutions = 0)
   3487  3238      708.0000  2227                    202.0000   185240         
   3555  3388      708.0000  2129                    202.0000   193991         
   3617  3326      557.0000  2393                    202.0000   192973         
   3686  3483      708.0000  2167                    202.0000   199723         
   3756  3522      607.0000  2116                    202.0000   201632         
   3829  3572      405.0000  3290                    202.0000   211358         
   3918  3608      304.0000  3429                    202.0000   211796         
   4011  3790      708.0000  2103                    202.0000   217878         
   4094  3799      708.0000  2098                    202.0000   217968         
   4167  3889      304.0000  3236                    202.0000   221482         
Elapsed time = 256.31 sec. (163425.81 ticks, tree = 1397.31 MB, solutions = 0)
   4246  4091      304.0000  3243                    202.0000   224980         
   4301  4111      707.0000  2059                    202.0000   225154         
   4383  4140      405.0000  3071                    202.0000   226175         
   4460  4167      708.0000  2014                    202.0000   226403         
   4538  4282      708.0000  1951                    202.0000   228845         
   4602  4363      404.0000  3197                    202.0000   232408         
   4685  4350      303.0000  3757                    202.0000   234193         
   4724  4439      405.0000  2959                    202.0000   235719         
   4727  4473    infeasible                          202.0000   234626         
   4730  4470      708.0000  2122                    202.0000   235380         
Elapsed time = 280.87 sec. (173420.11 ticks, tree = 1616.11 MB, solutions = 0)
   4735  4607    infeasible                          202.0000   242249         
   4736  4634    infeasible                          202.0000   245774         
   4744  4638      708.0000  2048                    202.0000   247298         
   4783  4648      303.0000  3739                    202.0000   249842         
   4824  4658      304.0000  3579                    202.0000   253042         
   4871  4671      304.0000  3546                    202.0000   253599         
   4915  4709      405.0000  2748                    202.0000   254056         
   4956  4786      304.0000  3506                    202.0000   257295         
   4993  4852      708.0000  1933                    202.0000   258784         
   5030  4861      708.0000  1931                    202.0000   258926         
Elapsed time = 364.97 sec. (202022.52 ticks, tree = 1768.77 MB, solutions = 0)
   5068  4856      303.0000  3939                    202.0000   262000         
   5118  4923      404.0000  3206                    202.0000   263375         
   5161  4905      404.0000  3141                    202.0000   263967         
   5204  5015      304.0000  3519                    202.0000   269591         
   5243  5051      405.0000  2962                    202.0000   271233         
   5291  5040      304.0000  3402                    202.0000   270500         
   5341  5076      303.0000  3604                    202.0000   275864         
   5379  5159      438.0000  2974                    202.0000   275582         
   5420  5204      405.0000  2837                    202.0000   277812         
   5647  5318      506.0000  2686                    202.0000   283380         
Elapsed time = 392.53 sec. (214590.28 ticks, tree = 1942.43 MB, solutions = 0)
   5921  5531      506.0000  2639                    202.0000   290742         
   6211  5823      405.0000  2902                    202.0000   297339         
   6524  6232      506.0000  2572                    202.0000   303784         
   6849  6470      607.0000  1914                    202.0000   307897         
   7114  6656      506.0000  2440                    202.0000   311227         
   7443  6901      506.0000  2169                    202.0000   314357         
   7817  7399      405.0000  2500                    202.0000   321986         
   8331  7515      506.0000  2222                    202.0000   323562         
   8712  7904      607.0000  1735                    202.0000   349902         
   9070  7980      506.0000  1979                    202.0000   350245         
Elapsed time = 470.61 sec. (252878.29 ticks, tree = 2950.48 MB, solutions = 0)
Nodefile size = 878.41 MB (359.02 MB after compression)
   9438  8256      405.0000  2225                    202.0000   370008         
   9811  8526      607.0000  1727                    202.0000   378068         
  10205  8848    infeasible                          202.0000   390516         
  10644  9019      303.0000  3349                    202.0000   398079         
  11133  9174    infeasible                          202.0000   401594         
  11604  9176      506.0000  1840                    202.0000   401674         
  12020  9398      607.0000  1685                    202.0000   404049         
  12477  9777      404.0000  3327                    202.0000   412674         
  12982  9834    infeasible                          202.0000   413025         
  13479  9971      355.0000  3045                    202.0000   414303         
Elapsed time = 545.39 sec. (291100.07 ticks, tree = 3695.58 MB, solutions = 0)
Nodefile size = 1605.40 MB (655.30 MB after compression)
  13854 10136      304.0000  3425                    202.0000   422929         
  14239 10256    infeasible                          202.0000   438553         
  14682 10289      405.0000  2007                    202.0000   450148         
  15203 10368      404.0000  3490                    202.0000   456817         
  15705 10544      404.0000  3174                    202.0000   464322         
  16224 10586    infeasible                          202.0000   467734         
  16721 10841    infeasible                          202.0000   475653         
  17169 11213      506.0000  1814                    202.0000   485073         
  17674 11231    infeasible                          202.0000   486098         
  18229 11469      304.0000  3082                    202.0000   496523         
Elapsed time = 611.88 sec. (329332.57 ticks, tree = 4239.48 MB, solutions = 0)
Nodefile size = 2161.04 MB (884.64 MB after compression)
  18694 11545      405.0000  2000                    202.0000   497295         
  19197 11772      583.0000  1657                    202.0000   511800         
  19730 12072      304.0000  3586                    202.0000   515532         
  20219 12215      405.0000  2000                    202.0000   516214         
  20774 12414      405.0000  2000                    202.0000   528563         
  21335 12414    infeasible                          202.0000   528713         
  21845 12708      607.0000  1600                    202.0000   533359         
  22251 12705    infeasible                          202.0000   533314         
  22711 12954      506.0000  1801                    202.0000   544523         
  23211 13138      355.0000  3168                    202.0000   550517         
Elapsed time = 679.34 sec. (367558.09 ticks, tree = 4854.53 MB, solutions = 0)
Nodefile size = 2755.21 MB (1123.19 MB after compression)
  23782 13324    infeasible                          202.0000   556831         
  24284 13479      607.0000  1572                    202.0000   560168         
  24762 13482    infeasible                          202.0000   561033         
  25193 13629    infeasible                          202.0000   581311         
  25637 13629    infeasible                          202.0000   581395         
  26151 13841      303.0000  3778                    202.0000   593560         
  26646 13915      583.0000  1620                    202.0000   597794         
  27160 14215      304.0000  3266                    202.0000   609195         
  27702 14316      405.0000  3349                    202.0000   622239         
  28145 14297      506.0000  1781                    202.0000   623410         
Elapsed time = 746.99 sec. (405749.37 ticks, tree = 5265.10 MB, solutions = 0)
Nodefile size = 3178.95 MB (1294.95 MB after compression)
  28667 14490      556.0000  2127                    202.0000   630692         
  29146 15079      304.0000  3838                    202.0000   657688         
  29613 15167      304.0000  3366                    202.0000   662817         
  30030 15595    infeasible                          202.0000   678729         
  30506 15596    infeasible                          202.0000   678771         
  30973 16046      304.0000  3257                    202.0000   715254         
  31518 16304      303.0000  4105                    202.0000   722384         
  32048 16477      303.0000  3366                    202.0000   729176         
  32519 16987    infeasible                          202.0000   752071         
  33078 17378      583.0000  1610                    202.0000   760162         
Elapsed time = 817.75 sec. (443968.34 ticks, tree = 6398.13 MB, solutions = 0)
Nodefile size = 4312.54 MB (1765.44 MB after compression)
  33568 17433      556.0000  1909                    202.0000   760103         
  34029 17923    infeasible                          202.0000   774552         
  34570 17933      556.0000  1889                    202.0000   774606         
  35025 18693      303.0000  4078                    202.0000   802579         
  35510 18579      583.0000  1622                    202.0000   799957         
  36001 18969      304.0000  3478                    202.0000   811536         
  36455 19213      303.0000  3836                    202.0000   820028         
  36978 19689      304.0000  3662                    202.0000   834382         
  37484 20159      304.0000  3937                    202.0000   854208         
  38002 20339      304.0000  3508                    202.0000   858949         
Elapsed time = 889.67 sec. (482192.78 ticks, tree = 7483.87 MB, solutions = 0)
Nodefile size = 5390.89 MB (2222.32 MB after compression)
  38508 20366      405.0000  3131                    202.0000   857824         
  39004 20714      304.0000  3678                    202.0000   867945         
  39432 21188      556.0000  1844                    202.0000   880909         
  39891 21523    infeasible                          202.0000   895120         
  40316 21753      556.0000  1844                    202.0000   903175         
  40752 21921      303.0000  3892                    202.0000   915072         
  41255 21969    infeasible                          202.0000   920905         
  41729 21957      583.0000  1542                    202.0000   921043         
  42197 22259      202.0000  4671                    202.0000   933554         
  42680 22790      303.0000  3782                    202.0000   973172         
Elapsed time = 958.35 sec. (520411.63 ticks, tree = 8395.50 MB, solutions = 0)
Nodefile size = 6295.80 MB (2602.94 MB after compression)
  43205 22706      304.0000  3247                    202.0000   964672         
  43721 23254      556.0000  1777                    202.0000   986971         
  44303 23603      303.0000  3502                    202.0000   996276         
  44896 23460      303.0000  4103                    202.0000   991812         
  45421 23799      583.0000  1542                    202.0000  1002438         
  45891 24391      304.0000  3533                    202.0000  1014825         
  46364 24447      405.0000  3170                    202.0000  1017989         
  46821 24473      583.0000  1544                    202.0000  1021930         
  47186 24943      303.0000  3585                    202.0000  1047155         
  47639 25581      303.0000  3382                    202.0000  1063744         
Elapsed time = 1031.27 sec. (558634.29 ticks, tree = 9445.40 MB, solutions = 0)
Nodefile size = 7348.66 MB (3051.43 MB after compression)
  48157 25548    infeasible                          202.0000  1061682         
  48590 26289      405.0000  3691                    202.0000  1112420         
  49072 26580      303.0000  3664                    202.0000  1121776         
  49574 26635      303.0000  3259                    202.0000  1122851         
  50021 27092      305.0000  3492                    202.0000  1134165         
  50479 27092    infeasible                          202.0000  1134208         
  50942 27613      320.0000  3375                    202.0000  1147152         
  51437 27813      303.0000  3614                    202.0000  1155469         
  51900 27938      583.0000  1503                    202.0000  1158798         
  52380 28330    infeasible                          202.0000  1170045         
Elapsed time = 1102.91 sec. (596805.22 ticks, tree = 10487.00 MB, solutions = 0)
Nodefile size = 8382.12 MB (3501.08 MB after compression)
  52832 28914    infeasible                          202.0000  1187121         
  53254 28721      583.0000  1503                    202.0000  1178838         
  53682 29444    infeasible                          202.0000  1195249         
  54122 29674      404.0000  3011                    202.0000  1203722         
  54558 30037      303.0000  4613                    202.0000  1215389         
  55029 30251      304.0000  3172                    202.0000  1215906         
  55463 30872    infeasible                          202.0000  1244604         
  55895 30811      304.0000  3406                    202.0000  1244626         
  56273 31142      355.0000  3962                    202.0000  1259771         
  56687 31386      583.0000  1469                    202.0000  1265565         
Elapsed time = 1176.11 sec. (635018.39 ticks, tree = 11542.51 MB, solutions = 0)
Nodefile size = 9443.00 MB (3942.20 MB after compression)
  57094 31502      304.0000  4125                    202.0000  1285176         
  57543 31547      304.0000  3802                    202.0000  1286396         
  57955 31864      404.0000  3438                    202.0000  1314564         
  58403 32070      305.0000  2549                    202.0000  1328922         
  58795 32069    infeasible                          202.0000  1328974         
  59242 32748    infeasible                          202.0000  1346444         
  59627 32554      304.0000  3815                    202.0000  1343995         
  60107 33012      304.0000  3162                    202.0000  1352472         
  60582 33283      304.0000  4042                    202.0000  1370750         
  61004 33416      303.0000  3887                    202.0000  1380438         
Elapsed time = 1250.44 sec. (673247.71 ticks, tree = 12280.39 MB, solutions = 0)
Nodefile size = 10171.40 MB (4252.06 MB after compression)
  61470 33633      304.0000  3441                    202.0000  1385651         
  61975 33837      305.0000  2505                    202.0000  1387990         
  62399 34351      305.0000  2505                    202.0000  1408917         
  62794 34524      303.0000  3368                    202.0000  1427852         
  63280 34962      304.0000  3790                    202.0000  1442153         
  63786 34590      303.0000  3220                    202.0000  1428440         
  64133 35341      304.0000  3683                    202.0000  1451569         
  64597 35160      304.0000  4301                    202.0000  1447642         
  65012 35671      305.0000  2487                    202.0000  1460558         
  65464 36137      305.0000  2487                    202.0000  1480531         
Elapsed time = 1331.35 sec. (711517.18 ticks, tree = 13244.47 MB, solutions = 0)
Nodefile size = 11148.87 MB (4656.92 MB after compression)
  65874 35998      304.0000  3384                    202.0000  1477086         
  66316 36671      304.0000  3962                    202.0000  1502176         
  66813 36476      404.0000  3505                    202.0000  1492809         
  67242 36879      583.0000  1480                    202.0000  1509150         
  67611 37484      305.0000  2488                    202.0000  1520186         
  68007 37590      304.0000  4153                    202.0000  1524823         
  68391 37731      303.0000  3885                    202.0000  1538700         
  68739 37821    infeasible                          202.0000  1539436         
  69119 37821      305.0000  2488                    202.0000  1539483         
  69502 38269      404.0000  3070                    202.0000  1586454         
Elapsed time = 1413.58 sec. (749737.28 ticks, tree = 14038.94 MB, solutions = 0)
Nodefile size = 11931.09 MB (4972.16 MB after compression)
  69913 38507      405.0000  2867                    202.0000  1596201         
  70334 38647      304.0000  2987                    202.0000  1618350         
  70740 39237      405.0000  2672                    202.0000  1628627         
  71132 39241    infeasible                          202.0000  1628738         
  71506 39878    infeasible                          202.0000  1648987         
  71898 39872    infeasible                          202.0000  1649251         
  72297 40178      354.0000  3874                    202.0000  1662472         
  72738 40333      305.0000  2462                    202.0000  1678285         
  73126 40463      330.0000  3325                    202.0000  1683100         
  73527 41096      354.0000  3165                    202.0000  1701313         
Elapsed time = 1499.65 sec. (787957.40 ticks, tree = 14858.28 MB, solutions = 0)
Nodefile size = 12772.36 MB (5258.99 MB after compression)
  73885 41071      305.0000  2459                    202.0000  1700728         
  74303 41661      304.0000  3597                    202.0000  1732985         
  74671 41407      303.0000  3750                    202.0000  1714209         
  75035 41951      303.0000  3852                    202.0000  1741756         
  75442 42266      305.0000  3838                    202.0000  1753727         
  75999 42590      304.0000  3284                    202.0000  1782141         
  76446 42585      405.0000  3800                    202.0000  1783910         
  76861 42692      304.0000  3481                    202.0000  1785753         
  77276 43542      405.0000  3102                    202.0000  1798243         
  77665 43767      304.0000  3046                    202.0000  1810084         
Elapsed time = 1587.67 sec. (826169.30 ticks, tree = 15535.66 MB, solutions = 0)
Nodefile size = 13432.50 MB (5440.99 MB after compression)
  78068 44283      304.0000  2960                    202.0000  1829213         
  78500 44609      303.0000  3781                    202.0000  1841992         
  79077 45019      405.0000  3998                    202.0000  1849800         
  79629 45305      303.0000  3341                    202.0000  1858155         
  80075 45421      405.0000  3111                    202.0000  1861836         
  80547 45725      404.0000  3191                    202.0000  1866357         
  80973 46662      405.0000  2788                    202.0000  1878761         
  81353 46681      304.0000  3323                    202.0000  1885650         
  81772 46753      405.0000  2850                    202.0000  1892371         
  82188 47531      405.0000  2782                    202.0000  1920538         
Elapsed time = 1677.88 sec. (864414.19 ticks, tree = 16502.65 MB, solutions = 0)
Nodefile size = 14420.12 MB (5729.73 MB after compression)
  82633 47492      304.0000  2867                    202.0000  1917628         
  83018 47742      304.0000  3343                    202.0000  1923987         
  83473 48503      304.0000  3561                    202.0000  1931731         
  83940 48538      304.0000  3000                    202.0000  1929837         
  84361 48688    infeasible                          202.0000  1938692         
  84843 48860    infeasible                          202.0000  1954386         
  85240 49183      304.0000  3000                    202.0000  1956098         
  85639 49488      404.0000  2997                    202.0000  1968582         
  86039 49548      404.0000  2633                    202.0000  1969079         
  86434 50524      304.0000  2660                    202.0000  1992716         
Elapsed time = 1765.09 sec. (902604.24 ticks, tree = 17290.33 MB, solutions = 0)
Nodefile size = 15211.66 MB (5934.20 MB after compression)
  86826 50236      304.0000  2953                    202.0000  1988237         
  87225 51094      304.0000  2841                    202.0000  2005404         
  87680 51420    infeasible                          202.0000  2016556         
  88092 51329      304.0000  3330                    202.0000  2018097         
  88423 51558      303.0000  3763                    202.0000  2024183         

Cover cuts applied:  630
Implied bound cuts applied:  4843
Mixed integer rounding cuts applied:  2660
Zero-half cuts applied:  99
Lift and project cuts applied:  9
Gomory fractional cuts applied:  97

Root node processing (before b&c):
  Real time             =  122.32 sec. (100673.82 ticks)
Parallel b&c, 8 threads:
  Real time             = 1680.81 sec. (823081.85 ticks)
  Sync time (average)   =  487.63 sec.
  Wait time (average)   =    0.00 sec.
                          ------------
Total (root+branch&cut) = 1803.14 sec. (923755.67 ticks)
! --------------------------------------------------------
! Problem is UNKNOWN
! CPLEX Status = AbortTimeLim
! --------------------------------------------------------
