! Solving for graph /home/truongxuanhieu/CPLEX-MIP-for-MinSpanLabeling/benchmarks/cabp/I-ash85.mtx.rnd
! Target value is set to 15
! Lower bound is set to 16
! Upper bound is set to 63
! Time limit is set to 1800
! Vertices mode is set to No hole
! Target value mode is set to Cyclic Antibandwidth
Version identifier: 22.2.0.0 | 2026-05-04 | 5dff98e58
CPXPARAM_TimeLimit                               1800
Tried aggregator 2 times.
MIP Presolve eliminated 221 rows and 201 columns.
MIP Presolve modified 10678 coefficients.
Aggregator did 693 substitutions.
Reduced MIP has 1584 rows, 6456 columns, and 19532 nonzeros.
Reduced MIP has 5628 binaries, 305 generals, 0 SOSs, and 523 indicators.
Presolve time = 0.03 sec. (27.50 ticks)
Probing time = 0.04 sec. (17.81 ticks)
Tried aggregator 1 time.
Detecting symmetries...
Reduced MIP has 1584 rows, 6456 columns, and 19532 nonzeros.
Reduced MIP has 5628 binaries, 390 generals, 0 SOSs, and 523 indicators.
Presolve time = 0.02 sec. (14.27 ticks)
Probing time = 0.02 sec. (4.47 ticks)
Clique table members: 13695.
MIP emphasis: balance optimality and feasibility.
MIP search method: dynamic search.
Parallel mode: deterministic, using up to 8 threads.
Root relaxation solution time = 0.02 sec. (18.35 ticks)

        Nodes                                         Cuts/
   Node  Left     Objective  IInf  Best Integer    Best Bound    ItCnt     Gap

      0     0       30.0000   209                     30.0000      323         
      0     0       30.0000   536                   Cuts: 496      756         
      0     0       30.0000   473                   Cuts: 390     1014         
      0     0       30.0000   368                   Cuts: 496     1338         
      0     0       30.0000   523                   Cuts: 307     1590         
Detecting symmetries...
      0     2       30.0000   335                     30.0000     1590         
Elapsed time = 1.79 sec. (889.23 ticks, tree = 0.02 MB, solutions = 0)
    212   178       30.0000   273                     30.0000    10762         
    534   427       60.0000   236                     30.0000    22928         
    844   633       46.0000   268                     30.0000    42087         
   1102   942    infeasible                           30.0000    64020         
   1531  1204       45.0000   251                     30.0000    81172         
   1858  1516       60.0000   294                     30.0000   100326         
   2024  1655       46.0000   248                     30.0000   115103         
   2336  1843       61.0000   223                     30.0000   126732         
   2550  2207       46.0000   267                     30.0000   151694         

Performing restart 1

Repeating presolve.
Tried aggregator 1 time.
Reduced MIP has 1584 rows, 6456 columns, and 19532 nonzeros.
Reduced MIP has 5628 binaries, 390 generals, 0 SOSs, and 523 indicators.
Presolve time = 0.01 sec. (10.66 ticks)
Tried aggregator 1 time.
Reduced MIP has 1584 rows, 6456 columns, and 19532 nonzeros.
Reduced MIP has 5628 binaries, 390 generals, 0 SOSs, and 523 indicators.
Presolve time = 0.02 sec. (14.78 ticks)
Represolve time = 0.12 sec. (57.05 ticks)
   3310     0       30.0000   454                   Cuts: 496   208389         
   3310     0       30.0000   624                   Cuts: 496   210376         
   3310     0       30.0000   556                   Cuts: 496   212278         
   3310     0       30.0000   626                   Cuts: 482   215051         
   3310     0       30.0170   762                   Cuts: 455   217517         
   3310     0       31.0000   720                   Cuts: 436   218654         
   3310     0       32.0000   706                   Cuts: 496   219961         
   3310     0       32.0000   729                   Cuts: 496   221636         
   3310     2       32.0000   486                     32.0000   221636         
Elapsed time = 20.49 sec. (9813.17 ticks, tree = 0.02 MB, solutions = 0)
   3422   107       46.0000   300                     32.0000   233649         
   3764   360       48.0000   284                     32.0000   251876         
   3853   459       45.0000   372                     32.0000   272125         
   4070   628       47.0000   271                     32.0000   299307         
   4197   764    infeasible                           32.0000   332334         
   4255   785       32.0270   701                     32.0000   354929         
   4606   917       62.0000   253                     32.0000   391759         
   5034  1227       34.3973   669                     32.0000   446018         
   5126  1565       61.0000   358                     32.0000   502691         
   5268  1615       62.0000   402                     32.0000   533312         
Elapsed time = 40.12 sec. (19409.73 ticks, tree = 5.65 MB, solutions = 0)
   5356  1779       46.0000   346                     32.0000   599094         
   5509  1841       60.0000   326                     32.0000   614032         
   5765  1997       45.0000   453                     32.0000   645511         
   5996  2322       45.0000   524                     32.0000   683404         
   6062  2389       38.0000   557                     32.0000   712910         
   6240  2457       47.0000   420                     32.0000   736633         
   6355  2656       45.0000   473                     32.0000   793860         
   6408  2681       46.0000   393                     32.0000   817667         
   6494  2701       57.0000   396                     32.0000   828334         
   6666  2921       61.0000   240                     32.0000   881666         
Elapsed time = 60.31 sec. (29041.99 ticks, tree = 26.22 MB, solutions = 0)
   6749  2941       60.0000   461                     32.0000   894585         
   6798  3019       62.0000   417                     32.0000   936308         
   6875  3075       62.0000   379                     32.0000   966447         
   7184  3184       62.0000   349                     32.0000   986854         
   7427  3360       56.0000   333                     32.0000  1007640         
   7519  3653       63.0000   372                     32.0000  1048937         
   7569  3693       60.0000   341                     32.0000  1073540         
   7714  3734       60.0000   396                     32.0000  1084323         
   7740  3741       32.1429   837                     32.0000  1081167         

Performing restart 2

Repeating presolve.
Tried aggregator 1 time.
MIP Presolve modified 34 coefficients.
Reduced MIP has 1584 rows, 6456 columns, and 24443 nonzeros.
Reduced MIP has 5628 binaries, 390 generals, 0 SOSs, and 523 indicators.
Presolve time = 0.02 sec. (18.14 ticks)
Tried aggregator 1 time.
Reduced MIP has 1584 rows, 6456 columns, and 24443 nonzeros.
Reduced MIP has 5628 binaries, 390 generals, 0 SOSs, and 523 indicators.
Presolve time = 0.02 sec. (17.61 ticks)
Represolve time = 0.26 sec. (144.79 ticks)
   7741     0       32.0000   773                   Cuts: 466  1114019         
   7741     0       32.0074   816                   Cuts: 336  1116770         
   7741     0       33.0000   758                   Cuts: 496  1118255         
   7741     0       33.0000   770                   Cuts: 496  1120600         
   7741     0       33.0000   691                   Cuts: 363  1121998         
   7741     0       33.0000   727                   Cuts: 496  1123601         
   7741     0       33.0000   690                   Cuts: 403  1125509         
   7741     0       33.0349   771                   Cuts: 496  1127301         
   7741     0       34.0000   764                   Cuts: 496  1129070         
   7741     0       34.0000   753                   Cuts: 496  1130565         
   7741     0       34.0000   759                   Cuts: 496  1132257         
   7741     0       34.0000   709                   Cuts: 310  1133569         
   7741     0       34.0000   731                   Cuts: 496  1135322         
   7741     0       34.0000   689                   Cuts: 407  1136548         
   7741     0       34.0000   703                   Cuts: 496  1137752         
   7741     2       34.0000   514                     34.0000  1137752         
Elapsed time = 100.35 sec. (50865.66 ticks, tree = 0.02 MB, solutions = 0)
   7784     9       45.0000   314                     34.0000  1138894         
   7992   221       45.0000   286                     34.0000  1154821         
   8165   372       45.0000   336                     34.0000  1180330         
   8343   502       60.0000   311                     34.0000  1201029         
   8552   624       60.0000   300                     34.0000  1226375         
   8776   787       46.0000   284                     34.0000  1251066         
   8932   929       60.0000   256                     34.0000  1279203         
   9202  1135       61.0000   257                     34.0000  1312589         
   9474  1321       45.0000   294                     34.0000  1341754         
   9695  1527       61.0000   255                     34.0000  1386695         
Elapsed time = 120.01 sec. (60441.28 ticks, tree = 7.01 MB, solutions = 0)
   9919  1706       60.0000   314                     34.0000  1424012         
  10181  1827    infeasible                           34.0000  1455621         
  10400  2084       34.0000   366                     34.0000  1500004         
  10534  2193       63.0000   256                     34.0000  1520394         
  10658  2329       63.0000   212                     34.0000  1581246         
  10749  2364       63.0000   377                     34.0000  1607828         
  10816  2412       63.0000   231                     34.0000  1627362         
  10876  2513    infeasible                           34.0000  1691765         
  10927  2563       62.0000   232                     34.0000  1717549         
  10974  2578       63.0000   351                     34.0000  1740807         
Elapsed time = 139.77 sec. (70038.90 ticks, tree = 13.76 MB, solutions = 0)
  11013  2628       46.0000   579                     34.0000  1786894         
  11048  2656       61.0000   393                     34.0000  1831125         
  11116  2680       46.0000   394                     34.0000  1851201         
  11191  2747       49.0000   393                     34.0000  1893270         
  11230  2804       48.0000   354                     34.0000  1938364         
  11280  2840       46.0000   460                     34.0000  1974649         
  11378  2893       62.0000   383                     34.0000  2008569         
  11471  2963       62.0000   324                     34.0000  2031190         
  11514  3036    infeasible                           34.0000  2074018         
  11545  3053       61.0000   302                     34.0000  2107273         
Elapsed time = 159.07 sec. (79770.42 ticks, tree = 18.62 MB, solutions = 0)
  11584  3071       62.0000   381                     34.0000  2128222         
  11637  3127       60.0000   393                     34.0000  2168634         
  11693  3176       62.0000   274                     34.0000  2185588         
  11725  3187       41.0000   603                     34.0000  2207320         
  11749  3155       34.0000   763                     34.0000  2180600         
  11784  3270       61.0885   435                     34.0000  2315510         
  11835  3263       61.0000   429                     34.0000  2298584         
  11871  3327       47.0000   469                     34.0000  2357991         
  11897  3342       45.0000   614                     34.0000  2372163         
  11927  3395       47.0000   432                     34.0000  2422494         
Elapsed time = 178.01 sec. (89497.76 ticks, tree = 22.55 MB, solutions = 0)
  11967  3405       56.0000   400                     34.0000  2432609         
  11995  3448       50.0000   521                     34.0000  2481713         
  12029  3479       61.0000   351                     34.0000  2505223         
  12066  3478       60.0000   387                     34.0000  2502784         
  12097  3530       61.0000   399                     34.0000  2548484         
  12131  3537       60.0000   418                     34.0000  2555365         
  12150  3546       45.0000   668                     34.0000  2589743         
  12172  3590       61.0000   335                     34.0000  2643310         
  12193  3595       61.0000   322                     34.0000  2649418         
  12220  3606       61.0000   398                     34.0000  2666214         
Elapsed time = 196.54 sec. (99204.72 ticks, tree = 25.24 MB, solutions = 0)
  12255  3640       62.0000   405                     34.0000  2723150         
  12288  3651       60.0000   343                     34.0000  2729835         
  12336  3715       60.0000   413                     34.0000  2788900         
  12369  3752       61.0000   409                     34.0000  2835465         
  12398  3783       47.0000   458                     34.0000  2865722         
  12470  3797       49.2857   451                     34.0000  2868237         
  12526  3792       61.0000   453                     34.0000  2877897         
  12579  3932       63.0000   270                     34.0000  2961564         
  12636  3955       63.0000   199                     34.0000  2964914         
  12791  4124       61.0000   360                     34.0000  3105506         
Elapsed time = 223.24 sec. (111729.02 ticks, tree = 33.09 MB, solutions = 0)
  12937  4223       45.0000   654                     34.0000  3223013         
  13037  4334       60.0000   433                     34.0000  3326974         
  13153  4395       63.0000   423                     34.0000  3443139         
  13388  4611       61.0000   415                     34.0000  3575104         
  13517  4752       61.0000   395                     34.0000  3695898         
  13632  4837       62.0000   318                     34.0439  3833073         
  13768  4925       62.0000   424                     34.0530  3910480         
  13891  5038       62.0000   345                     34.0725  3999377         
  13941  5072       61.0000   534                     34.1858  4064960         
  14042  5179       53.0000   480                     34.1858  4255151         
Elapsed time = 295.00 sec. (150186.60 ticks, tree = 51.29 MB, solutions = 0)
  14233  5290       46.0000   511                     34.1858  4341102         
  14399  5388       45.0000   702                     34.6622  4401775         
  14493  5534       62.0000   349                     34.6622  4550306         
  14633  5646       62.0000   355                     34.6622  4667720         
  14714  5711       62.0000   320                     34.6622  4776866         
  14781  5734       46.0000   687                     35.0000  4818466         
  14865  5828       62.0000   490                     35.0000  5004561         
  14992  5835       35.0000   895                     35.0000  5013151         
  15058  6024       60.0000   539                     35.0000  5231750         
  15121  6069       46.0000   605                     35.0000  5328803         
Elapsed time = 367.29 sec. (188916.12 ticks, tree = 69.95 MB, solutions = 0)
  15188  6120       47.0000   499                     35.0000  5472040         
  15330  6127       45.0000   663                     35.0000  5517765         
  15448  6238    infeasible                           35.0000  5637143         
  15552  6351       60.0000   413                     35.0000  5721201         
  15688  6456       61.0000   467                     35.0000  5839147         
  15747  6495       45.0000   666                     35.0000  5890279         
  15812  6616       61.0000   521                     35.0000  6060185         
  15916  6674       63.0000   391                     35.0000  6174063         
  16031  6752       60.0000   397                     35.0000  6285692         
  16143  6833       63.0000   341                     35.0000  6326867         
Elapsed time = 440.00 sec. (227515.76 ticks, tree = 87.30 MB, solutions = 0)
  16273  6981       63.0000   299                     35.1078  6575813         
  16350  6987       60.0000   577                     35.1078  6586304         
  16454  7118       61.0000   452                     35.6667  6727632         
  16515  7173       53.0000   588                     36.0000  6811959         
  16578  7201       45.0000   635                     36.0000  6846651         
  16618  7272       59.0000   631                     36.0000  6961362         
  16675  7334       60.0000   370                     36.0000  7130950         
  16783  7406       61.0000   299                     36.0000  7265274         
  16874  7416       62.0204   650                     36.0000  7292054         
  16943  7480       61.0000   549                     36.0000  7353710         
Elapsed time = 512.97 sec. (266220.53 ticks, tree = 100.61 MB, solutions = 0)
  17023  7581       60.0000   596                     36.0000  7478481         
  17070  7685       63.0000   415                     36.0000  7624504         
  17116  7740       45.0000   555                     36.0000  7777661         
  17198  7743       45.0000   719                     36.0000  7799006         
  17269  7819       63.0000   519                     36.0000  7966446         
  17361  7835       63.0000   461                     36.0000  7979248         
  17464  7917       62.0000   382                     36.0000  8134793         
  17540  8000       46.0000   538                     36.0000  8207234         
  17604  8055       47.0000   513                     36.0000  8334338         
  17649  8169       45.0000   667                     36.0000  8483149         
Elapsed time = 585.00 sec. (304987.91 ticks, tree = 115.36 MB, solutions = 0)
  17727  8201    infeasible                           36.0000  8542736         
  17811  8203       45.0000   657                     36.0000  8582653         
  17913  8285       60.0000   609                     36.0000  8798142         
  18048  8399       63.0000   174                     36.0000  8926138         
  18138  8404       46.0000   624                     36.0000  8935713         
  18250  8590       61.0000   571                     36.0000  9150513         
  18328  8500       46.0000   710                     36.0000  9079069         
  18399  8718       61.0000   318                     36.0000  9293423         
  18475  8781       60.0000   404                     36.0000  9410233         
  18571  8804       63.0000   351                     36.0000  9425158         
Elapsed time = 656.31 sec. (343476.11 ticks, tree = 129.65 MB, solutions = 0)
  18669  8916       63.0000    83                     36.0000  9556375         
  18763  8995       60.0000   456                     36.0000  9795695         
  18860  9027       45.0000   683                     36.0000  9703883         
  18935  9045       60.0000   467                     36.0000  9895763         
  19012  9262       61.0000   594                     36.0000 10119630         
  19101  9331    infeasible                           36.0000 10229594         
  19222  9316    infeasible                           36.0000 10178343         
  19312  9473       61.7536   602                     36.0000 10385928         
  19369  9480       60.0000   676                     36.0000 10399864         
  19421  9562       60.0000   713                     36.0000 10503464         
Elapsed time = 726.98 sec. (381949.17 ticks, tree = 149.61 MB, solutions = 0)
  19499  9671       61.0000   525                     36.0000 10744389         
  19592  9688       61.0000   290                     36.0000 10759426         
  19690  9698       61.0000   431                     36.0000 10797734         
  19818  9854       61.0000   402                     36.0000 11033340         
  19912  9900       63.0000   276                     36.0000 11099458         
  20039 10022       46.0000   563                     36.0000 11235000         
  20123 10111       62.0000   384                     36.0000 11308997         
  20204 10216       63.0000   258                     36.0000 11461567         
  20290 10157       46.0000   642                     36.0000 11375274         
  20380 10283       46.0000   712                     36.0000 11570679         
Elapsed time = 798.13 sec. (420720.34 ticks, tree = 167.48 MB, solutions = 0)
  20448 10417       62.0000   336                     36.0000 11736637         
  20526 10336       62.0000   349                     36.0000 11670856         
  20584 10486       46.0000   718                     36.3821 11835533         
  20626 10617       46.0000   624                     36.3821 12098253         
  20687 10645       63.0000   540                     36.3821 12192723         
  20787 10679    infeasible                           37.0000 12283957         
  20949 10738       63.0000   253                     37.0000 12414381         
  21088 10818       63.0000   181                     37.0000 12426788         
  21219 10807       61.0000   303                     37.0000 12470955         
  21326 10848       61.0000   423                     37.0000 12530490         
Elapsed time = 873.30 sec. (459271.62 ticks, tree = 180.61 MB, solutions = 0)
  21407 11232       60.0000   585                     37.0000 12825317         
  21496 11261       60.0000   473                     37.0000 12865749         
  21585 11354       60.0000   453                     37.0000 13003342         
  21699 11379       63.0000   317                     37.0000 13019574         
  21805 11499       61.0000   421                     37.0000 13194076         
  21905 11561       62.0000   560                     37.0000 13268962         
  22002 11613       61.0000   461                     37.0000 13320854         
  22137 11731       60.0000   516                     37.0000 13500047         
  22270 11853       59.0000   565                     37.0000 13658848         
  22420 11830       62.0000   409                     37.0000 13604906         
Elapsed time = 960.67 sec. (497640.95 ticks, tree = 207.70 MB, solutions = 0)
  22520 11962       60.0000   581                     37.0000 13730764         
  22618 12053    infeasible                           37.0000 13856307         
  22696 12094    infeasible                           37.0000 13908086         
  22787 12351       61.0000   523                     37.0000 14203943         
  22906 12396       60.0000   540                     37.0000 14273647         
  22997 12426       61.0000   407                     37.0000 14319349         
  23073 12545       51.0000   646                     37.0000 14440601         
  23173 12616       60.0000   656                     37.0000 14578099         
  23256 12596       62.0000   349                     37.0000 14512949         
  23345 12855       49.0000   449                     37.0000 14843546         
Elapsed time = 1038.54 sec. (535937.98 ticks, tree = 240.98 MB, solutions = 0)
  23425 12663       46.1409   786                     37.0000 14645089         
  23514 12801       62.0000   524                     37.0000 14782167         
  23563 12948       46.0000   558                     38.0000 15106740         
  23613 12995       62.0000   415                     38.0000 15158835         
  23661 13075       46.0000   569                     40.0000 15249379         
  23730 13146       60.0000   514                     40.0000 15419522         
  23814 13215       61.0000   502                     40.0000 15611210         
  23963 13304       63.0000   227                     40.0000 15775387         
* 24166 13240      integral     0       63.0000       40.0000 15632662   36.51%
  24181 11361       45.0000   722       63.0000       40.0000 15916997   36.51%
  24278 11385    infeasible             63.0000       40.0000 15970063   36.51%
Elapsed time = 1113.85 sec. (574387.07 ticks, tree = 210.91 MB, solutions = 1)
  24365 11441       61.0000   553       63.0000       40.0000 16090587   36.51%
  24440 11397       42.0000   766       63.0000       40.0000 15998866   36.51%
  24495 11442       45.0000   752       63.0000       40.0000 16093698   36.51%
  24564 11634       60.0000   656       63.0000       40.0000 16454105   36.51%
  24637 11663       45.0000   709       63.0000       40.0000 16512061   36.51%
  24730 11688       61.0000   517       63.0000       42.0000 16565001   33.33%
  24803 11764       45.0000   688       63.0000       42.0000 16755423   33.33%
  24868 11737       60.0000   592       63.0000       42.0000 16666442   33.33%
  24935 11865       61.0000   505       63.0000       42.0000 16896307   33.33%
  24997 11910       61.0000   445       63.0000       42.0000 16974858   33.33%
Elapsed time = 1183.88 sec. (613205.85 ticks, tree = 225.33 MB, solutions = 1)
  25066 11915       61.0000   393       63.0000       42.0000 16995016   33.33%
  25144 11989        cutoff             63.0000       42.0000 17139750   33.33%
  25234 12050    infeasible             63.0000       42.0000 17239168   33.33%
  25304 12104       61.0000   340       63.0000       42.0000 17398567   33.33%
  25382 12223       62.0000   371       63.0000       42.0000 17606682   33.33%
  25461 12225       60.0000   659       63.0000       42.0000 17617878   33.33%
  25537 12149       60.0000   770       63.0000       42.0000 17503150   33.33%
  25612 12308       45.0000   717       63.0000       43.0000 17813372   31.75%
  25673 12312       61.0000   603       63.0000       44.0000 17824977   30.16%
  25731 12413       61.0000   439       63.0000       45.0000 18020082   28.57%
Elapsed time = 1255.44 sec. (651977.39 ticks, tree = 237.15 MB, solutions = 1)
  25781 12395       60.0000   659       63.0000       45.0000 17973192   28.57%
  25831 12558       60.0000   635       63.0000       45.0000 18294185   28.57%
  25895 12627       62.0000   415       63.0000       45.0000 18438581   28.57%
  25947 12651       60.0000   637       63.0000       45.0000 18564627   28.57%
  26006 12683       61.0000   583       63.0000       45.0000 18686788   28.57%
  26061 12660       62.0000   473       63.0000       45.0000 18591067   28.57%
  26139 12757       61.0000   450       63.0000       45.0000 18891398   28.57%
  26194 12731        cutoff             63.0000       45.0000 18850944   28.57%
  26246 12793       61.0000   532       63.0000       45.0000 18957804   28.57%
  26311 12800       62.0000   454       63.0000       45.0000 18972571   28.57%
Elapsed time = 1326.08 sec. (690942.40 ticks, tree = 245.61 MB, solutions = 1)
  26380 12856       61.0000   392       63.0000       45.0000 19075344   28.57%
  26435 12904       61.0000   414       63.0000       45.0000 19217231   28.57%
  26482 12970       61.0000   622       63.0000       45.0000 19363460   28.57%
  26553 13021       61.0000   576       63.0000       45.0000 19455269   28.57%
  26606 13133       60.0000   677       63.0000       45.0000 19705306   28.57%
  26644 13150       60.0000   545       63.0000       45.0000 19743949   28.57%
  26694 13194       60.0000   650       63.0000       45.0000 19855205   28.57%
  26745 13263       46.0000   622       63.0000       45.0000 20069141   28.57%
  26802 13255       61.0000   370       63.0000       45.0000 20030260   28.57%
  26864 13351       61.0000   473       63.0000       45.0000 20272683   28.57%
Elapsed time = 1395.72 sec. (730056.64 ticks, tree = 260.52 MB, solutions = 1)
  26910 13373        cutoff             63.0000       45.0000 20342312   28.57%
  26943 13333       61.0000   531       63.0000       45.0000 20248875   28.57%
  26986 13451       61.0000   525       63.0000       45.0000 20554951   28.57%
  27040 13384       60.0000   609       63.0000       45.0000 20378060   28.57%
  27083 13529       60.0000   624       63.0000       45.0000 20778937   28.57%
  27142 13545       60.0000   695       63.0000       45.0000 20842562   28.57%
  27197 13573       61.0000   594       63.0000       45.0000 20922724   28.57%
  27278 13648       61.0000   431       63.0000       45.0000 21149008   28.57%
  27375 13577       61.0000   346       63.0000       45.0000 20879739   28.57%
  27473 13650       61.0000   448       63.0000       45.0000 21137956   28.57%
Elapsed time = 1470.20 sec. (768902.45 ticks, tree = 264.52 MB, solutions = 1)
  27519 13804       60.0000   594       63.0000       45.0000 21455481   28.57%
  27582 13702       60.5000   601       63.0000       45.0000 21253614   28.57%
  27666 13752       46.0000   785       63.0000       45.0000 21325280   28.57%
  27710 13904       60.0000   491       63.0000       45.0000 21648975   28.57%
  27764 13924       60.0000   648       63.0000       45.0000 21712689   28.57%
  27820 13924       60.0000   683       63.0000       45.0000 21673766   28.57%
  27911 14066       61.0000   560       63.0000       45.0000 21933273   28.57%
  27986 14047       61.0000   509       63.0000       45.0000 21902773   28.57%
  28065 14232       48.0000   648       63.0000       45.0000 22266714   28.57%
  28128 14173       61.0000   507       63.0000       45.0000 22172507   28.57%
Elapsed time = 1540.04 sec. (807975.43 ticks, tree = 279.50 MB, solutions = 1)
  28203 14309       53.0000   635       63.0000       45.0000 22400790   28.57%
  28272 14243       46.0000   597       63.0000       45.0000 22247641   28.57%
  28327 14336       62.0000   291       63.0000       45.0000 22425654   28.57%
  28397 14394       60.0000   345       63.0000       45.0000 22531518   28.57%
  28465 14566       45.0000   779       63.0000       45.0000 22784157   28.57%
  28512 14627       60.0000   664       63.0000       45.0000 22969074   28.57%
  28576 14517       62.0000   500       63.0000       45.0000 22752572   28.57%
  28639 14719       62.0000   360       63.0000       45.0000 23192409   28.57%
  28719 14741       62.0000   352       63.0000       45.0000 23206183   28.57%
  28768 14645       59.0000   656       63.0000       45.0000 23012250   28.57%
Elapsed time = 1610.56 sec. (846637.07 ticks, tree = 289.94 MB, solutions = 1)
  28822 14706    infeasible             63.0000       45.0000 23187339   28.57%
  28877 14759       60.0000   712       63.0000       45.0000 23239871   28.57%
  28944 14976       61.0000   391       63.0000       45.0000 23706616   28.57%
  29001 14886    infeasible             63.0000       45.0000 23571916   28.57%
Starting limited solution polishing.
  29040 14959       61.0000   444       63.0000       45.0000 23666560   28.57%
  29089 15015       62.0000   449       63.0000       45.0000 23805769   28.57%
  29121 14974       45.0000   839       63.0000       45.0000 23688812   28.57%
  29147 15110    infeasible             63.0000       45.0000 24069759   28.57%
  29175 15073       62.0000   330       63.0000       45.0000 23935004   28.57%
  29216 15215       62.0000   309       63.0000       45.0000 24389336   28.57%
Elapsed time = 1682.68 sec. (886025.74 ticks, tree = 305.72 MB, solutions = 1)
  29255 15217       45.0000   766       63.0000       45.0000 24461834   28.57%
  29308 15171       61.0000   455       63.0000       45.0000 24242375   28.57%
  29344 15181       61.0000   410       63.0000       45.0000 24257203   28.57%
  29395 15230    infeasible             63.0000       45.0000 24440564   28.57%
  29451 15359       61.0000   358       63.0000       45.0000 24904566   28.57%
  29506 15254       46.0000   754       63.0000       45.0000 24581978   28.57%
  29568 15309       61.0000   641       63.0000       45.0000 24763231   28.57%
  29622 15295       60.0000   660       63.0000       45.0000 24708248   28.57%
  29675 15367       60.0000   755       63.0000       45.0000 24936725   28.57%
  29716 15527       46.0000   689       63.0000       45.0000 25289603   28.57%
Elapsed time = 1753.94 sec. (925016.59 ticks, tree = 315.09 MB, solutions = 1)
  29750 15418       61.0000   568       63.0000       45.0000 25021184   28.57%
  29782 15565       62.0000   503       63.0000       45.0000 25411626   28.57%
  29817 15573       62.0000   486       63.0000       45.0000 25425094   28.57%
  29845 15647       61.0000   547       63.0000       45.0000 25564440   28.57%
  29877 15672       51.0000   729       63.0000       45.0000 25655914   28.57%
  29923 15676       61.0000   608       63.0000       45.0000 25666920   28.57%

GUB cover cuts applied:  1395
Clique cuts applied:  1
Cover cuts applied:  638
Implied bound cuts applied:  477
Flow cuts applied:  9
Mixed integer rounding cuts applied:  580
Zero-half cuts applied:  46
Lift and project cuts applied:  1
Gomory fractional cuts applied:  36

Root node processing (before b&c):
  Real time             =    1.78 sec. (888.38 ticks)
Parallel b&c, 8 threads:
  Real time             = 1798.24 sec. (950869.46 ticks)
  Sync time (average)   =  124.61 sec.
  Wait time (average)   =    0.05 sec.
                          ------------
Total (root+branch&cut) = 1800.02 sec. (951757.83 ticks)
! --------------------------------------------------------
! Status: FEASIBLE (time limit or other stopping criterion reached)
! Best span = 63
! Labeling: 5 53 31 56 47 55 53 60 5 3 44 63 45 31 25 8 34 43 37 26 29 11 51 1 35 61 23 32 61 17 52 58 59 10 13 30 19 28 38 49 16 24 10 15 28 25 10 4 29 46 38 18 44 36 28 27 40 43 16 46 20 23 42 33 57 58 12 9 39 41 2 42 50 16 54 48 31 22 21 6 43 7 62 14 23 
! --------------------------------------------------------
! All verification passed
