! Solving for graph /home/truongxuanhieu/CPLEX-MIP-for-MinSpanLabeling/benchmarks/cabp/K-dwt__234.mtx.rnd
! Target value is set to 34
! Lower bound is set to 35
! Upper bound is set to 87
! Time limit is set to 1800
! Vertices mode is set to No hole
! Target value mode is set to Cyclic Antibandwidth
Version identifier: 22.2.0.0 | 2026-05-04 | 5dff98e58
CPXPARAM_TimeLimit                               1800
Tried aggregator 2 times.
MIP Presolve eliminated 166 rows and 280 columns.
MIP Presolve modified 20339 coefficients.
Aggregator did 672 substitutions.
Reduced MIP has 1480 rows, 11134 columns, and 33461 nonzeros.
Reduced MIP has 10414 binaries, 280 generals, 0 SOSs, and 440 indicators.
Presolve time = 0.05 sec. (41.95 ticks)
Probing time = 0.09 sec. (32.21 ticks)
Tried aggregator 2 times.
Detecting symmetries...
Aggregator did 8 substitutions.
Reduced MIP has 1472 rows, 11126 columns, and 33453 nonzeros.
Reduced MIP has 10414 binaries, 388 generals, 0 SOSs, and 440 indicators.
Presolve time = 0.04 sec. (29.15 ticks)
Probing time = 0.03 sec. (5.63 ticks)
Clique table members: 20243.
MIP emphasis: balance optimality and feasibility.
MIP search method: dynamic search.
Parallel mode: deterministic, using up to 8 threads.
Root relaxation solution time = 0.20 sec. (102.38 ticks)

        Nodes                                         Cuts/
   Node  Left     Objective  IInf  Best Integer    Best Bound    ItCnt     Gap

      0     0       68.0000   343                     68.0000      713         
      0     0       68.0000   408                   Cuts: 265     1107         
      0     0       68.0000   396                   Cuts: 212     1461         
      0     0       68.0000   504                   Cuts: 468     2210         
Detecting symmetries...
      0     2       68.0000   328                     68.0000     2210         
Elapsed time = 5.15 sec. (2423.67 ticks, tree = 0.02 MB, solutions = 0)
     41    19       68.0000   364                     68.0000     6520         
    114    87       69.0000   296                     68.0000    12401         
    172   146    infeasible                           68.0000    20147         
    256   158       69.0000   291                     68.0000    27044         
    396   296       68.0000   307                     68.0000    40762         
    527   331       85.5000   469                     68.0000    45107         
    562   419       87.0000   364                     68.0000    63802         
    661   463       86.0000   280                     68.0000    74115         
    796   550       87.0000   354                     68.0000    86449         
   1100   681       69.0000   287                     68.0000   115307         
Elapsed time = 11.90 sec. (5546.51 ticks, tree = 8.90 MB, solutions = 0)
   1739  1198       82.0000   295                     68.0000   160368         
   2671  1721       86.0000   185                     68.0000   196189         
   3290  2106    infeasible                           68.0000   234539         

Performing restart 1

Repeating presolve.
Tried aggregator 1 time.
MIP Presolve eliminated 0 rows and 216 columns.
Reduced MIP has 1472 rows, 10910 columns, and 32805 nonzeros.
Reduced MIP has 10198 binaries, 388 generals, 0 SOSs, and 440 indicators.
Presolve time = 0.02 sec. (16.16 ticks)
Tried aggregator 1 time.
Reduced MIP has 1472 rows, 10910 columns, and 32805 nonzeros.
Reduced MIP has 10198 binaries, 388 generals, 0 SOSs, and 440 indicators.
Presolve time = 0.03 sec. (22.72 ticks)
Represolve time = 0.20 sec. (97.27 ticks)
   3372     0       68.0000   500                   Cuts: 379   260811         
   3372     0       68.0000   671                   Cuts: 468   263908         
   3372     0       68.0000   623                   Cuts: 333   266370         
   3372     0       68.0000   630                   Cuts: 208   269507         
   3372     0       68.0000   628                   Cuts: 241   273402         
   3372     2       68.0000   447                     68.0000   273402         
   3378     8       68.0000   352                     68.0000   276054         
   3401     8       68.0000   335                     68.0000   276642         
   3433    30       72.0000   519                     68.0000   286085         
   3548    92       69.0000   287                     68.0000   302973         
   3738   274       69.0000   334                     68.0000   316873         
   4027   482       70.0000   289                     68.0000   331048         
Elapsed time = 47.70 sec. (25507.59 ticks, tree = 5.73 MB, solutions = 0)
   4200   570    infeasible                           68.0000   340030         
   4235   658       69.0000   321                     68.0000   353790         
   4282   667       69.0000   384                     68.0000   363041         
   4568   761       70.0000   266                     68.0000   375515         
   5153  1008       70.0000   295                     68.0000   394470         
   5558  1629       68.0000   357                     68.0000   441676         
   5741  1755       68.1818   682                     68.0000   462087         
   5782  1800       86.0000   440                     68.0000   497239         
   5842  1828       86.0000   316                     68.0000   528636         
   6237  1960       71.3333   523                     68.0000   561649         
Elapsed time = 69.92 sec. (35229.17 ticks, tree = 30.35 MB, solutions = 0)
   6513  2081       80.0000   511                     68.0000   582188         
   6552  2346       83.0000   350                     68.0000   607255         
   6604  2362    infeasible                           68.0000   633776         
   6874  2417       81.0000   353                     68.0000   657834         
   7296  2618       68.0000   346                     68.0000   688841         
   7391  2955       79.3333   540                     68.0000   717712         
   7430  2972       85.6667   462                     68.0000   738827         
   7750  3081       87.0000   340                     68.0000   758251         
   8079  3252       87.0000   330                     68.0000   780026         
   8133  3464       80.0000   434                     68.0000   813130         
Elapsed time = 96.55 sec. (44866.81 ticks, tree = 60.54 MB, solutions = 0)
   8172  3544       68.0000   555                     68.0000   834464         
   8201  3587       82.0000   383                     68.0000   857897         
   8244  3625    infeasible                           68.0000   885528         
   8434  3668       76.0000   338                     68.0000   909219         
   8731  3786       85.0000   282                     68.0000   927852         
   8758  3900       69.0000   483                     68.0000   950678         
   8784  4045       69.0000   378                     68.0000   988862         
   8828  4083       74.0000   341                     68.0000  1020451         
   9107  4137       86.0000   296                     68.0000  1030427         
   9154  4151       68.0000   543                     68.0000  1034746         
Elapsed time = 118.02 sec. (54607.37 ticks, tree = 67.81 MB, solutions = 0)

Performing restart 2

Repeating presolve.
Tried aggregator 1 time.
MIP Presolve eliminated 0 rows and 1 columns.
MIP Presolve modified 9883 coefficients.
Reduced MIP has 1472 rows, 10909 columns, and 42753 nonzeros.
Reduced MIP has 10197 binaries, 388 generals, 0 SOSs, and 440 indicators.
Presolve time = 0.04 sec. (30.93 ticks)
Tried aggregator 1 time.
Reduced MIP has 1472 rows, 10909 columns, and 42753 nonzeros.
Reduced MIP has 10197 binaries, 388 generals, 0 SOSs, and 440 indicators.
Presolve time = 0.04 sec. (28.52 ticks)
Represolve time = 0.32 sec. (165.55 ticks)
   9156     0       68.0000   662                   Cuts: 363  1071283         
   9156     0       68.0000   736                   Cuts: 336  1075715         
   9156     0       68.0000   688                   Cuts: 334  1080205         
   9156     0       68.0000   680                   Cuts: 448  1084871         
   9156     0       68.0000   724                   Cuts: 369  1091860         
   9156     0       68.0000   667                   Cuts: 306  1097715         
   9156     0       68.0000   679                   Cuts: 283  1102554         
   9156     0       68.0083   898                   Cuts: 354  1111437         
   9156     0       69.0000   717                   Cuts: 267  1114522         
   9156     0       69.0000   804                   Cuts: 468  1116434         
   9156     0       69.0000   703                   Cuts: 300  1119609         
   9156     0       69.0000   674                   Cuts: 468  1123118         
   9156     0       69.0000   793                   Cuts: 468  1128328         
   9156     2       69.0000   403                     69.0000  1128328         
   9160     6       69.0000   427                     69.0000  1130915         
   9165     7       69.0000   487                     69.0000  1136584         
   9173    15       69.0000   404                     69.0000  1150449         
   9189    20       69.0000   514                     69.0000  1163885         
   9210    33       70.0000   486                     69.0000  1181211         
   9244    55       70.0000   443                     69.0000  1198888         
   9272    87       83.0000   344                     69.0000  1219572         
   9302   118       70.0000   385                     69.0000  1239047         
   9367   144       83.0000   252                     69.0000  1254352         
Elapsed time = 213.70 sec. (101578.83 ticks, tree = 0.35 MB, solutions = 0)
   9441   222       80.0000   319                     69.0000  1298127         
   9505   265       69.0000   388                     69.0000  1317313         
   9578   336       70.0000   391                     69.0000  1360160         
   9635   350       80.0000   459                     69.0000  1370036         
   9668   413       85.0000   293                     69.0000  1396587         
   9700   451       82.0000   348                     69.0000  1449295         
   9741   460       85.0000   317                     69.0000  1443992         
   9780   505       70.0000   561                     69.0000  1531943         
   9813   512       85.5000   582                     69.0000  1551405         
   9850   522    infeasible                           69.0000  1565049         
Elapsed time = 232.43 sec. (111327.94 ticks, tree = 1.75 MB, solutions = 0)
   9883   569       86.0000   444                     69.0000  1616606         
   9927   583       80.0000   353                     69.0000  1645492         
   9979   638       86.0000   342                     69.0000  1686094         
  10065   635       81.0000   423                     69.0000  1670180         
  10156   700       86.5000   521                     69.0000  1723977         
  10239   712    infeasible                           69.0000  1742164         
  10280   813       81.0000   407                     69.0000  1769322         
  10329   828       85.0000   315                     69.0000  1771669         
  10369   871       69.0000   581                     69.0000  1799224         
  10402   909       71.0000   591                     69.0000  1823046         
Elapsed time = 251.52 sec. (121041.18 ticks, tree = 5.50 MB, solutions = 0)
  10443  1021    infeasible                           69.0000  1897803         
  10488   999       86.3333   569                     69.0000  1881907         
  10523  1024       70.9272   758                     69.0000  1908768         
  10535  1072       86.0000   373                     69.0000  1955148         
  10553  1076       86.0000   353                     69.0000  1959422         
  10592  1117       86.0000   374                     69.0000  2019228         
  10622  1123    infeasible                           69.0000  2022295         
  10640  1143       79.3333   657                     69.0000  2066870         
  10660  1149       85.5000   638                     69.0000  2079740         
  10679  1187       86.0000   453                     69.0000  2141186         
Elapsed time = 269.99 sec. (130855.33 ticks, tree = 9.05 MB, solutions = 0)
  10706  1195       81.0000   377                     69.0000  2123890         
  10724  1203       82.0000   358                     69.0000  2127781         
  10748  1225       80.5000   689                     69.0000  2194035         
  10771  1123       69.0000   686                     69.0000  2029366         
  10802  1249       86.0000   353                     69.0000  2221200         
  10844  1263       86.0000   475                     69.0000  2252265         
  10891  1319       87.0000   307                     69.0000  2295584         
  10938  1351       87.0000   248                     69.0000  2320349         
  10962  1297       86.0000   403                     69.0000  2294351         
  11146  1424       86.0000   392                     69.0000  2403503         
Elapsed time = 293.74 sec. (143474.81 ticks, tree = 14.37 MB, solutions = 0)
  11261  1531       69.0000   718                     69.0000  2490553         
  11376  1722       87.0000   278                     69.0000  2659873         
  11527  1773       82.0000   507                     69.0000  2723058         
  11647  1888       87.0000   290                     69.0000  2859048         
  11789  1948       86.0000   451                     69.0000  2952520         
  11911  2047       85.0000   490                     69.0000  3042620         
  12054  2182       87.0000   321                     69.0000  3150477         
  12129  2269       82.0000   490                     69.0000  3236561         
  12223  2366       87.0000   342                     69.0000  3371977         
  12340  2386       87.0000   515                     69.0000  3468423         
Elapsed time = 369.58 sec. (181899.05 ticks, tree = 32.92 MB, solutions = 0)
  12535  2560       87.0000   219                     69.0000  3574984         
  12638  2659       85.5000   689                     69.0000  3674877         
  12731  2705       86.0000   468                     69.0000  3732899         
  12814  2745       86.0000   594                     69.0000  3808962         
  12919  2867       87.0000   423                     69.0000  3918839         
  13017  2910       80.0000   458                     69.0000  3990804         
  13104  3007       72.1212   796                     69.0000  4128505         
  13195  3038       86.0000   348                     69.0000  4158215         
  13312  3186       86.0000   265                     69.0000  4316999         
  13375  3108       69.0000   715                     69.0000  4279160         
Elapsed time = 442.69 sec. (220278.00 ticks, tree = 49.64 MB, solutions = 0)
  13435  3273       84.0000   581                     69.0000  4449747         
  13500  3360       86.0000   432                     69.0000  4591525         
  13564  3390       87.0000   469                     69.0000  4649439         
  13662  3453       86.0000   420                     69.0000  4774268         
  13720  3441       81.0000   671                     69.0000  4770370         
  13783  3500    infeasible                           69.0000  4862301         
  13864  3577       85.0000   395                     69.0000  4979272         
  13978  3649       87.0000   309                     69.0000  5093425         
  14036  3685       80.0000   499                     69.0000  5164719         
  14092  3750       85.0000   510                     69.0000  5264859         
Elapsed time = 519.65 sec. (259475.79 ticks, tree = 63.73 MB, solutions = 0)
  14167  3841    infeasible                           69.0000  5409497         
  14236  3857    infeasible                           69.0000  5447816         
  14331  3888       87.0000   330                     69.0000  5536553         
  14453  4003       84.0000   567                     69.0000  5729767         
  14544  4009       86.0000   500                     69.0000  5743916         
  14635  4121       86.0000   495                     69.4676  5897389         
  14710  4111       87.0000   456                     69.4786  5890117         
  14787  4222       87.0000   380                     69.4786  6070301         
  14888  4267       78.4828   711                     69.4786  6141335         
  15022  4347       86.0000   472                     69.4786  6272794         
Elapsed time = 595.66 sec. (297964.12 ticks, tree = 75.85 MB, solutions = 0)
  15092  4387       87.0000   392                     70.0000  6316255         
  15164  4505       87.0000   349                     70.0000  6478176         
  15239  4537       87.0000   397                     70.0000  6509565         
  15299  4626       86.0000   393                     70.0000  6691943         
  15365  4622       85.0000   455                     70.0000  6683293         
  15435  4693       86.0500   578                     70.0000  6829083         
  15526  4783       78.4828   738                     70.0000  7033801         
  15565  4789       84.0000   503                     70.0000  7044288         
  15632  4818       87.0000   410                     70.0000  7120396         
  15747  4870       86.0000   409                     70.0000  7198786         
Elapsed time = 670.45 sec. (336680.79 ticks, tree = 84.39 MB, solutions = 0)
  15891  4965    infeasible                           70.0000  7406868         
  15974  4954       81.0000   603                     70.0000  7387823         
  16034  5081       87.0000   436                     70.0000  7465905         
  16118  5188       87.0000   325                     70.0000  7585770         
  16188  5216       75.1970   803                     70.0000  7692972         
  16233  5345       79.6667   685                     70.0000  7879023         
  16277  5354       80.0000   483                     70.0000  7889988         
  16337  5405       86.0000   419                     70.0000  8059979         
  16473  5457       86.0000   238                     70.0000  8069912         
  16561  5435       86.0000   463                     70.0000  8155537         
Elapsed time = 745.12 sec. (375255.02 ticks, tree = 98.11 MB, solutions = 0)
  16619  5489       86.0000   380                     70.0000  8245049         
  16672  5640       80.0000   615                     70.0000  8411802         
  16721  5716       86.0000   648                     70.0000  8505733         
  16775  5722       87.0000   469                     70.0000  8520238         
  16844  5801       87.0000   381                     70.0000  8722504         
  16906  5812       86.0000   635                     70.0000  8754556         
  16971  5839    infeasible                           70.0000  8811098         
  17015  5878       85.0000   553                     70.0000  8925216         
  17064  5887       86.0000   491                     70.0000  8937321         
  17143  6003       87.0000   470                     70.0000  9207765         
Elapsed time = 822.16 sec. (414085.65 ticks, tree = 111.66 MB, solutions = 0)
  17218  6032       86.0000   446                     70.0000  9260014         
  17299  6051       87.0000   317                     70.0000  9273230         
  17373  6105       86.0000   371                     70.0000  9384903         
  17450  6116       70.0000   748                     70.0000  9393152         
  17532  6259       82.0000   689                     70.0000  9627636         
  17642  6203       87.0000   348                     70.0000  9562525         
  17728  6268       81.6000   703                     70.0000  9651908         
  17778  6378       84.0000   495                     70.0000  9787113         
  17836  6450       84.0000   567                     70.0000  9899555         
  17900  6498       86.0000   433                     70.0000  9984185         
Elapsed time = 894.79 sec. (452721.14 ticks, tree = 127.00 MB, solutions = 0)
  17953  6553    infeasible                           70.0000 10109949         
  17994  6573       86.0000   527                     70.0000 10145070         
  18046  6627       86.0000   514                     70.0000 10317526         
  18107  6618       87.0000   639                     70.0000 10248308         
  18172  6687       82.0000   581                     70.0000 10477317         
  18255  6696       80.3500   700                     70.0000 10485836         
  18365  6772       87.0000   131                     70.0000 10597904         
* 18413+ 6746                           87.0000       70.0000            19.54%
  18480  6783       87.0000   365       87.0000       70.0000 10653869   19.54%
  18570  6877       86.0000   394       87.0000       70.0000 10765791   19.54%
  18661  4978       83.0000   407       87.0000       70.0000 10886355   19.54%
Elapsed time = 969.57 sec. (491313.74 ticks, tree = 96.72 MB, solutions = 1)
  18715  4986       80.0000   588       87.0000       70.0000 10934287   19.54%
  18780  5084       85.0000   434       87.0000       70.0000 11006437   19.54%
  18866  5085       86.0000   681       87.0000       70.0000 11070956   19.54%
  18936  5219       86.0000   504       87.0000       70.0000 11414048   19.54%
  18989  5173       85.0000   387       87.0000       70.0000 11269904   19.54%
  19065  5222       81.0000   598       87.0000       70.0000 11437430   19.54%
  19127  5330       80.0000   435       87.0000       70.0000 11580008   19.54%
  19201  5353       86.0000   324       87.0000       70.0000 11591474   19.54%
  19294  5402       70.0000   689       87.0000       70.0000 11594923   19.54%
  19359  5546    infeasible             87.0000       70.0000 11991159   19.54%
Elapsed time = 1040.47 sec. (529781.49 ticks, tree = 116.09 MB, solutions = 1)
  19405  5454    infeasible             87.0000       70.0000 11927823   19.54%
  19451  5556       83.0000   445       87.0000       70.0000 12011283   19.54%
  19507  5618       86.0000   599       87.0000       70.0000 12285445   19.54%
  19565  5645       86.0000   410       87.0000       70.0000 12336656   19.54%
  19615  5645       79.3333   740       87.0000       70.0000 12352950   19.54%
  19664  5738       79.3333   766       87.0000       70.0000 12628244   19.54%
  19724  5723        cutoff             87.0000       70.0000 12571614   19.54%
  19768  5715       86.0000   467       87.0000       70.0000 12544764   19.54%
  19833  5804       83.1667   748       87.0000       70.0000 12811935   19.54%
  19886  5812       85.0000   644       87.0000       70.0000 12822797   19.54%
Elapsed time = 1112.13 sec. (568851.65 ticks, tree = 121.75 MB, solutions = 1)
  19922  5892       83.5000   657       87.0000       70.0000 13078112   19.54%
  19977  5899       85.0000   531       87.0000       70.0000 13088586   19.54%
  20024  5933       80.8571   786       87.0000       70.0000 13168612   19.54%
  20070  5962       80.0000   497       87.0000       70.0000 13217372   19.54%
  20117  6036       84.0000   406       87.0000       70.0000 13427761   19.54%
  20169  5984       86.0000   491       87.0000       70.0000 13331947   19.54%
  20218  6095    infeasible             87.0000       70.0000 13629931   19.54%
  20269  6054       85.0000   407       87.0000       70.0000 13462933   19.54%
  20306  6076       82.0000   586       87.0000       70.0000 13580055   19.54%
  20358  6157       85.0000   324       87.0000       70.0000 13798079   19.54%
Elapsed time = 1185.46 sec. (608173.42 ticks, tree = 128.14 MB, solutions = 1)
  20406  6186       83.0000   670       87.0000       70.0000 13985160   19.54%
  20463  6181       82.6667   608       87.0000       70.0000 13928868   19.54%
  20510  6189       86.0000   392       87.0000       70.0000 13947416   19.54%
  20562  6301       86.0000   445       87.0000       70.0000 14359536   19.54%
  20601  6320       80.5000   661       87.0000       70.0000 14426861   19.54%
  20647  6295       79.3333   703       87.0000       70.0000 14345520   19.54%
  20714  6391       86.0000   485       87.0000       70.0000 14579093   19.54%
  20788  6407       86.0000   551       87.0000       70.0000 14680393   19.54%
  20838  6420       86.0000   448       87.0000       70.0000 14693221   19.54%
  20894  6499       85.0000   533       87.0000       70.0000 14912138   19.54%
Elapsed time = 1257.68 sec. (646802.20 ticks, tree = 132.53 MB, solutions = 1)
  20964  6545       86.0000   457       87.0000       70.0000 14958434   19.54%
  21038  6597       85.0000   464       87.0000       70.0000 15110372   19.54%
  21090  6545        cutoff             87.0000       70.0000 15011556   19.54%
  21121  6560       82.0000   586       87.0000       70.0000 15074408   19.54%
  21188  6731       86.0000   455       87.0000       70.0000 15375822   19.54%
  21240  6661       85.0000   576       87.0000       70.0000 15279401   19.54%
  21291  6764    infeasible             87.0000       70.1975 15490540   19.31%
  21345  6760       84.0000   391       87.0000       70.2500 15409236   19.25%
  21421  6834       86.0000   452       87.0000       70.4416 15699084   19.03%
  21488  6787       85.0000   498       87.0000       70.4416 15566409   19.03%
Elapsed time = 1331.48 sec. (685304.76 ticks, tree = 141.14 MB, solutions = 1)
  21559  6931       86.0000   417       87.0000       70.4416 15938801   19.03%
  21625  7022       86.0000   346       87.0000       70.4416 16114292   19.03%
  21680  6944       86.0000   617       87.0000       70.5591 15964002   18.90%
  21748  6963       85.5000   645       87.0000       70.5591 16014571   18.90%
  21801  7086       86.0000   378       87.0000       71.0000 16288483   18.39%
  21858  7127       86.0000   378       87.0000       71.0000 16379929   18.39%
  21900  7092       71.7778   820       87.0000       71.0000 16321702   18.39%
  21954  7219       86.0000   486       87.0000       71.0000 16640835   18.39%
  22007  7209       86.0000   462       87.0000       71.0000 16606262   18.39%
  22037  7300       80.5000   650       87.0000       71.0000 16925715   18.39%
Elapsed time = 1405.39 sec. (724181.87 ticks, tree = 153.02 MB, solutions = 1)
  22089  7306       86.0000   469       87.0000       71.0000 16943601   18.39%
  22157  7315    infeasible             87.0000       71.0000 16960093   18.39%
  22235  7388       86.0000   454       87.0000       71.0000 17183881   18.39%
  22282  7361       86.0000   498       87.0000       71.0000 17068335   18.39%
  22340  7374    infeasible             87.0000       71.0000 17160520   18.39%
  22382  7426       82.5000   658       87.0000       71.0000 17357311   18.39%
  22441  7463       86.0000   538       87.0000       71.0000 17427528   18.39%
  22529  7470       86.0000   463       87.0000       71.0000 17439726   18.39%
  22575  7538       86.0000   571       87.0000       71.0000 17598693   18.39%
  22643  7679       86.0000   479       87.0000       71.0000 17991236   18.39%
Elapsed time = 1483.99 sec. (763060.48 ticks, tree = 155.94 MB, solutions = 1)
  22694  7685       86.0000   454       87.0000       71.0000 18010942   18.39%
  22757  7662       86.0000   532       87.0000       71.0000 17979783   18.39%
  22825  7798       84.0000   601       87.0000       71.0000 18247942   18.39%
  22864  7814       86.0000   399       87.0000       71.0000 18261503   18.39%
  22904  7817       83.0000   732       87.0000       71.0000 18274735   18.39%
  22945  7825       86.0000   454       87.0000       71.0000 18344651   18.39%
  22994  7899       85.0000   451       87.0000       71.0000 18598289   18.39%
  23057  7847    infeasible             87.0000       71.0000 18491910   18.39%
  23093  7933    infeasible             87.0000       71.0000 18663967   18.39%
  23151  7994       85.0000   364       87.0000       71.0000 18808406   18.39%
Elapsed time = 1559.03 sec. (801725.57 ticks, tree = 167.93 MB, solutions = 1)
  23242  8061       83.6667   542       87.0000       71.5962 19002265   17.71%
  23306  7986       86.0000   585       87.0000       71.5962 18820630   17.71%
  23374  8076       86.0000   603       87.0000       71.8750 19088570   17.39%
  23416  8027       86.0000   625       87.0000       71.8750 18857762   17.39%
  23467  8169       86.0000   554       87.0000       71.9412 19318763   17.31%
  23509  8216       86.0000   584       87.0000       72.0000 19471214   17.24%
  23553  8289       86.0000   456       87.0000       72.0000 19639992   17.24%
  23612  8222       79.6667   721       87.0000       72.0000 19499310   17.24%
  23673  8310       86.0000   499       87.0000       72.0000 19722430   17.24%
  23727  8269       86.0000   535       87.0000       72.0435 19623029   17.19%
Elapsed time = 1636.71 sec. (840712.39 ticks, tree = 177.52 MB, solutions = 1)
Starting limited solution polishing.
  23792  8361       86.0000   560       87.0000       72.1849 19910308   17.03%
  23838  8322       78.0000   690       87.0000       72.2069 19768659   17.00%
  23876  8437       86.0000   577       87.0000       72.3714 20159273   16.81%
  23921  8483       86.0000   358       87.0000       72.3714 20277508   16.81%
  23970  8460       79.3333   761       87.0000       72.3883 20246833   16.80%
  24035  8490       86.0000   410       87.0000       72.3883 20308086   16.80%
  24096  8473       86.0000   450       87.0000       72.3883 20268069   16.80%
  24161  8498       86.0000   555       87.0000       72.3883 20332756   16.80%
  24206  8575       85.0000   707       87.0000       72.3883 20593642   16.80%
  24257  8630       86.0000   557       87.0000       72.3883 20722263   16.80%
Elapsed time = 1712.14 sec. (879829.72 ticks, tree = 184.29 MB, solutions = 1)
  24311  8753       81.0000   492       87.0000       72.6241 20973495   16.52%
  24404  8742       84.0000   373       87.0000       73.0000 20919571   16.09%
  24469  8752       80.5000   746       87.0000       73.0000 20931680   16.09%
  24526  8783    infeasible             87.0000       73.0000 21075280   16.09%
  24579  8799       86.0000   504       87.0000       73.0000 21145144   16.09%
  24639  8865       86.0000   562       87.0000       73.6667 21382968   15.33%
  24700  8813        cutoff             87.0000       73.8125 21232732   15.16%
  24749  8994       86.0000   483       87.0000       74.0000 21634868   14.94%
  24803  8832       86.0000   503       87.0000       74.0000 21282199   14.94%
  24870  9014       86.0000   503       87.0000       74.0000 21662589   14.94%
Elapsed time = 1787.51 sec. (918791.18 ticks, tree = 197.95 MB, solutions = 1)
  24936  8991       86.0000   311       87.0000       74.0000 21617660   14.94%

GUB cover cuts applied:  955
Clique cuts applied:  20
Cover cuts applied:  680
Implied bound cuts applied:  675
Flow cuts applied:  2
Mixed integer rounding cuts applied:  372
Zero-half cuts applied:  83
Lift and project cuts applied:  1
Gomory fractional cuts applied:  37

Root node processing (before b&c):
  Real time             =    5.11 sec. (2409.98 ticks)
Parallel b&c, 8 threads:
  Real time             = 1794.91 sec. (923967.99 ticks)
  Sync time (average)   =  178.75 sec.
  Wait time (average)   =    0.03 sec.
                          ------------
Total (root+branch&cut) = 1800.02 sec. (926377.97 ticks)
! --------------------------------------------------------
! Status: FEASIBLE (time limit or other stopping criterion reached)
! Best span = 87
! Labeling: 73 82 39 10 85 17 12 60 69 7 45 30 19 22 76 55 13 34 36 54 6 25 69 27 53 28 75 44 47 80 59 52 74 36 5 26 51 20 16 46 86 24 39 50 35 56 20 41 37 31 64 36 70 36 51 35 54 45 58 11 35 23 38 16 69 67 43 54 37 16 68 2 14 48 65 15 9 35 17 53 2 81 21 87 8 36 77 63 17 70 51 71 1 16 72 42 50 35 66 33 40 32 18 57 84 45 79 29 49 17 61 3 83 1 78 4 62 
! --------------------------------------------------------
! All verification passed
