! Solving for graph /home/truongxuanhieu/CPLEX-MIP-for-MinSpanLabeling/benchmarks/cabp/L-bcspwr03.mtx.rnd
! Target value is set to 21
! Lower bound is set to 22
! Upper bound is set to 88
! Time limit is set to 1800
! Vertices mode is set to No hole
! Target value mode is set to Cyclic Antibandwidth
Version identifier: 22.2.0.0 | 2026-05-04 | 5dff98e58
CPXPARAM_TimeLimit                               1800
Tried aggregator 2 times.
MIP Presolve eliminated 181 rows and 280 columns.
MIP Presolve modified 20722 coefficients.
Aggregator did 712 substitutions.
Reduced MIP has 1574 rows, 11411 columns, and 34337 nonzeros.
Reduced MIP has 10637 binaries, 298 generals, 0 SOSs, and 476 indicators.
Presolve time = 0.06 sec. (43.96 ticks)
Probing time = 0.10 sec. (39.37 ticks)
Tried aggregator 2 times.
Detecting symmetries...
Aggregator did 7 substitutions.
Reduced MIP has 1567 rows, 11404 columns, and 34330 nonzeros.
Reduced MIP has 10637 binaries, 409 generals, 0 SOSs, and 476 indicators.
Presolve time = 0.04 sec. (30.40 ticks)
Probing time = 0.03 sec. (5.63 ticks)
Clique table members: 20276.
MIP emphasis: balance optimality and feasibility.
MIP search method: dynamic search.
Parallel mode: deterministic, using up to 8 threads.
Root relaxation solution time = 0.06 sec. (28.61 ticks)

        Nodes                                         Cuts/
   Node  Left     Objective  IInf  Best Integer    Best Bound    ItCnt     Gap

      0     0       42.0000   281                     42.0000      432         
      0     0       42.0000   520                   Cuts: 491      894         
      0     0       42.0000   450                   Cuts: 277     1136         
      0     0       42.0000   455                   Cuts: 491     1612         
      0     2       42.0000   306                     42.0000     1612         
Elapsed time = 3.11 sec. (1458.50 ticks, tree = 0.02 MB, solutions = 0)
    274   220       63.0000   239                     42.0000    12837         
    467   402       84.0000   301                     42.0000    21431         
    556   478       88.0000   346                     42.0000    33649         
    612   496       84.0000   290                     42.0000    34790         
    696   611       82.0000   233                     42.0000    51804         
    746   682       64.0000   215                     42.0000    59963         
    852   757       64.0000   287                     42.0000    72474         
    985   835       86.0000   240                     42.0000    80706         
   1129  1026       64.0000   201                     42.0000    98286         
   1672  1479       66.0000   203                     42.0000   134138         
Elapsed time = 9.22 sec. (4603.34 ticks, tree = 15.21 MB, solutions = 0)

Performing restart 1

Repeating presolve.
Tried aggregator 1 time.
Reduced MIP has 1567 rows, 11404 columns, and 34330 nonzeros.
Reduced MIP has 10637 binaries, 409 generals, 0 SOSs, and 476 indicators.
Presolve time = 0.02 sec. (16.79 ticks)
Tried aggregator 1 time.
Reduced MIP has 1567 rows, 11404 columns, and 34330 nonzeros.
Reduced MIP has 10637 binaries, 409 generals, 0 SOSs, and 476 indicators.
Presolve time = 0.03 sec. (24.21 ticks)
Represolve time = 0.19 sec. (92.66 ticks)
   1708     0       42.0000   442                   Cuts: 448   150760         
   1708     0       42.0000   660                   Cuts: 491   152503         
   1708     0       42.0000   571                   Cuts: 412   154427         
   1708     0       42.0000   624                   Cuts: 430   156360         
   1708     0       42.0000   640                   Cuts: 491   159176         
   1708     2       42.0000   356                     42.0000   159176         
   1744    16       42.2167   655                     42.0000   163785         
   1946   166       63.0000   232                     42.0000   178871         
   2326   583       63.0000   262                     42.0000   194749         
   2776   784       63.0000   264                     42.0000   211339         
   3344  1390       63.0000   238                     42.0000   241203         
   3775  1917    infeasible                           42.0000   287764         
   3858  2008       63.0000   306                     42.0000   312890         
   4993  2862       44.0000   291                     42.0000   352093         
   5638  3577       84.0000   203                     42.0000   382134         
Elapsed time = 35.23 sec. (18684.19 ticks, tree = 16.46 MB, solutions = 0)
   5770  3762       43.0000   465                     42.0000   406092         
   5854  3865       59.0000   435                     42.0000   432825         
   6449  4360       63.0000   292                     42.0000   487039         
   6823  4722       64.0000   230                     42.0000   507462         
   7167  5097    infeasible                           42.0000   535297         
   7343  5223       82.0000   278                     42.0000   550873         
   7855  5519       65.0000   220                     42.0000   580800         
   8328  6083       82.0000   231                     42.0000   619044         
   8663  6590    infeasible                           42.0000   667513         
   8681  6591       63.0000   355                     42.0000   679076         
Elapsed time = 53.46 sec. (28334.21 ticks, tree = 37.32 MB, solutions = 0)

Performing restart 2

Repeating presolve.
Tried aggregator 1 time.
MIP Presolve modified 44 coefficients.
Reduced MIP has 1567 rows, 11404 columns, and 43988 nonzeros.
Reduced MIP has 10637 binaries, 409 generals, 0 SOSs, and 476 indicators.
Presolve time = 0.03 sec. (21.57 ticks)
Tried aggregator 1 time.
Reduced MIP has 1567 rows, 11404 columns, and 43988 nonzeros.
Reduced MIP has 10637 binaries, 409 generals, 0 SOSs, and 476 indicators.
Presolve time = 0.04 sec. (29.86 ticks)
Represolve time = 0.27 sec. (156.09 ticks)
   8688     0       42.2258   853                   Cuts: 491   706092         
   8688     0       43.0000   782                   Cuts: 491   707908         
   8688     0       43.0000   808                   Cuts: 491   709480         
   8688     0       43.0000   627                   Cuts: 378   710957         
   8688     0       43.0000   777                   Cuts: 491   712290         
   8688     0       43.0000   628                   Cuts: 348   713503         
   8688     0       43.0000   687                   Cuts: 491   715016         
   8688     0       43.0000   697                   Cuts: 421   716699         
   8688     0       43.0000   642                   Cuts: 491   718662         
   8688     0       43.0000   718                   Cuts: 491   720350         
   8688     0       43.2959   815                   Cuts: 370   721923         
   8688     0       43.2959   831                   Cuts: 491   723536         
   8688     2       44.0000   462                     43.2959   723536         
   8757    59       63.0000   328                     44.0000   726539         
   9012   281       63.0000   276                     44.0000   731605         
   9222   446       69.0000   278                     44.0000   734381         
   9491   671       63.0000   330                     44.0000   741165         
   9714   925       63.0000   259                     44.0000   754190         
   9940  1161       75.0000   253                     44.0000   767566         
  10170  1281       84.0000   322                     44.0000   780410         
  10359  1525       84.0000   223                     44.0000   794739         
  10572  1726       64.0000   292                     44.0000   814733         
Elapsed time = 91.44 sec. (50305.87 ticks, tree = 9.73 MB, solutions = 0)
  10806  1857       78.0000   144                     44.0000   835498         
  11036  2064       74.0000   238                     44.0000   859341         
  11280  2322       74.0000   182                     44.0000   884668         
  11549  2618       63.0000   199                     44.0000   918407         
  11826  2797       63.0000   337                     44.0000   943893         
  12115  3024       63.0000   254                     44.0000   957887         
  12370  3244       85.0000   280                     44.0000   978961         
  12627  3472       84.0000   283                     44.0000   998126         
  12892  3738       86.0000   155                     44.0000  1029332         
  13159  3942       77.0000   253                     44.0000  1055479         
Elapsed time = 108.45 sec. (59869.61 ticks, tree = 34.15 MB, solutions = 0)
  13442  4246       64.0000   220                     44.0000  1076638         
  13791  4633       67.0000   170                     44.0000  1103322         
  14163  4803       65.0000   216                     44.0000  1117964         
  14493  5319       65.0000   287                     44.0000  1156514         
  14783  5540       65.0000   247                     44.0000  1177627         
  14980  5823       66.0000   265                     44.0000  1202145         
  15255  5924       64.0000   225                     44.0000  1227958         
  15543  6251       64.0000   259                     44.0000  1254359         
  15815  6583       64.0000   205                     44.0000  1282769         
  16135  6844       65.0000   245                     44.0000  1293231         
Elapsed time = 127.13 sec. (69430.02 ticks, tree = 62.49 MB, solutions = 0)
  16369  7026       79.0000   338                     46.0000  1313849         
  16598  7368       85.0000   252                     46.0000  1343585         
  16776  7461    infeasible                           46.0000  1363505         
  17068  7651       85.0000   249                     46.0000  1406138         
  17438  8007       84.0000   333                     46.0000  1436613         
  17853  8204       63.0000   156                     46.0000  1455585         
  18294  8649       84.0000   261                     46.0000  1513540         
  18881  9139       63.0000   338                     63.0000  1547864         
  19568  9443       85.0000   203                     63.0000  1577123         
  20094  9789       85.0000   266                     63.0000  1608224         
Elapsed time = 145.26 sec. (78988.72 ticks, tree = 111.14 MB, solutions = 0)
  20612 10453    infeasible                           63.0000  1679753         
  21112 10923       64.0000   145                     63.0000  1749950         
  21557 11280       85.0000   285                     63.0000  1800384         
  21749 11511       85.0000   385                     63.0000  1857257         
  21944 11657       85.0000   230                     63.0000  1958038         
  22156 11686    infeasible                           63.0000  1988957         
  22360 11864       85.0000   269                     63.0000  2049322         
  22640 11942       85.0000   254                     63.0000  2088116         
  22969 12136       85.0000   249                     63.0000  2105683         
  23209 12213       63.0000   228                     63.0000  2127111         
Elapsed time = 163.62 sec. (88544.77 ticks, tree = 159.28 MB, solutions = 0)
  23350 12601       86.0000   295                     63.0000  2224554         
  23495 12631       85.0000   312                     63.0000  2255939         
  23709 12728       85.0000   339                     63.0000  2295561         
  23949 12866       85.0000   283                     63.0000  2327374         
  24222 13056       75.0000   306                     63.0000  2398883         
  24443 13063       82.0000   390                     63.0000  2393868         
  24614 13292       63.0000   287                     63.0000  2439859         
  24836 13506       63.0000   260                     63.0000  2489904         
  25133 13536       83.0000   269                     63.0000  2504604         
  25405 13820       64.0000   199                     63.0000  2546871         
Elapsed time = 182.65 sec. (98110.37 ticks, tree = 181.42 MB, solutions = 0)
  25660 14213       85.0000   172                     63.0000  2602412         
  25844 14335       63.0000   301                     63.0000  2663840         
  26249 14462       83.0000   213                     63.0000  2681718         
  26675 14576       85.0000   170                     63.0000  2698724         
  26970 15007       63.0000   252                     63.0000  2746702         
  27269 15344       85.0000   283                     63.0000  2784594         
  27719 15740       64.0000   174                     63.0000  2827957         
  28356 15901       70.0000   219                     63.0000  2842444         
  28997 16180       63.0000   215                     63.0000  2885083         
  30598 16840       64.0000   306                     63.0000  3000622         
Elapsed time = 209.02 sec. (110534.38 ticks, tree = 237.63 MB, solutions = 0)
  32295 17854       64.0000   290                     63.0000  3113143         
  34247 19485       63.0000   304                     63.0000  3304698         
  36397 21101    infeasible                           63.0000  3475178         
* 37002+21862                           86.0000       63.0000            26.74%
  37737 20455       84.0000   234       86.0000       63.0000  3578777   26.74%
  38719 21256       85.0000   180       86.0000       63.0000  3715572   26.74%
  39360 21611       84.0000   199       86.0000       63.0000  3785114   26.74%
* 39413+21408                           85.0000       63.0000            25.88%
* 39589+21408                           84.0000       63.0000            25.00%
  39950 10721       63.0000   448       84.0000       63.0000  3926799   25.00%
  40583 10873       79.0000   389       84.0000       63.0000  4043949   25.00%
  40873 11105       63.0000   384       84.0000       63.0000  4160203   25.00%
  41329 11194       63.0000   398       84.0000       63.0000  4291055   25.00%
Elapsed time = 288.64 sec. (148723.95 ticks, tree = 163.55 MB, solutions = 6)
  41611 11360    infeasible             84.0000       63.0000  4431406   25.00%
  41799 11397       63.0000   383       84.0000       63.0000  4492065   25.00%
  42021 11443       64.0000   471       84.0000       63.0000  4570488   25.00%
  42168 11504        cutoff             84.0000       63.0000  4675286   25.00%
  42331 11561       64.0000   588       84.0000       63.0000  4810195   25.00%
  42576 11593       63.0000   550       84.0000       63.0000  4866887   25.00%
  42816 11632       64.0000   496       84.0000       63.0000  4945142   25.00%
  42981 11797       64.0000   533       84.0000       63.0000  5021220   25.00%
  43171 11887       64.0000   502       84.0000       63.0000  5141546   25.00%
  43301 11899       63.0000   692       84.0000       63.0000  5187027   25.00%
Elapsed time = 362.87 sec. (187082.53 ticks, tree = 176.32 MB, solutions = 6)
  43410 11981       64.0000   448       84.0000       63.0000  5243244   25.00%
  43533 12003        cutoff             84.0000       63.0000  5304810   25.00%
  43677 12025       63.0000   664       84.0000       63.0000  5394272   25.00%
  43798 12081       63.0000   669       84.0000       63.0000  5531060   25.00%
  43956 12119       65.0000   358       84.0000       63.0000  5587832   25.00%
  44221 12122       63.0000   522       84.0000       63.0000  5648541   25.00%
  44329 12323       64.0000   579       84.0000       63.0000  5795457   25.00%
  44459 12329       65.0000   497       84.0000       63.0000  5825492   25.00%
  44639 12401        cutoff             84.0000       63.0000  5896723   25.00%
  44794 12415       63.0000   583       84.0000       63.0000  5979912   25.00%
Elapsed time = 435.44 sec. (225739.84 ticks, tree = 190.04 MB, solutions = 6)
  44876 12499       63.0000   462       84.0000       63.0000  6103519   25.00%
  44951 12511    infeasible             84.0000       63.0000  6200793   25.00%
  45033 12515       64.0000   567       84.0000       63.0000  6219728   25.00%
  45140 12538       63.0000   578       84.0000       63.0000  6356200   25.00%
  45290 12597       64.0000   577       84.0000       63.0000  6429365   25.00%
  45475 12614       63.0000   679       84.0000       63.0000  6471874   25.00%
  45562 12696       63.0000   621       84.0000       63.0000  6518962   25.00%
  45649 12717       64.0000   541       84.0000       63.0000  6616416   25.00%
  45719 12717       63.0000   541       84.0000       63.0000  6648490   25.00%
  45814 12725       64.0000   550       84.0000       63.0000  6731289   25.00%
Elapsed time = 507.57 sec. (264329.12 ticks, tree = 200.04 MB, solutions = 6)
  45925 12759       63.0000   554       84.0000       63.0000  6884319   25.00%
  46042 12771        cutoff             84.0000       63.0000  6901316   25.00%
  46133 12810        cutoff             84.0000       63.0000  7005470   25.00%
  46260 12846       76.0000   309       84.0000       63.0000  7035536   25.00%
  46403 12870       64.0000   594       84.0000       63.0000  7149319   25.00%
  46505 12897    infeasible             84.0000       63.0000  7230013   25.00%
  46560 12914       63.0000   503       84.0000       63.0000  7274621   25.00%
  46608 12961    infeasible             84.0000       63.0000  7427510   25.00%
  46679 12963       64.0000   468       84.0000       63.0000  7437139   25.00%
  46782 12986       73.0000   502       84.0000       63.0000  7554374   25.00%
Elapsed time = 582.69 sec. (303323.94 ticks, tree = 207.59 MB, solutions = 6)
  46890 13001       71.0000   429       84.0000       63.0000  7615275   25.00%
  46984 13047        cutoff             84.0000       63.0000  7720200   25.00%
  47106 13084       63.0000   645       84.0000       63.0000  7789660   25.00%
  47236 13099       73.0000   348       84.0000       63.0000  7816767   25.00%
  47366 13145       74.0000   588       84.0000       63.0000  7934682   25.00%
  47448 13148    infeasible             84.0000       63.0000  7959148   25.00%
  47536 13254       64.0000   517       84.0000       63.0000  8069574   25.00%
  47620 13262       76.0000   414       84.0000       63.0000  8079016   25.00%
  47699 13303       64.0000   643       84.0000       63.0000  8169495   25.00%
  47783 13313       63.0000   469       84.0000       63.0000  8195548   25.00%
Elapsed time = 653.74 sec. (341908.16 ticks, tree = 219.28 MB, solutions = 6)
  47866 13335       63.0000   594       84.0000       63.0000  8269082   25.00%
  47951 13389       63.0000   736       84.0000       63.0000  8390957   25.00%
  48040 13440       64.0000   509       84.0000       63.0000  8486659   25.00%
  48131 13447       63.0000   551       84.0000       63.0000  8520414   25.00%
  48302 13491       76.2222   561       84.0000       63.0000  8560546   25.00%
  48379 13566       76.0000   334       84.0000       63.0000  8682846   25.00%
  48484 13593       76.0000   258       84.0000       63.0000  8699427   25.00%
  48560 13599       63.0000   558       84.0000       63.0000  8767789   25.00%
  48635 13679        cutoff             84.0000       63.0000  8901032   25.00%
  48718 13706       63.0000   627       84.0000       63.0000  8962699   25.00%
Elapsed time = 728.29 sec. (380649.65 ticks, tree = 229.45 MB, solutions = 6)
  48801 13748       63.0000   555       84.0000       63.0000  9016965   25.00%
  48925 13770       64.0000   596       84.0000       63.0000  9068381   25.00%
  49074 13831       73.0000   468       84.0000       63.0000  9149087   25.00%
  49297 13908       63.0000   684       84.0000       63.0000  9257021   25.00%
  49426 13888       63.0000   696       84.0000       63.0000  9234296   25.00%
  49581 14038        cutoff             84.0000       63.0000  9343902   25.00%
  49663 14166       64.0000   581       84.0000       63.0000  9405206   25.00%
  49743 14228       63.0000   581       84.0000       63.0000  9500982   25.00%
  49807 14263       64.0000   630       84.0000       63.0000  9547059   25.00%
  49856 14309       63.0000   546       84.0000       63.0000  9691665   25.00%
Elapsed time = 800.08 sec. (419264.82 ticks, tree = 250.01 MB, solutions = 6)
  49916 14322       66.0000   456       84.0000       63.0000  9726625   25.00%
  49987 14340       63.0000   638       84.0000       63.0000  9834652   25.00%
  50112 14336       63.0000   675       84.0000       63.0000  9786101   25.00%
  50209 14399       63.0000   632       84.0000       63.0000  9947104   25.00%
  50309 14410       63.0000   515       84.0000       63.0000  9971739   25.00%
  50401 14511    infeasible             84.0000       63.0000 10112108   25.00%
  50483 14525       63.0000   570       84.0000       63.0000 10130575   25.00%
  50587 14546       63.0000   613       84.0000       63.0000 10196697   25.00%
  50663 14587       66.0000   581       84.0000       63.0000 10279023   25.00%
  50743 14606       63.0000   690       84.0000       63.0000 10301880   25.00%
Elapsed time = 873.59 sec. (457680.76 ticks, tree = 263.32 MB, solutions = 6)
  50812 14633       72.5000   696       84.0000       63.0000 10368502   25.00%
  50893 14666        cutoff             84.0000       63.0000 10434364   25.00%
  50971 14686       64.0000   619       84.0000       63.0000 10486865   25.00%
  51027 14724       63.0000   617       84.0000       63.0000 10576941   25.00%
  51063 14752    infeasible             84.0000       63.0000 10620039   25.00%
  51101 14801       64.0000   589       84.0000       63.0000 10696680   25.00%
  51171 14828    infeasible             84.0000       63.0000 10894772   25.00%
  51243 14826       63.0000   691       84.0000       63.0000 10877611   25.00%
  51348 14870        cutoff             84.0000       63.0000 11012188   25.00%
  51462 14885       63.0000   623       84.0000       63.0000 11054525   25.00%
Elapsed time = 945.94 sec. (496874.30 ticks, tree = 271.88 MB, solutions = 6)
  51572 14897       64.0000   459       84.0000       63.0000 11064981   25.00%
  51728 14925        cutoff             84.0000       63.0000 11108652   25.00%
  51835 15037        cutoff             84.0000       63.0000 11233661   25.00%
  51949 15043       83.0000   545       84.0000       63.0000 11248131   25.00%
  52029 15135    infeasible             84.0000       63.0000 11382365   25.00%
  52105 15174    infeasible             84.0000       63.0000 11485563   25.00%
  52171 15191       65.0000   526       84.0000       63.0000 11508869   25.00%
  52235 15195       63.0000   605       84.0000       63.0000 11515760   25.00%
  52337 15227       66.0000   383       84.0000       63.0000 11636494   25.00%
  52602 15335       74.0000   255       84.0000       63.0000 11644541   25.00%
Elapsed time = 1019.47 sec. (535655.94 ticks, tree = 291.98 MB, solutions = 6)
  52719 15300       63.0000   734       84.0000       63.0000 11692479   25.00%
  52818 15255       63.0000   426       84.0000       63.0000 11749730   25.00%
  52897 15501       63.0000   503       84.0000       63.0000 11884872   25.00%
  52948 15535       63.0000   535       84.0000       63.0000 11987704   25.00%
  52993 15558        cutoff             84.0000       63.0000 12111220   25.00%
  53044 15563       75.0000   586       84.0000       63.0000 12046369   25.00%
  53142 15575    infeasible             84.0000       63.0000 12230230   25.00%
  53205 15573       78.0000   486       84.0000       63.0000 12240617   25.00%
  53302 15604       79.0000   484       84.0000       63.0000 12319360   25.00%
  53407 15627       63.0000   538       84.0000       63.0000 12418858   25.00%
Elapsed time = 1091.08 sec. (574538.37 ticks, tree = 304.22 MB, solutions = 6)
  53575 15648       63.0000   591       84.0000       63.0000 12448950   25.00%
  53864 15794       70.0000   262       84.0000       63.0000 12487805   25.00%
  54242 16096       66.0000   265       84.0000       63.0000 12684478   25.00%
  54641 16214       82.0000   214       84.0000       63.0000 12715459   25.00%
  55269 16183       70.0000   237       84.0000       63.0000 12771169   25.00%
  56043 16386       82.0000   281       84.0000       63.0000 12773910   25.00%
  56704 16354       71.0000   288       84.0000       63.0000 12841103   25.00%
  57141 17621       82.0000   355       84.0000       63.0000 13062018   25.00%
  57278 18046    infeasible             84.0000       63.0000 13156426   25.00%
  57431 18029    infeasible             84.0000       63.0000 13224863   25.00%
Elapsed time = 1169.78 sec. (612895.20 ticks, tree = 376.46 MB, solutions = 6)
  57559 17962       63.0000   291       84.0000       63.0000 13339221   25.00%
  57854 17936       66.0000   309       84.0000       63.0000 13385000   25.00%
  58495 18003       66.0000   276       84.0000       63.0000 13394586   25.00%
  59070 18072       64.0000   621       84.0000       63.0000 13421949   25.00%
  59512 18439       65.0000   349       84.0000       63.0000 13563650   25.00%
  59786 18722       71.0000   304       84.0000       63.0000 13638489   25.00%
  60064 18809       63.0000   551       84.0000       63.0000 13676630   25.00%
  60220 19032        cutoff             84.0000       63.0000 13749768   25.00%
  60338 19087       63.0000   628       84.0000       63.0000 13785376   25.00%
  60428 19325       70.0000   494       84.0000       63.0000 13891899   25.00%
Elapsed time = 1244.67 sec. (651178.22 ticks, tree = 446.82 MB, solutions = 6)
  60535 19363       63.0000   627       84.0000       63.0000 13949197   25.00%
  60639 19365       64.0000   484       84.0000       63.0000 14008236   25.00%
  60810 19380       63.0000   647       84.0000       63.0000 14140768   25.00%
  60943 19383       81.0000   672       84.0000       63.0000 14148249   25.00%
  61087 19340       65.0000   445       84.0000       63.0000 14371415   25.00%
  61247 19338       64.0000   710       84.0000       63.0000 14399089   25.00%
  61428 19344       63.0000   354       84.0000       63.0000 14465669   25.00%
  61675 19370       65.0000   661       84.0000       63.0000 14574621   25.00%
  62000 19475       79.0000   330       84.0000       63.0000 14475483   25.00%
  62127 19482       63.0000   495       84.0000       63.0000 14634460   25.00%
Elapsed time = 1318.55 sec. (689491.33 ticks, tree = 458.52 MB, solutions = 6)
  62346 19487    infeasible             84.0000       63.0000 14642830   25.00%
  62468 19652        cutoff             84.0000       63.0000 14664422   25.00%
  62565 19780       63.6301   652       84.0000       63.0000 14853940   25.00%
  62803 19793       64.0000   277       84.0000       63.0000 14953476   25.00%
  63298 19933       78.0000   326       84.0000       63.0000 14962130   25.00%
  63838 20011       79.0000   206       84.0000       63.0000 15096168   25.00%
  64640 20159       83.0000   381       84.0000       63.0000 15107577   25.00%
  65557 20765       76.5000   388       84.0000       63.0000 15255113   25.00%
  66791 20340       80.0000   298       84.0000       63.0000 15158714   25.00%
  68227 21119       76.0000   304       84.0000       63.0000 15265636   25.00%
Elapsed time = 1395.14 sec. (727899.98 ticks, tree = 531.38 MB, solutions = 6)
  69559 21544       83.0000   313       84.0000       63.0000 15318843   25.00%
  70519 22780       73.0000   302       84.0000       63.0000 15438211   25.00%
  70751 25419    infeasible             84.0000       63.0000 15705199   25.00%
  70901 25776    infeasible             84.0000       63.0000 15765788   25.00%
  71537 25716       78.0000   252       84.0000       63.0000 15860923   25.00%
  72506 25818       77.0000   252       84.0000       63.0000 15903936   25.00%
  73598 25987       79.0000   291       84.0000       63.0000 15956253   25.00%
  74083 27067       79.0000   260       84.0000       63.0000 16070256   25.00%
  75215 26059       70.0000   241       84.0000       63.0000 15934524   25.00%
  75687 27429       83.0000   245       84.0000       63.0000 16114510   25.00%
Elapsed time = 1484.23 sec. (766122.31 ticks, tree = 860.61 MB, solutions = 6)
  76232 28526       79.5000   398       84.0000       63.0000 16244174   25.00%
  76546 28083       67.0000   281       84.0000       63.0000 16183748   25.00%
  77139 28863    infeasible             84.0000       63.0000 16272416   25.00%
  77618 29782       83.0000   213       84.0000       63.0000 16344369   25.00%
  78010 29438       75.0000   236       84.0000       63.0000 16313428   25.00%
  78865 30371       82.0000   229       84.0000       63.0000 16396402   25.00%
  80003 30971       83.0000   260       84.0000       63.0000 16451841   25.00%
  81499 30982       75.0000   275       84.0000       63.0000 16453255   25.00%
  83178 33103       78.0000   275       84.0000       63.0000 16647854   25.00%
  84883 32056       81.0000   247       84.0000       63.0000 16552586   25.00%
Elapsed time = 1557.84 sec. (804317.50 ticks, tree = 1104.06 MB, solutions = 6)
  86624 35239       83.0000   245       84.0000       63.0000 16848362   25.00%
  88384 36043       80.0000   193       84.0000       63.0000 16948380   25.00%
  90239 37794       63.0000   299       84.0000       63.0000 17095193   25.00%
  91834 38910       64.0000   333       84.0000       63.0000 17185604   25.00%
  93230 39321       82.0000   255       84.0000       63.0000 17236384   25.00%
  93994 42596    infeasible             84.0000       63.0000 17555335   25.00%
  94245 41374       66.0625   539       84.0000       63.0000 17451911   25.00%
Starting limited solution polishing.
  94764 42872    infeasible             84.0000       63.0000 17608435   25.00%
  95935 43007       64.0000   234       84.0000       63.0000 17654070   25.00%
  97364 42903    infeasible             84.0000       63.0000 17722992   25.00%
Elapsed time = 1646.84 sec. (842535.76 ticks, tree = 1675.82 MB, solutions = 6)
  98529 43812       77.0000   244       84.0000       63.0000 17840311   25.00%
  99529 43557       82.0000   298       84.0000       63.0000 17831229   25.00%
 100596 45821       82.0000   350       84.0000       63.0000 18122287   25.00%
 101643 46461       82.0000   326       84.0000       63.0000 18212284   25.00%
 102615 46618       79.0000   304       84.0000       63.0000 18249116   25.00%
 103631 47152    infeasible             84.0000       63.0000 18340567   25.00%
 104668 47235       79.0000   274       84.0000       63.0000 18358872   25.00%
 105352 48061       80.0000   274       84.0000       63.0000 18525046   25.00%
 105700 48931        cutoff             84.0000       63.0000 18737863   25.00%
 106092 49620       63.0000   309       84.0000       63.0000 18895103   25.00%
Elapsed time = 1730.21 sec. (880733.02 ticks, tree = 2029.05 MB, solutions = 6)
 106876 49580    infeasible             84.0000       63.0000 18935549   25.00%
 108076 49927        cutoff             84.0000       63.0000 19027336   25.00%
 109375 49681       69.0000   318       84.0000       63.0000 18972958   25.00%
 110636 50762       63.0000   259       84.0000       63.0000 19192524   25.00%
 112385 50740       63.0000   291       84.0000       63.0000 19176124   25.00%
 113805 51377       63.0000   322       84.0000       63.0000 19296713   25.00%
 115403 52418       78.0000   316       84.0000       63.0000 19433192   25.00%
 116781 52816       63.0000   385       84.0000       63.0000 19503150   25.00%

GUB cover cuts applied:  1099
Clique cuts applied:  9
Cover cuts applied:  1607
Implied bound cuts applied:  1041
Flow cuts applied:  10
Mixed integer rounding cuts applied:  747
Zero-half cuts applied:  24
Lift and project cuts applied:  14
Gomory fractional cuts applied:  62

Root node processing (before b&c):
  Real time             =    3.10 sec. (1456.95 ticks)
Parallel b&c, 8 threads:
  Real time             = 1799.79 sec. (912622.50 ticks)
  Sync time (average)   =  170.32 sec.
  Wait time (average)   =    0.04 sec.
                          ------------
Total (root+branch&cut) = 1802.89 sec. (914079.45 ticks)
! --------------------------------------------------------
! Status: FEASIBLE (time limit or other stopping criterion reached)
! Best span = 84
! Labeling: 1 34 75 6 45 2 22 46 23 32 16 22 22 33 43 10 9 25 10 48 1 39 35 22 18 23 23 33 65 32 72 82 52 36 40 35 21 68 56 60 71 6 55 19 35 56 47 29 41 20 28 5 74 78 81 56 66 49 28 10 48 19 80 54 47 59 56 50 57 73 79 61 4 40 69 76 15 61 77 26 63 1 37 53 14 41 12 24 1 26 51 38 27 1 64 3 17 84 62 7 81 8 83 60 44 67 35 11 42 2 1 13 3 30 70 58 31 66 
! --------------------------------------------------------
! All verification passed
