! Solving for graph /home/truongxuanhieu/CPLEX-MIP-for-MinSpanLabeling/benchmarks/cabp/P-can__445.mtx.rnd
! Target value is set to 65
! Lower bound is set to 66
! Upper bound is set to 333
! Time limit is set to 1800
! Vertices mode is set to Has hole
! Target value mode is set to Cyclic Antibandwidth
Version identifier: 22.2.0.0 | 2026-05-04 | 5dff98e58
CPXPARAM_TimeLimit                               1800
Tried aggregator 2 times.
MIP Presolve eliminated 1683 rows and 1056 columns.
MIP Presolve modified 148464 coefficients.
Aggregator did 4699 substitutions.
Reduced MIP has 10637 rows, 156083 columns, and 321909 nonzeros.
Reduced MIP has 150146 binaries, 2128 generals, 0 SOSs, and 3809 indicators.
Presolve time = 0.59 sec. (769.78 ticks)
Probing time = 1.02 sec. (344.73 ticks)
Tried aggregator 1 time.
Detecting symmetries...
Reduced MIP has 10637 rows, 156083 columns, and 321909 nonzeros.
Reduced MIP has 150146 binaries, 2573 generals, 0 SOSs, and 3809 indicators.
Presolve time = 0.48 sec. (240.35 ticks)
Probing time = 0.16 sec. (40.15 ticks)
Clique table members: 73731.
MIP emphasis: balance optimality and feasibility.
MIP search method: dynamic search.
Parallel mode: deterministic, using up to 8 threads.
Root relaxation solution time = 0.62 sec. (287.00 ticks)

        Nodes                                         Cuts/
   Node  Left     Objective  IInf  Best Integer    Best Bound    ItCnt     Gap

      0     0      130.0000  1204                    130.0000     1764         
      0     0      130.0000  2643                  Cuts: 2759     4014         
      0     0      130.0000  2670                  Cuts: 2759     4964         
Detecting symmetries...
      0     2      130.0000  2578                    130.0000     4964         
Elapsed time = 48.06 sec. (41067.06 ticks, tree = 0.02 MB, solutions = 0)
      3     5      130.0000  1949                    130.0000     5795         
     11    10      130.0000  2131                    130.0000     7270         
     15    14      130.0000  2214                    130.0000     9235         
     22    20      130.0000  2147                    130.0000    10587         
     29    22      130.0000  2787                    130.0000    11698         
     35    31      130.0000  1988                    130.0000    13138         
     45    39      138.0000  2218                    130.0000    16045         
     52    52      138.0000  2144                    130.0000    20637         
     59    54      130.0000  2175                    130.0000    21234         
    203   110      195.0000  1825                    130.0000    30205         
Elapsed time = 57.69 sec. (45063.05 ticks, tree = 9.16 MB, solutions = 0)
    396   306      195.0000  1817                    130.0000    45934         
    585   504      196.0000  1789                    130.0000    54644         
    740   601      260.0000  1574                    130.0000    59359         
    957   792      261.0000  1494                    130.0000    66300         
   1177   943      260.0000  1557                    130.0000    69257         
   1407  1217      261.0000  1461                    130.0000    74651         
   1622  1453      261.0000  1370                    130.0000    78584         
   1826  1624      326.0000  1381                    130.0000    81452         
   2056  1835      326.1213  1975                    130.0000    85703         
   2229  2044      195.0000  1742                    130.0000    95200         
Elapsed time = 76.87 sec. (54651.23 ticks, tree = 294.94 MB, solutions = 0)
   2413  2223      203.0000  1752                    130.0000    99652         
   2662  2471      268.0000  1445                    130.0000   106312         
   2915  2599      260.0000  1723                    130.0000   108587         
   3155  2972      260.0000  1662                    130.0000   113548         
   3381  3172      260.0000  1598                    130.0000   118095         
   3609  3367      268.0000  1193                    130.0000   121320         
   3826  3587      326.0000  1088                    130.0000   125903         
   4108  3745      326.0000   811                    130.0000   128084         
   4528  4039      326.0000   847                    130.0000   129921         
   4943  4591      326.0000   658                    130.0000   131663         
Elapsed time = 96.60 sec. (64207.82 ticks, tree = 697.78 MB, solutions = 0)
   5260  4665      261.0000   904                    130.0000   131766         
   5591  4936      261.0000   902                    130.0000   136226         
   5907  5221    infeasible                          130.0000   140847         
   6138  5410    infeasible                          130.0000   145376         
   6390  5615      196.0000  1705                    130.0000   158454         
   6655  5898      196.0000  1804                    130.0000   167470         
   6937  6072      195.0000  1806                    130.0000   174857         
   7252  6305      195.0000  1833                    130.0000   186130         
   7592  6544      195.0000  1708                    130.0000   189509         
   7924  6792    infeasible                          130.0000   194721         
Elapsed time = 115.45 sec. (73768.70 ticks, tree = 1043.86 MB, solutions = 0)
   8298  6881    infeasible                          130.0000   195372         
   8663  7071      195.0000  1750                    130.0000   199095         
   8960  7190      195.0000  1679                    130.0000   204086         
   9275  7358    infeasible                          130.0000   209254         
   9600  7433      196.0000  1790                    130.0000   211081         
   9912  7785    infeasible                          130.0000   222213         
  10272  7881      196.0000  1894                    130.0000   227033         
  10614  8357      210.0000  1610                    130.0000   231321         
  10982  8430      260.0000  1821                    130.0000   232441         
  11355  8692    infeasible                          130.0000   242224         
Elapsed time = 133.81 sec. (83338.59 ticks, tree = 1344.02 MB, solutions = 0)
  11706  9048    infeasible                          130.0000   248164         

Performing restart 1

Repeating presolve.
Tried aggregator 1 time.
Reduced MIP has 10637 rows, 156083 columns, and 321909 nonzeros.
Reduced MIP has 150146 binaries, 2573 generals, 0 SOSs, and 3809 indicators.
Presolve time = 0.24 sec. (169.33 ticks)
Tried aggregator 1 time.
Reduced MIP has 10637 rows, 156083 columns, and 321909 nonzeros.
Reduced MIP has 150146 binaries, 2573 generals, 0 SOSs, and 3809 indicators.
Presolve time = 0.48 sec. (250.59 ticks)
Represolve time = 2.32 sec. (950.76 ticks)
  11816     0      130.0000  3077                  Cuts: 2759   264104         
  11816     0      130.0000  2912                  Cuts: 2759   269346         
  11816     0      130.0000  3604                  Cuts: 2759   274420         
  11816     0      130.0000  3312                  Cuts: 2352   285785         
  11816     0      130.0000  3457                  Cuts: 2759   294205         
  11816     0      130.0000  3439                  Cuts: 2619   304854         
  11816     0      130.0000  3521                  Cuts: 2658   315242         
  11816     2      130.0000  2662                    130.0000   315242         
  11843    21      195.0000  1949                    130.0000   318332         
  11900    24      131.0000  2233                    130.0000   318968         
  12027   152      195.0000  1965                    130.0000   325561         
  12143   262      195.0000  1897                    130.0000   327836         
  12301   420      195.0000  1882                    130.0000   331630         
  12476   585      195.0000  1884                    130.0000   336696         
  12644   728      260.0000  1783                    130.0000   342030         
  12819   875      261.0000  1676                    130.0000   347362         
Elapsed time = 395.96 sec. (317924.24 ticks, tree = 104.31 MB, solutions = 0)
  12970  1061      327.0000  1609                    130.0000   355283         
  13101  1155      195.0000  2001                    130.0000   359714         
  13249  1295      326.0000  1485                    130.0000   362334         
  13375  1447    infeasible                          130.0000   371481         
  13531  1580      261.0000  1683                    130.0000   386414         
  13688  1628      328.0000  1567                    130.0000   387515         
  13854  1858      325.0000  1750                    130.0000   406200         
  14007  2015      205.0000  1917                    130.0000   415462         
  14179  2112      325.0000  1688                    130.0000   420954         
  14327  2243      130.0000  2571                    130.0000   429544         
Elapsed time = 417.53 sec. (327535.76 ticks, tree = 305.99 MB, solutions = 0)
  14431  2303      261.0000  1792                    130.0000   433173         
  14561  2491      261.0000  1720                    130.0000   445808         
  14730  2539      260.0000  1864                    130.0000   453841         
  14876  2710      261.0000  1817                    130.0000   464230         
  15030  2842      326.0000  1628                    130.0000   470002         
  15161  3034      326.0000  1687                    130.0000   479571         
  15282  3159      261.0000  1752                    130.0000   489571         
  15431  3305      327.0000  1802                    130.0000   494481         
  15573  3372      325.0000  1889                    130.0000   503524         
  15733  3559    infeasible                          130.0000   514255         
Elapsed time = 439.25 sec. (337100.68 ticks, tree = 509.49 MB, solutions = 0)
  15887  3737      326.0000  1578                    130.0000   518984         
  16043  3865      327.0000  1743                    130.0000   525723         
  16140  3958      134.4301  3250                    130.0000   533290         
  16223  4084      261.0000  1910                    130.0000   550550         
  16335  4214      261.0000  1782                    130.0000   561912         
  16493  4240      325.0000  1761                    130.0000   562824         
  16656  4339      326.0000  1851                    130.0000   574013         
  16816  4542      326.0000  1753                    130.0000   579589         
  16940  4708      326.0000  1752                    130.0000   588965         
  17121  4897      260.0000  1902                    130.0000   599060         
Elapsed time = 458.60 sec. (346713.62 ticks, tree = 719.44 MB, solutions = 0)
  17314  5094      326.0000  1683                    130.0000   602065         
  17456  5165      326.0000  1709                    130.0000   606258         
  17617  5386      325.0000  1972                    130.0000   621995         
  17766  5488      196.0000  2118                    130.0000   632178         
  17902  5641      260.0000  1959                    130.0000   637263         
  18073  5789      326.0000  1634                    130.0000   645810         
  18207  5890      326.0000  1766                    130.0000   652867         
  18375  6045      326.0000  1715                    130.0000   661614         
  18520  6094      282.0000  1772                    130.0000   663564         

Performing restart 2

Repeating presolve.
Tried aggregator 1 time.
MIP Presolve modified 167 coefficients.
Reduced MIP has 10637 rows, 156083 columns, and 371901 nonzeros.
Reduced MIP has 150146 binaries, 2573 generals, 0 SOSs, and 3809 indicators.
Presolve time = 0.32 sec. (199.17 ticks)
Tried aggregator 1 time.
Reduced MIP has 10637 rows, 156083 columns, and 371901 nonzeros.
Reduced MIP has 150146 binaries, 2573 generals, 0 SOSs, and 3809 indicators.
Presolve time = 0.52 sec. (266.49 ticks)
Represolve time = 6.31 sec. (2911.53 ticks)
  18559     0      130.0000  3173                  Cuts: 2759   686632         
  18559     0      130.0000  3510                  Cuts: 2759   697573         
  18559     0      130.0000  3437                  Cuts: 2759   712175         
  18559     0      130.0000  3463                  Cuts: 2759   724711         
  18559     0      131.6059  4065                  Cuts: 2759   731632         
  18559     0      131.6059  4392                  Cuts: 2759   737075         
  18559     0      131.6059  4178                  Cuts: 1392   741687         
  18559     0      131.6059  4355                  Cuts: 2759   746706         
  18559     0      131.6059  4173                  Cuts: 1658   751510         
  18559     0      131.6059  4431                  Cuts: 2759   757782         
  18559     2      131.6059  3622                    131.6059   757782         
Elapsed time = 838.84 sec. (699784.72 ticks, tree = 0.02 MB, solutions = 0)
  18627    45      152.0000  2599                    151.6667   765289         
  18830   214      152.0000  2426                    151.6667   779751         
  19048   452      196.0000  1878                    151.6667   794153         
  19277   674      261.0000  1806                    151.6667   802634         
  19787   911      260.0000  1853                    151.6667   808511         
  20056  1391      269.0000  1667                    151.6667   820731         
  20660  2066      261.0000  1582                    151.6667   831379         
  20843  2200      260.0000  2027                    151.6667   849160         
  21021  2388      328.0000  1482                    151.6667   856539         
  21223  2513      260.0000  2077                    151.6667   874380         
Elapsed time = 940.99 sec. (738053.79 ticks, tree = 373.29 MB, solutions = 0)
  21453  2709      260.0000  1903                    151.6667   879353         
  21677  2988      196.0000  2282                    151.6667   888423         
  21881  3166      325.0000  1489                    151.6667   894074         
  22089  3348      261.0000  1734                    151.6667   901890         
  22304  3548      326.0000  2056                    151.6667   906787         
  22509  3829      261.0000  1634                    151.6667   912687         
  22704  3944      260.0000  1733                    151.6667   915442         
  22888  4178      260.0000  1660                    151.6667   923757         
  23077  4341      326.0000  1858                    151.6667   940166         
  23268  4482      196.0000  2521                    151.6667   952468         
Elapsed time = 1038.33 sec. (776371.96 ticks, tree = 699.36 MB, solutions = 0)
  23448  4645      261.0000  2326                    152.0000   962970         
  23661  4845      260.0000  1853                    152.0000   979312         
  23853  5099      260.0000  2041                    152.0000   992340         
  24069  5155      265.0000  1927                    152.0000   998957         
  24276  5475      265.0000  1916                    152.0000  1017110         
  24468  5661      261.0000  1894                    152.0000  1023325         
  24678  5777      265.0000  1885                    152.0000  1032541         
  24868  6010      260.0000  2134                    152.0000  1044621         
  25076  6200      289.0000  1757                    152.0000  1061013         
  25296  6469      260.0000  2133                    152.0000  1080393         
Elapsed time = 1141.17 sec. (814684.71 ticks, tree = 1030.03 MB, solutions = 0)
  25533  6660      260.0000  2442                    152.0000  1094332         
  25769  6784      260.0000  1939                    152.0000  1096893         
  25996  6999      325.0000  1846                    152.0000  1104381         
  26225  7373      326.0000  1695                    152.0000  1113929         
  26421  7515      152.0000  2696                    152.0000  1119104         
  26618  7657      260.0000  2228                    152.0000  1128551         
  26797  7870      261.0000  2122                    152.0000  1146089         
  27024  8034      260.0000  1997                    152.0000  1151918         
  27260  8384      325.0000  1870                    152.0000  1182736         
  27486  8604      261.0000  1990                    152.0000  1190598         
Elapsed time = 1241.72 sec. (852984.81 ticks, tree = 1388.20 MB, solutions = 0)
  27706  8686      312.0000  1897                    152.0000  1192563         
  27920  8949      261.0000  2268                    152.0000  1203214         
  28131  9309      195.0000  2795                    152.0000  1215562         
  28335  9391      325.0000  1818                    152.0000  1222556         
  28521  9490      261.0000  2060                    152.0000  1227661         
  28749  9763      261.0000  1997                    152.0000  1257980         
  28992 10046      260.0000  2024                    152.0000  1281192         
  29232 10271      326.0000  1775                    152.0000  1286995         
  29465 10429      262.0000  1919                    152.0000  1292323         
  29676 10626      326.0000  1547                    152.0000  1296785         
Elapsed time = 1337.18 sec. (891238.43 ticks, tree = 1733.56 MB, solutions = 0)
  29888 10828      326.0000  1941                    152.0000  1307387         
  30054 11093      152.0000  3238                    152.0000  1318441         
  30278 11233      261.0000  2102                    152.0000  1335698         
  30492 11574      326.0000  1582                    152.0000  1359296         
  30709 11693      261.0000  1830                    152.0000  1367005         
  30920 12014      261.0000  1665                    152.0000  1380040         
  31118 12082      294.0000  1894                    152.0000  1381679         
  31315 12371      260.0000  2230                    152.0000  1405282         
  31510 12472      321.0000  1938                    152.0000  1408428         
  31706 12698      326.0000  2068                    152.0000  1435533         
Elapsed time = 1447.26 sec. (929521.27 ticks, tree = 2093.65 MB, solutions = 0)
Nodefile size = 35.88 MB (21.83 MB after compression)
  31945 12878      326.0000  1864                    152.0000  1443359         
  32180 13074    infeasible                          152.0000  1460168         
  32401 13270      326.0000  1817                    152.0000  1463535         
  32605 13456      326.0000  1886                    152.0000  1470295         
  32799 13827      260.0000  2103                    152.0000  1493657         
  32999 13959      260.0000  2144                    152.0000  1504933         
  33183 14166      261.0000  2006                    152.0000  1517935         
  33400 14403      261.0000  1575                    152.0000  1552190         
  33617 14467      326.0000  1869                    152.0000  1555538         
  33833 14730      326.0000  1629                    152.0000  1565010         
Elapsed time = 1549.89 sec. (967835.79 ticks, tree = 2450.06 MB, solutions = 0)
Nodefile size = 390.58 MB (239.19 MB after compression)
  34055 14878      323.0000  1849                    152.0000  1570005         
  34259 15234      323.0000  1815                    152.0000  1579528         
  34437 15327      260.0000  2230                    152.0000  1586677         
  34645 15404      285.0000  1796                    152.0000  1586013         
  34876 15663      261.0000  2045                    152.0000  1619902         
  35102 15986      207.6877  3058                    152.0000  1640248         
  35325 16192      327.0000  1735                    152.0000  1647241         
  35553 16485      326.0000  1594                    152.0000  1659352         
  35753 16402      329.0000  1582                    152.0000  1651676         
  35940 16826      196.0000  2695                    152.0000  1681616         
Elapsed time = 1652.36 sec. (1006183.46 ticks, tree = 2819.55 MB, solutions = 0)
Nodefile size = 760.85 MB (465.92 MB after compression)
  36132 17038      314.0000  1504                    152.0000  1683202         
  36310 17243      261.0000  2236                    152.0000  1714266         
  36517 17245      261.0000  2048                    152.0000  1709558         
  36733 17602      260.0000  2423                    152.0000  1754892         
  36963 17614      261.0000  1807                    152.0000  1743935         
  37175 17848      152.0000  3175                    152.0000  1768573         
  37396 18269      325.0000  2037                    152.0000  1785689         
  37580 18365      196.0000  2853                    152.0000  1797723         
  37762 18620      261.0000  2057                    152.0000  1815163         
  37959 18616      260.0000  2307                    152.0000  1810065         
Elapsed time = 1753.65 sec. (1044447.87 ticks, tree = 3136.32 MB, solutions = 0)
Nodefile size = 1071.15 MB (658.26 MB after compression)
  38172 18871      262.0000  1788                    152.0000  1849854         
  38396 19069      325.0000  2000                    152.0000  1873649         
  38620 19101      325.0000  1855                    152.0000  1874307         
  38846 19626      261.0000  1851                    152.0000  1903143         

GUB cover cuts applied:  787
Clique cuts applied:  2
Cover cuts applied:  231
Implied bound cuts applied:  2039
Flow cuts applied:  41
Mixed integer rounding cuts applied:  2090
Zero-half cuts applied:  44
Lift and project cuts applied:  2
Gomory fractional cuts applied:  4

Root node processing (before b&c):
  Real time             =   47.78 sec. (41015.54 ticks)
Parallel b&c, 8 threads:
  Real time             = 1754.46 sec. (1021620.19 ticks)
  Sync time (average)   =  205.35 sec.
  Wait time (average)   =    0.67 sec.
                          ------------
Total (root+branch&cut) = 1802.24 sec. (1062635.73 ticks)
! --------------------------------------------------------
! Problem is UNKNOWN
! CPLEX Status = AbortTimeLim
! --------------------------------------------------------
