! Solving for graph /home/truongxuanhieu/CPLEX-MIP-for-MinSpanLabeling/benchmarks/cabp/Q-494_bus.mtx.rnd
! Target value is set to 123
! Lower bound is set to 124
! Upper bound is set to 370
! Time limit is set to 1800
! Vertices mode is set to No hole
! Target value mode is set to Cyclic Antibandwidth
Version identifier: 22.2.0.0 | 2026-05-04 | 5dff98e58
CPXPARAM_TimeLimit                               1800
Tried aggregator 2 times.
MIP Presolve eliminated 590 rows and 1176 columns.
MIP Presolve modified 365435 coefficients.
Aggregator did 2651 substitutions.
Reduced MIP has 5768 rows, 186420 columns, and 559471 nonzeros.
Reduced MIP has 183674 binaries, 1081 generals, 0 SOSs, and 1665 indicators.
Presolve time = 0.96 sec. (831.71 ticks)
Probing time = 1.22 sec. (375.09 ticks)
Tried aggregator 2 times.
Detecting symmetries...
Aggregator did 146 substitutions.
Reduced MIP has 5622 rows, 186274 columns, and 559325 nonzeros.
Reduced MIP has 183674 binaries, 1428 generals, 0 SOSs, and 1665 indicators.
Presolve time = 0.96 sec. (502.23 ticks)
Probing time = 0.19 sec. (43.60 ticks)
Clique table members: 80373.
MIP emphasis: balance optimality and feasibility.
MIP search method: dynamic search.
Parallel mode: deterministic, using up to 8 threads.
Root relaxation solution time = 5.50 sec. (2131.47 ticks)

        Nodes                                         Cuts/
   Node  Left     Objective  IInf  Best Integer    Best Bound    ItCnt     Gap

      0     0      246.0000  1199                    246.0000       12         
      0     0      246.0000  1447                  Cuts: 1505     2035         
      0     0      246.0000  1431                   Cuts: 787     4327         
      0     0      246.0000  1429                  Cuts: 1189     8153         
      0     2      246.0000  1205                    246.0000     8153         
Elapsed time = 67.03 sec. (57936.85 ticks, tree = 0.02 MB, solutions = 0)
      2     4      246.0000  1185                    246.0000     8399         
      3     5      246.0000  1196                    246.0000     8568         
      4     6      246.0000  1197                    246.0000     8728         
      7     8      246.0000  1217                    246.0000     8953         
      8     6      246.0000  1191                    246.0000     8671         
      9     5      246.0000  1171                    246.0000     8599         
     11     3      246.0000  1245                    246.0000     8415         
     12     7      246.0000  1213                    246.0000     8941         
     15     9      246.0000  1321                    246.0000    10642         
     40    38      246.0000  1209                    246.0000    17077         
Elapsed time = 75.01 sec. (62186.75 ticks, tree = 2.59 MB, solutions = 0)
     75    62      246.0000  1172                    246.0000    23381         
    118    91      246.0000  1149                    246.0000    26639         
    192   144      246.0000  1203                    246.0000    32356         
    246   208      246.0000  1156                    246.0000    35273         
    288   245      246.0000  1142                    246.0000    37261         
    301   260      246.0000  1084                    246.0000    38330         
    313   266      246.0000  1104                    246.0000    38965         
    323    95      369.0000  1496                    246.0000    38938         
    338   284      246.0000  1152                    246.0000    52668         
    348   243      369.0000  1571                    246.0000    49580         
Elapsed time = 111.70 sec. (79657.94 ticks, tree = 17.97 MB, solutions = 0)
    351   250      369.0000  1598                    246.0000    50688         
    354   313      256.0000  1237                    246.0000    94215         
    356   276      369.0000  1479                    246.0000    51689         
    358   334      247.0000  1260                    246.0000   134192         
    359   304      246.0000  1137                    246.0000    66878         
    360   334      257.0000  1259                    246.0000   133795         
    363   353      247.0000  1225                    246.0000   151244         
    376   357      247.0000  1194                    246.0000   151377         
    387   359      247.0000  1217                    246.0000   164500         
    388   348      247.0000  1277                    246.0000   151573         
Elapsed time = 149.58 sec. (96554.03 ticks, tree = 26.70 MB, solutions = 0)
    389   360      247.0000  1236                    246.0000   166209         
    390   359      368.0000  1545                    246.0000   162495         
    393   346      369.0000  1470                    246.0000   161509         
    396   357      369.0000  1514                    246.0000   175098         
    400   360      369.0000  1481                    246.0000   176121         
    401   372      369.0000  1591                    246.0000   204560         
    402   370      369.0000  1511                    246.0000   189909         
    403   369      369.0000  1577                    246.0000   205506         
    406   374      369.0000  1482                    246.0000   239550         
    408   383      369.0000  1458                    246.0000   276448         
Elapsed time = 196.16 sec. (123069.88 ticks, tree = 31.16 MB, solutions = 0)
    410   380      369.0000  1483                    246.0000   250971         
    411   361      370.0000  1526                    246.0000   186876         
    412   383      369.0000  1528                    246.0000   268088         
    416   406      247.0000  1177                    246.0000   353476         
    417   384      369.0000  1541                    246.0000   306355         
    418   385      369.0000  1463                    246.0000   309470         
    419   407      369.0000  1520                    246.0000   363811         
    421   390      369.0000  1465                    246.0000   340551         
    422   414      369.0000  1619                    246.0000   394017         
    423   407      369.0000  1445                    246.0000   374589         
Elapsed time = 251.48 sec. (149416.53 ticks, tree = 33.94 MB, solutions = 0)
    425   387      370.0000  1450                    246.0000   345605         
    428   413      369.0000  1376                    246.0000   393566         
    429   415      369.0000  1425                    246.0000   403196         
    432   423      369.0000  1608                    246.0000   462116         
    433   422      369.0000  1444                    246.0000   455941         
    435   418      369.0000  1587                    246.0000   440334         
    439   416      369.0000  1468                    246.0000   410738         
    440   424      369.0000  1573                    246.0000   467328         
    441   424      369.0000  1512                    246.0000   466259         
    443   427      369.0000  1534                    246.0000   474120         
Elapsed time = 296.63 sec. (177374.47 ticks, tree = 36.22 MB, solutions = 0)
    445   433      369.0000  1676                    246.0000   484982         
    446   425      369.0000  1634                    246.0000   472219         
    447   430      369.0000  1368                    246.0000   484732         
    448   425      369.0000  1592                    246.0000   475495         
    449   426      369.0000  1478                    246.0000   483895         
    451   439      369.0000  1484                    246.0000   514790         
    453   437      369.0000  1481                    246.0000   511637         
    454   381      369.0000  1475                    246.0000   280266         
    455   434      369.0000  1479                    246.0000   491366         
    457   441      369.0000  1375                    246.0000   517390         
Elapsed time = 328.25 sec. (197064.83 ticks, tree = 37.56 MB, solutions = 0)
    459   434      369.0000  1386                    246.0000   507443         
    461   441      369.0000  1483                    246.0000   534991         
    464   438      369.0000  1656                    246.0000   516452         
    465   444      369.0000  1505                    246.0000   568085         
    466   443      369.0000  1449                    246.0000   562880         
    468   453      369.0000  1499                    246.0000   617230         
    469   445      369.0000  1422                    246.0000   572324         
    470   457      369.0000  1467                    246.0000   632310         
    475   451      370.0000  1352                    246.0000   614353         
    476   461      369.0000  1453                    246.0000   635800         
Elapsed time = 380.80 sec. (227518.05 ticks, tree = 39.67 MB, solutions = 0)
    478   460      369.0000  1420                    246.0000   647834         
    481   469      369.0000  1534                    246.0000   683834         
    482   469      369.0000  1415                    246.0000   679161         
    484   461      369.0000  1436                    246.0000   651868         
    485   467      369.0000  1428                    246.0000   666356         
    487   470      369.0000  1366                    246.0000   683690         
    490   470      369.0000  1437                    246.0000   690167         
    491   480      369.0000  1505                    246.0000   716157         
    493   471      369.0000  1438                    246.0000   696631         
    494   475      369.0000  1395                    246.0000   709470         
Elapsed time = 446.47 sec. (266894.42 ticks, tree = 41.39 MB, solutions = 0)
    496   477      369.0000  1491                    246.0000   709807         
    498   472      369.0000  1416                    246.0000   700689         
    499   483      369.0000  1473                    246.0000   738110         
    501   473      369.0000  1421                    246.0000   706862         
    504   455      369.0000  1502                    246.0000   625417         
    506   489      369.0000  1521                    246.0000   758634         
    507   480      369.0000  1389                    246.0000   725896         
    508   485      369.0000  1528                    246.0000   751242         
    511   485      369.0000  1544                    246.0000   742789         
    515   489      369.0000  1437                    246.0000   753198         
Elapsed time = 476.06 sec. (284945.71 ticks, tree = 42.83 MB, solutions = 0)
    518   481      370.0000  1408                    246.0000   744145         
    520   486      369.0000  1409                    246.0000   748551         
    525   492      369.0000  1389                    246.0000   792122         
    528   497      370.0000  1501                    246.0000   804445         
    531   509      369.0000  1471                    246.0000   847873         
    533   510      369.0000  1498                    246.0000   850948         
    534   503      369.0000  1424                    246.0000   819668         
    536   504      369.0000  1390                    246.0000   838619         
    539   530      369.0000  1406                    246.0000   954873         
    540   521      369.0000  1429                    246.0000   893138         
Elapsed time = 605.48 sec. (345355.81 ticks, tree = 46.66 MB, solutions = 0)
    546   531      369.0000  1391                    246.0000   958899         
    548   526      369.0000  1386                    246.0000   929598         
    552   534      369.0000  1466                    246.0000   974954         
    554   533      369.0000  1472                    246.0000   984147         
    558   528      369.0000  1375                    246.0000   959698         
    560   538      369.0000  1441                    246.0000  1001597         
    562   541      369.0000  1460                    246.0000  1016285         
    563   525      370.0000  1394                    246.0000   921170         
    568   536      370.0000  1357                    246.0000   993711         
    571   549      369.0000  1443                    246.0000  1090029         
Elapsed time = 691.83 sec. (399503.98 ticks, tree = 50.08 MB, solutions = 0)
    576   544      369.0000  1405                    246.0000  1047005         
    581   555      370.0000  1470                    246.0000  1113892         
    588   549      370.0000  1374                    246.0000  1064027         
    591   550      370.0000  1361                    246.0000  1065766         
    595   550      369.0000  1427                    246.0000  1109572         
    597   574      369.0000  1526                    246.0000  1193831         
    600   566      369.0000  1383                    246.0000  1153543         
    601   578      369.0000  1409                    246.0000  1216771         
    605   583      370.0000  1371                    246.0000  1226808         
    606   507      369.0000  1439                    246.0000   839841         
Elapsed time = 789.66 sec. (457736.37 ticks, tree = 44.93 MB, solutions = 0)
    610   565      369.0000  1458                    246.0000  1154817         
    614   594      369.0000  1396                    246.0000  1272524         
    617   595      369.0000  1428                    246.0000  1272690         
    619   587      369.0000  1384                    246.0000  1241934         
    621   595      369.0000  1398                    246.0000  1278128         
    624   605      369.0000  1381                    246.0000  1326946         
    631   606      369.0000  1375                    246.0000  1328567         
    635   610      369.0000  1386                    246.0000  1349901         
    641   611      369.0000  1388                    246.0000  1352278         
    647   611      369.0000  1411                    246.0000  1335550         
Elapsed time = 884.35 sec. (511476.55 ticks, tree = 56.68 MB, solutions = 0)
    650   614      369.0000  1418                    246.0000  1389154         
    653   597      369.0000  1416                    246.0000  1294650         
    660   637      369.0000  1416                    246.0000  1448356         
    668   641      369.0000  1412                    246.0000  1449896         
    674   614      370.0000  1339                    246.0000  1387167         
    678   645      370.0000  1474                    246.0000  1473518         
    682   645      369.0000  1417                    246.0000  1485585         
    686   646      370.0000  1341                    246.0000  1478298         
    688   647      369.0000  1387                    246.0000  1489024         
    691   623      369.0000  1435                    246.0000  1450304         
Elapsed time = 965.62 sec. (560060.69 ticks, tree = 58.21 MB, solutions = 0)
    697   616      370.0000  1350                    246.0000  1398491         
    699   624      369.0000  1421                    246.0000  1454245         
    701   650      369.0000  1405                    246.0000  1497325         
    707   674      369.0000  1375                    246.0000  1580081         
    712   649      370.0000  1335                    246.0000  1511317         
    718   648      370.0000  1348                    246.0000  1494039         
    722   655      369.0000  1407                    246.0000  1537941         
    725   651      370.0000  1345                    246.0000  1517988         
    731   679      369.0000  1418                    246.0000  1591470         
    737   656      369.0000  1406                    246.0000  1543386         
Elapsed time = 1043.40 sec. (605202.12 ticks, tree = 62.08 MB, solutions = 0)
    739   701      369.0000  1367                    246.0000  1634591         
    746   657      369.0000  1416                    246.0000  1546863         
    748   683      369.0000  1361                    246.0000  1602061         
    751   685      370.0000  1369                    246.0000  1623091         
    755   685      369.0000  1403                    246.0000  1607782         
    758   705      370.0000  1326                    246.0000  1651558         
    760   729      369.0000  1380                    246.0000  1757828         
    763   716      369.0000  1413                    246.0000  1733384         
    766   708      369.0000  1436                    246.0000  1689889         
    769   731      369.0000  1354                    246.0000  1762163         
Elapsed time = 1158.17 sec. (666491.17 ticks, tree = 70.73 MB, solutions = 0)
    774   748      370.0000  1385                    246.0000  1814798         
    783   709      369.0000  1379                    246.0000  1698798         
    789   716      369.0000  1476                    246.0000  1726083         
    798   744      369.0000  1353                    246.0000  1773156         
    805   754      370.0000  1287                    246.0000  1825321         
    813   760      370.0000  1285                    246.0000  1826971         
    819   764      370.0000  1292                    246.0000  1829905         
    828   766      370.0000  1281                    246.0000  1832070         
    833   798      370.0000  1280                    246.0000  1954984         
    837   751      370.0000  1380                    246.0000  1858697         
Elapsed time = 1250.52 sec. (716254.27 ticks, tree = 72.90 MB, solutions = 0)
    839   761      369.0000  1471                    246.0000  1908523         
    844   786      370.0000  1281                    246.0000  1941254         
    848   767      370.0000  1367                    246.0000  1937952         
    854   768      370.0000  1365                    246.0000  1941231         
    857   805      370.0000  1308                    246.0000  2009390         
    866   771      370.0000  1413                    246.0000  1945656         
    872   808      370.0000  1295                    246.0000  2014675         
    881   803      370.0000  1274                    246.0000  1986492         
    885   819      369.0000  1443                    246.0000  2077416         
    893   811      370.0000  1435                    246.0000  2006163         
Elapsed time = 1339.20 sec. (766014.90 ticks, tree = 80.22 MB, solutions = 0)
    899   833      370.0000  1365                    246.0000  2153626         
    908   806      370.0000  1307                    246.0000  1994411         
    914   848      370.0000  1300                    246.0000  2195027         
    924   810      370.0000  1297                    246.0000  1998340         
    935   819      370.0000  1371                    246.0000  2019072         
    945   862      370.0000  1271                    246.0000  2237639         
    950   836      370.0000  1384                    246.0000  2167861         
    955   861      370.0000  1301                    246.0000  2206215         
    963   863      370.0000  1265                    246.0000  2208047         
    970   826      369.0000  1404                    246.0000  2100355         
Elapsed time = 1424.26 sec. (810548.12 ticks, tree = 81.74 MB, solutions = 0)
    976   905      369.0000  1451                    246.0000  2331967         
    983   883      370.0000  1320                    246.0000  2284567         
    993   828      369.0000  1447                    246.0000  2106819         
    997   872      370.0000  1348                    246.0000  2257277         
   1003   873      370.0000  1317                    246.0000  2259273         
   1011   916      369.0000  1405                    246.0000  2373061         
   1017   947      370.0000  1293                    246.0000  2445471         
   1023   876      370.0000  1319                    246.0000  2264991         
   1037   957      370.0000  1331                    246.0000  2498577         
   1041   924      369.0000  1392                    246.0000  2381335         
Elapsed time = 1508.01 sec. (857216.24 ticks, tree = 94.12 MB, solutions = 0)
   1046   976      370.0000  1309                    246.0000  2534013         
   1052   959      370.0000  1331                    246.0000  2504632         
   1061   952      370.0000  1267                    246.0000  2462665         
   1066   967      370.0000  1314                    246.0000  2508683         
   1074   970      370.0000  1323                    246.0000  2509509         
   1084   955      370.0000  1282                    246.0000  2468645         
   1089   957      370.0000  1279                    246.0000  2470617         
   1092   928      369.0000  1431                    246.0000  2397827         
   1099   917      369.0000  1399                    246.0000  2374959         
   1105   960      370.0000  1261                    246.0000  2479145         
Elapsed time = 1586.19 sec. (901413.08 ticks, tree = 98.58 MB, solutions = 0)
   1107   974      370.0000  1340                    246.0000  2523338         
   1111   976      370.0000  1327                    246.0000  2526175         
   1117   978      370.0000  1327                    246.0000  2528917         
   1121  1005      370.0000  1314                    246.0000  2601035         
   1129  1046      370.0000  1257                    246.0000  2692759         
   1134   987      370.0000  1284                    246.0000  2550875         
   1137  1092      370.0000  1270                    246.0000  2815348         
   1147  1011      370.0000  1294                    246.0000  2606686         
   1152  1082      370.0000  1349                    246.0000  2801331         
   1157  1049      370.0000  1265                    246.0000  2699716         
Elapsed time = 1664.05 sec. (947528.78 ticks, tree = 109.49 MB, solutions = 0)
   1167  1118      370.0000  1273                    246.0000  2856044         
   1173  1120      370.0000  1274                    246.0000  2858449         
   1177  1032      369.0000  1395                    246.0000  2684208         
   1183  1075      370.0000  1325                    246.0000  2736639         
   1187  1052      370.0000  1246                    246.0000  2710620         
   1194  1054      370.0000  1254                    246.0000  2712713         
   1202  1101      370.0000  1310                    246.0000  2844332         
   1206  1103      370.0000  1295                    246.0000  2846376         
   1219  1124      369.0000  1421                    246.0000  2897063         
   1231  1128      370.0000  1318                    246.0000  2930633         
Elapsed time = 1743.85 sec. (993350.51 ticks, tree = 119.73 MB, solutions = 0)
   1243  1155      370.0000  1278                    246.0000  2992783         
   1259  1127      370.0000  1230                    246.0000  2862589         
   1267  1129      370.0000  1225                    246.0000  2864498         
   1287  1166      370.0000  1290                    246.0000  3015281         
   1308  1179      370.0000  1274                    246.0000  2999965         
   1313  1190      370.0000  1274                    246.0000  3075568         
   1321  1210      370.0000  1289                    246.0000  3089110         
   1343  1174      370.0000  1291                    246.0000  3023314         

Clique cuts applied:  15
Cover cuts applied:  278
Implied bound cuts applied:  841
Mixed integer rounding cuts applied:  595
Zero-half cuts applied:  79
Gomory fractional cuts applied:  43

Root node processing (before b&c):
  Real time             =   66.08 sec. (57393.66 ticks)
Parallel b&c, 8 threads:
  Real time             = 1734.08 sec. (972597.25 ticks)
  Sync time (average)   =  130.67 sec.
  Wait time (average)   =    0.00 sec.
                          ------------
Total (root+branch&cut) = 1800.16 sec. (1029990.91 ticks)
! --------------------------------------------------------
! Problem is UNKNOWN
! CPLEX Status = AbortTimeLim
! --------------------------------------------------------
