! Solving for graph /home/truongxuanhieu/CPLEX-MIP-for-MinSpanLabeling/benchmarks/cabp/W-685_bus.mtx.rnd
! Target value is set to 85
! Lower bound is set to 86
! Upper bound is set to 513
! Time limit is set to 1800
! Vertices mode is set to Has hole
! Target value mode is set to Cyclic Antibandwidth
Version identifier: 22.2.0.0 | 2026-05-04 | 5dff98e58
CPXPARAM_TimeLimit                               1800
Tried aggregator 2 times.
MIP Presolve eliminated 1283 rows and 1626 columns.
MIP Presolve modified 351834 coefficients.
Aggregator did 4619 substitutions.
Reduced MIP has 9837 rows, 358333 columns, and 725129 nonzeros.
Reduced MIP has 353116 binaries, 1968 generals, 0 SOSs, and 3249 indicators.
Presolve time = 1.46 sec. (1716.68 ticks)
Probing time = 1.80 sec. (630.96 ticks)
Tried aggregator 2 times.
Detecting symmetries...
Aggregator did 28 substitutions.
Reduced MIP has 9809 rows, 358305 columns, and 725101 nonzeros.
Reduced MIP has 353116 binaries, 2625 generals, 0 SOSs, and 3249 indicators.
Presolve time = 1.53 sec. (621.01 ticks)
Probing time = 0.28 sec. (74.31 ticks)
Clique table members: 110109.
MIP emphasis: balance optimality and feasibility.
MIP search method: dynamic search.
Parallel mode: deterministic, using up to 8 threads.
Root relaxation solution time = 1.18 sec. (493.03 ticks)

        Nodes                                         Cuts/
   Node  Left     Objective  IInf  Best Integer    Best Bound    ItCnt     Gap

      0     0      170.0000  1269                    170.0000     1145         
      0     0      170.0000  2922                  Cuts: 2552     3611         
      0     0      170.0000  2341                  Cuts: 2552     4551         
      0     0      170.0000  2600                  Cuts: 2552     6531         
      0     2      170.0000  2600                    170.0000     6531         
Elapsed time = 75.80 sec. (55409.54 ticks, tree = 0.02 MB, solutions = 0)
      6     8      170.0000  2309                    170.0000     6557         
     11    12      170.0000  2545                    170.0000     7110         
     18    18      170.0000  2320                    170.0000     7262         
     38    31      170.0000  2379                    170.0000     8473         
     76    50      170.0000  2301                    170.0000    10669         
    121    99      170.0000  2315                    170.0000    12117         
    168   144      170.0000  2180                    170.0000    12384         
    219   157      170.0000  2087                    170.0000    12511         
    241   196      214.0000  2046                    170.0000    15167         
    324   283      214.0000  2049                    170.0000    25547         
Elapsed time = 82.76 sec. (58724.59 ticks, tree = 34.40 MB, solutions = 0)
    332   293      214.0000  2108                    170.0000    27162         
    348   348      214.0000  2064                    170.0000    41097         
    415   367      214.0000  2051                    170.0000    50456         
    552   480      214.0000  2022                    170.0000    52852         
    644   586      256.0000  1774                    170.0000    55453         
    741   662      256.0000  1757                    170.0000    59032         
    844   688      263.0000  1694                    170.0000    60653         
    973   841      341.0000  1612                    170.0000    69537         
   1081   961      342.0000  1537                    170.0000    71923         
   1180  1037      263.0000  1612                    170.0000    73637         
Elapsed time = 108.67 sec. (68772.00 ticks, tree = 197.49 MB, solutions = 0)
   1285  1175      342.0000  1452                    170.0000    75328         
   1396  1292      340.0000  1467                    170.0000    76669         
   1541  1411      342.0000  1414                    170.0000    78093         
   1674  1540      257.0000  1568                    170.0000    79426         
   1797  1687      298.0000  1544                    170.0000    82993         
   1924  1847      298.0000  1465                    170.0000    85016         
   2019  1937      425.0000  1351                    170.0000    86149         
   2154  1970      341.0000  1467                    170.0000    86451         
   2280  2123      342.0000  1279                    170.0000    87845         
   2438  2285      341.0000  1397                    170.0000    89481         
Elapsed time = 126.87 sec. (78415.04 ticks, tree = 484.57 MB, solutions = 0)
   2550  2400    infeasible                          170.0000    90469         
   2663  2499      508.0000  1218                    170.0000    93960         
   2771  2620    infeasible                          170.0000    99245         
   2891  2622      257.0000  1417                    170.0000    99259         
   3013  2715    infeasible                          170.0000   102603         
   3123  2853      489.0000  1207                    170.0000   108752         
   3227  2916      504.0000  1217                    170.0000   111036         
   3340  2990      256.0000  1212                    170.0000   114584         
   3469  3052      342.0000  1206                    170.0000   117043         
   3587  3114      497.0000  1194                    170.0000   120751         
Elapsed time = 145.83 sec. (88032.79 ticks, tree = 674.20 MB, solutions = 0)
   3706  3191      341.0000  1239                    170.0000   125495         
   3839  3223      491.0000  1178                    170.0000   125991         
   3939  3288      257.0000  1373                    170.0000   129784         
   4080  3403    infeasible                          170.0000   135114         
   4256  3407      425.0000  1176                    170.0000   135058         
   4414  3486    infeasible                          170.0000   137615         
   4539  3566      341.0000  1228                    170.0000   139969         
   4676  3642      256.0000  1080                    170.0000   143438         
   4790  3652      425.0000  1168                    170.0000   143526         
   4953  3713      256.0000  1071                    170.0000   145276         
Elapsed time = 164.85 sec. (97627.65 ticks, tree = 810.18 MB, solutions = 0)
   5131  3763      464.0000  1212                    170.0000   147601         
   5291  3769      257.0000  1352                    170.0000   148511         
   5435  3835      256.0000  1071                    170.0000   151296         
   5579  3921      256.0000  1071                    170.0000   156314         
   5715  3997      426.0000  1162                    170.0000   158837         
   5832  3999      256.0000  1069                    170.0000   159042         
   5993  4048      257.0000  1348                    170.0000   161573         
   6148  4125      341.0000  1349                    170.0000   165807         
   6305  4166    infeasible                          170.0000   166495         
   6470  4248      256.0000  1051                    170.0000   170824         
Elapsed time = 183.29 sec. (107262.40 ticks, tree = 929.12 MB, solutions = 0)
   6650  4247      426.0000  1162                    170.0000   170837         
   6819  4278      425.0000  1145                    170.0000   171477         
   6991  4331    infeasible                          170.0000   174578         
   7151  4394      506.0000  1038                    170.0000   179561         
   7310  4437      340.0000  1206                    170.0000   179781         
   7467  4488    infeasible                          170.0000   183405         
   7620  4550      460.0000  1193                    170.0000   186524         
   7798  4674      341.0000  1177                    170.0000   192956         
   7990  4675    infeasible                          170.0000   191960         
   8155  4760      341.0000  1177                    170.0000   198705         
Elapsed time = 198.78 sec. (116836.49 ticks, tree = 1042.91 MB, solutions = 0)
   8298  4812    infeasible                          170.0000   200410         
   8431  4802      426.0000  1137                    170.0000   199830         
   8568  4946      425.0000  1121                    170.0000   207928         
   8720  4957      425.0000  1121                    170.0000   207928         
   8867  5134      341.0000  1323                    170.0000   218339         
   8991  5100      425.0000  1113                    170.0000   214435         
   9036  5160      341.0000  1161                    170.0000   220536         
   9040  5200    infeasible                          170.0000   221255         
   9048  5254      341.0000  1102                    170.0000   224989         
   9068  5285      341.0000  1075                    170.0000   227916         
Elapsed time = 253.11 sec. (136110.92 ticks, tree = 1161.93 MB, solutions = 0)
   9082  5299      473.0000  1054                    170.0000   228734         
   9095  5312      341.0000  1071                    170.0000   229427         
   9158  5300      426.0000  1137                    170.0000   229481         
   9287  5322      427.0000  1031                    170.0000   229354         
   9426  5417      257.0000  1637                    170.0000   236580         
   9573  5432      341.0000  1498                    170.0000   237353         
   9737  5420      341.0000  1631                    170.0000   235612         
   9906  5608      341.0000  1478                    170.0000   240888         
  10088  5767      426.0000  1101                    170.0000   244171         
  10251  5851      341.0000  1463                    170.0000   246483         
Elapsed time = 272.51 sec. (145770.36 ticks, tree = 1292.42 MB, solutions = 0)
  10428  5952      341.0000  1527                    170.0000   247769         
  10580  6038    infeasible                          170.0000   249311         
  10754  6169      341.0000  1351                    170.0000   252198         
  10925  6073      427.0000  1189                    170.0000   250017         
  11091  6175      426.0000  1098                    170.0000   252369         
  11258  6359      426.0000  1094                    170.0000   253993         
  11442  6373      438.0000   948                    170.0000   254074         
  11619  6417      341.0000  1063                    170.0000   256345         
  11804  6458      427.0000  1181                    170.0000   255975         
  12520  6851      341.0000  1150                    170.0000   259291         
Elapsed time = 292.67 sec. (158210.55 ticks, tree = 1520.44 MB, solutions = 0)
  13179  7191    infeasible                          170.0000   263571         
  13962  7260      341.0000  1139                    170.0000   264192         
  14719  7417      426.0000  1020                    170.0000   265897         
  15406  7527      341.0000  1154                    170.0000   267332         
  16145  7630      427.0000  1149                    170.0000   268477         
  16894  7823      427.0000  1146                    170.0000   273075         
  17580  7844    infeasible                          170.0000   273576         
  18365  7894    infeasible                          170.0000   275832         
  19139  8031      341.0000  1352                    170.0000   278288         
  19760  8218    infeasible                          170.0000   285259         
Elapsed time = 362.22 sec. (196407.36 ticks, tree = 1813.43 MB, solutions = 0)
  20543  8426      256.0000  1709                    170.0000   287928         
  21366  8598      499.0000  1176                    170.0000   291309         
  22037  8708      341.0000   852                    170.0000   297818         
  22681  8862      426.0000   892                    170.0000   301802         
  23374  9080      426.0000   871                    170.0000   305593         
  24225  9255    infeasible                          170.0000   315021         
  24886  9348      341.0000  1232                    170.0000   318688         
  25479  9585    infeasible                          170.0000   328136         
  26188  9656      341.0000   841                    170.0000   331766         
  27101  9782    infeasible                          170.0000   334048         
Elapsed time = 428.36 sec. (234605.64 ticks, tree = 2153.34 MB, solutions = 0)
Nodefile size = 87.30 MB (33.62 MB after compression)
  27891  9797      341.0000  1233                    170.0000   334554         
  28529  9924    infeasible                          170.0000   340491         
  29213 10150    infeasible                          170.0000   345269         
  30034 10248    infeasible                          170.0000   346657         
  30915 10353      341.0000  1414                    170.0000   349106         
  31636 10634      341.0000  1168                    170.0000   351135         
  32268 10651    infeasible                          170.0000   351863         
  32974 10911      341.0000  1132                    170.0000   359079         
  33834 11014    infeasible                          170.0000   359401         
  34578 11321      255.0000   792                    170.0000   362404         
Elapsed time = 494.43 sec. (272792.50 ticks, tree = 2484.30 MB, solutions = 0)
Nodefile size = 400.22 MB (154.37 MB after compression)
  35253 11599      341.0000   967                    170.0000   383347         
  36012 11673      257.0000  1603                    170.0000   384449         
  36731 11736      427.0000   831                    170.0000   386566         
  37538 12007      338.0000   788                    170.0000   394934         
  38281 12476    infeasible                          170.0000   398702         
  38952 12715      257.0000  1275                    170.0000   405010         
  39608 12984      383.0000  1267                    170.0000   411266         
  40319 13104    infeasible                          170.0000   412106         
  41109 13238    infeasible                          170.0000   428872         
  41885 13660      255.0000  1638                    170.0000   440425         
Elapsed time = 559.53 sec. (310964.79 ticks, tree = 3006.26 MB, solutions = 0)
Nodefile size = 926.36 MB (361.90 MB after compression)
  42627 13747      255.0000  1383                    170.0000   440863         
  43308 14072      255.0000  1226                    170.0000   450824         
  44061 14705      342.0000  1767                    170.0000   462928         
  44756 14689      170.0000  2124                    170.0000   464072         
  45546 15009      257.0000  1631                    170.0000   469361         
  46417 15477      255.0000  1732                    170.0000   477088         
  47077 15718      256.0000  1743                    170.0000   484562         
  47703 15994      255.0000  1863                    170.0000   499418         
  48358 16054      340.0000  1839                    170.0000   497865         
  49114 16269      257.0000  1167                    170.0000   510398         
Elapsed time = 625.44 sec. (349139.83 ticks, tree = 3612.54 MB, solutions = 0)
Nodefile size = 1536.56 MB (604.17 MB after compression)
  49905 16653      257.0000  1167                    170.0000   516284         
  50750 17037      256.0000  1488                    170.0000   524337         
  51463 17178      426.0000  1075                    170.0000   527060         
  52209 17718      383.0000  1179                    170.0000   542888         
  52940 18103      426.0000  1076                    170.0000   548138         
  53715 18284      256.0000  1558                    170.0000   553769         
  54427 18625      383.0000  1137                    170.0000   559870         
  55165 19004      257.0000  1642                    170.0000   575309         
  55836 19768      256.0000  1083                    170.0000   593106         
  56480 20131      256.0000  1756                    170.0000   602425         
Elapsed time = 694.26 sec. (387341.30 ticks, tree = 4519.54 MB, solutions = 0)
Nodefile size = 2437.28 MB (966.16 MB after compression)
  57162 20302    infeasible                          170.0000   607874         
  57829 20556      340.0000  1762                    170.0000   612109         
  58610 20582      426.0000  1054                    170.0000   612011         
  59277 21558      340.0000  1402                    170.0000   624987         
  59994 21734      426.0000  1053                    170.0000   631308         
  60674 21770    infeasible                          170.0000   631709         
  61427 22085      257.0000  1803                    170.0000   647352         
  62128 22412    infeasible                          170.0000   652353         
  62871 22412    infeasible                          170.0000   652409         
  63550 22834      383.0000  1049                    170.0000   659567         
Elapsed time = 763.31 sec. (425520.26 ticks, tree = 5153.95 MB, solutions = 0)
Nodefile size = 3075.24 MB (1233.07 MB after compression)
  64184 22950      255.0000  1821                    170.0000   666158         
  64952 23493      255.0000  1810                    170.0000   680745         
  65737 23718      256.0000  1591                    170.0000   686937         
  66553 23817      256.0000  1316                    170.0000   687331         
  67174 24314      256.0000   965                    170.0000   697135         
  67919 24977      256.0000  1775                    170.0000   717691         
  68617 25131      255.0000  1919                    170.0000   726157         
  69408 25529      256.0000  1780                    170.0000   733096         
  70127 25967      170.0000  2259                    170.0000   739596         
  70939 26298      255.0000  1396                    170.0000   746081         
Elapsed time = 830.86 sec. (463742.83 ticks, tree = 5965.54 MB, solutions = 0)
Nodefile size = 3870.31 MB (1559.67 MB after compression)
  71630 26304    infeasible                          170.0000   746676         
  72356 26918      257.0000  1832                    170.0000   763491         
  73032 27233      257.0000  1811                    170.0000   766576         
  73647 27402      256.0000  1718                    170.0000   772573         
  73857 27620    infeasible                          170.0000   778184         
  73862 27714      342.0000  1695                    170.0000   780810         
  74154 27906      256.0000  1788                    170.0000   786255         
  74588 28066      255.0000  1845                    170.0000   812968         
  75178 28345      256.0000  1291                    170.0000   830342         
  75785 28792      171.0000  2366                    170.0000   841072         
Elapsed time = 930.02 sec. (505158.47 ticks, tree = 6555.28 MB, solutions = 0)
Nodefile size = 4476.52 MB (1804.71 MB after compression)
  76514 29034      255.0000  1862                    170.0000   838595         
  77276 29451      255.0000  1806                    170.0000   847283         
  78046 29715      256.0000  1721                    170.0000   866960         
  78822 30003      256.0000  1739                    170.0000   875950         
  79560 30692      383.0000   840                    170.0000   885762         
  80320 31601    infeasible                          170.0000   903978         
  81075 31823      255.0000  1773                    170.0000   910464         
  81933 31911      383.0000   840                    170.0000   912880         
  82797 32137      255.0000   864                    170.0000   916924         
  83562 33103      256.0000  1326                    170.0000   941997         
Elapsed time = 998.46 sec. (543347.49 ticks, tree = 7575.66 MB, solutions = 0)
Nodefile size = 5494.98 MB (2231.56 MB after compression)
  84302 33241      383.0000   840                    170.0000   942831         
  85011 33675    infeasible                          170.0000   952692         
  85675 34451    infeasible                          170.0000   970250         
  86521 34724      256.0000  1679                    170.0000   976273         
  87234 35391      340.0000  1699                    170.0000   985583         
  88015 35670      256.0000  1426                    170.0000   989517         
  88697 36119      256.0000  1389                    170.0000   998874         
  89464 36488      255.0000  1629                    170.0000  1007520         
  90242 36707      256.0000  1795                    170.0000  1011572         
  90882 37706      256.0000  1662                    170.0000  1050235         
Elapsed time = 1073.44 sec. (581536.27 ticks, tree = 8565.89 MB, solutions = 0)
Nodefile size = 6490.07 MB (2628.33 MB after compression)
  91531 37834      256.0000  1749                    170.0000  1053165         
  92239 38097      340.0000  1637                    170.0000  1056996         
  93075 38844      340.0000  1539                    170.0000  1068324         
  93732 39109      256.0000  1710                    170.0000  1076397         
  94456 39590      255.0000  1841                    170.0000  1092233         
  95024 39978      255.0000  1933                    170.0000  1098916         
  95764 40275      256.0000  1809                    170.0000  1102035         
  96381 40998      257.0000  1550                    170.0000  1114244         
  96994 41167      256.0000  1543                    170.0000  1115414         
  97625 41556      256.0000  1700                    170.0000  1123984         
Elapsed time = 1172.89 sec. (619728.84 ticks, tree = 9258.86 MB, solutions = 0)
Nodefile size = 7175.98 MB (2863.52 MB after compression)
  98160 42325      257.0000  1734                    170.0000  1134584         
  98750 42763      256.0000  1484                    170.0000  1139466         
  99444 43064      255.0000  1819                    170.0000  1147481         
  99999 43386      257.0000  1236                    170.0000  1149650         
 100547 43721      340.0000  1552                    170.0000  1153992         
 101120 44211      255.0000  1624                    170.0000  1167402         
 101601 44614      257.0000  1722                    170.0000  1171726         
 102117 45134      255.0000  1759                    170.0000  1182891         
 102685 45199    infeasible                          170.0000  1189057         
 103266 45647      255.0000  1865                    170.0000  1200123         
Elapsed time = 1294.48 sec. (657930.20 ticks, tree = 9840.71 MB, solutions = 0)
Nodefile size = 7771.27 MB (2990.95 MB after compression)
 103815 45529    infeasible                          170.0000  1194571         
 104350 46149      256.0000  1271                    170.0000  1213183         
 104878 46151      256.0000  1265                    170.0000  1213240         
 105346 46739      255.0000  1616                    170.0000  1221459         
 105832 47004      255.0000  1875                    170.0000  1229868         
 106427 47449      255.0000  1765                    170.0000  1256142         
 106936 48091    infeasible                          170.0000  1268260         
 107421 47952      256.0000  1779                    170.0000  1266628         
 107628 48651    infeasible                          170.0000  1279609         
 107629 48328      336.0000  1757                    170.0000  1275986         
Elapsed time = 1428.27 sec. (698995.17 ticks, tree = 10191.44 MB, solutions = 0)
Nodefile size = 8122.17 MB (3059.32 MB after compression)
 107693 48708      255.0000  1826                    170.0000  1282885         
 107971 48759      256.0000  1528                    170.0000  1281585         
 108416 49011      255.0000  1789                    170.0000  1312125         
 108879 49400      257.0000  1536                    170.0000  1317905         
 109445 49715    infeasible                          170.0000  1327541         
 109961 50158      255.0000  1637                    170.0000  1335844         
 110515 50270      256.0000  1759                    170.0000  1342761         
 111010 50802      255.0000  1923                    170.0000  1353817         
 111528 51055      255.0000  1838                    170.0000  1358960         
 112120 51505      340.0000  1639                    170.0000  1364396         
Elapsed time = 1552.11 sec. (737216.00 ticks, tree = 10624.74 MB, solutions = 0)
Nodefile size = 8548.89 MB (3156.64 MB after compression)
 112674 51846    infeasible                          170.0000  1371500         
 113227 52160      255.0000  1547                    170.0000  1378362         
 113734 52406      257.0000  1821                    170.0000  1384749         
 114235 52623      256.0000  1251                    170.0000  1389736         
 114702 53154      256.0000  1251                    170.0000  1395718         
 115268 53464      297.0000  1860                    170.0000  1400576         
 115865 53648      255.0000  1684                    170.0000  1408659         
 116399 53834      256.0000  1678                    170.0000  1413355         
 116904 54040      256.0000  1433                    170.0000  1415592         
 117413 54537      256.0000  1160                    170.0000  1426457         
Elapsed time = 1677.05 sec. (775418.11 ticks, tree = 11054.25 MB, solutions = 0)
Nodefile size = 8970.20 MB (3249.50 MB after compression)
 117863 55132      255.0000  1541                    170.0000  1435776         
 118414 55236    infeasible                          170.0000  1459143         
 118983 55936      256.0000  1199                    170.0000  1461357         
 119547 56065      255.0000  1867                    170.0000  1464589         
 120061 56324    infeasible                          170.0000  1484321         
 120532 56851      256.0000  1048                    170.0000  1501710         
 121016 57415      256.0000  1044                    170.0000  1509610         
 121542 57456      255.0000  1806                    170.0000  1511723         
 122120 58103      255.0000  1791                    170.0000  1527857         
 122656 58070      256.0000  1044                    170.0000  1528118         
Elapsed time = 1802.71 sec. (813622.17 ticks, tree = 11544.91 MB, solutions = 0)
Nodefile size = 9471.73 MB (3349.69 MB after compression)
 123022 58388    infeasible                          170.0000  1529816         

Cover cuts applied:  754
Implied bound cuts applied:  2945
Mixed integer rounding cuts applied:  1230
Zero-half cuts applied:  110
Lift and project cuts applied:  1
Gomory fractional cuts applied:  69

Root node processing (before b&c):
  Real time             =   75.15 sec. (55290.42 ticks)
Parallel b&c, 8 threads:
  Real time             = 1728.85 sec. (763360.86 ticks)
  Sync time (average)   =  635.72 sec.
  Wait time (average)   =    0.00 sec.
                          ------------
Total (root+branch&cut) = 1804.00 sec. (818651.28 ticks)
! --------------------------------------------------------
! Problem is UNKNOWN
! CPLEX Status = AbortTimeLim
! --------------------------------------------------------
