! Solving for graph /home/truongxuanhieu/CPLEX-MIP-for-MinSpanLabeling/benchmarks/cabp/O-impcol_d.mtx.rnd
! Target value is set to 78
! Lower bound is set to 79
! Upper bound is set to 318
! Time limit is set to 1800
! Vertices mode is set to Has hole
! Target value mode is set to Cyclic Antibandwidth
Version identifier: 22.2.0.0 | 2026-05-04 | 5dff98e58
CPXPARAM_TimeLimit                               1800
Tried aggregator 2 times.
MIP Presolve eliminated 1268 rows and 1009 columns.
MIP Presolve modified 135416 coefficients.
Aggregator did 3809 substitutions.
Reduced MIP has 8462 rows, 141335 columns, and 290278 nonzeros.
Reduced MIP has 136683 binaries, 1693 generals, 0 SOSs, and 2959 indicators.
Presolve time = 0.54 sec. (630.05 ticks)
Probing time = 1.03 sec. (316.85 ticks)
Tried aggregator 1 time.
Detecting symmetries...
Reduced MIP has 8462 rows, 141335 columns, and 290278 nonzeros.
Reduced MIP has 136683 binaries, 2118 generals, 0 SOSs, and 2959 indicators.
Presolve time = 0.44 sec. (219.89 ticks)
Probing time = 0.16 sec. (36.22 ticks)
Clique table members: 69678.
MIP emphasis: balance optimality and feasibility.
MIP search method: dynamic search.
Parallel mode: deterministic, using up to 8 threads.
Root relaxation solution time = 0.44 sec. (243.51 ticks)

        Nodes                                         Cuts/
   Node  Left     Objective  IInf  Best Integer    Best Bound    ItCnt     Gap

      0     0      156.0000   986                    156.0000     1252         
      0     0      156.0000  2374                  Cuts: 2215     2632         
      0     0      156.0000  1572                  Cuts: 2215     3632         
      0     0      156.0000  1824                  Cuts: 2215     4909         
Detecting symmetries...
      0     2      156.0000  2324                    156.0000     4909         
Elapsed time = 30.43 sec. (26613.60 ticks, tree = 0.02 MB, solutions = 0)
      6     8      156.0000  1645                    156.0000     5467         
     20    16      156.0000  1793                    156.0000     7361         
     70    59      156.0000  2233                    156.0000    14417         
     97    87      234.0000  1495                    156.0000    17968         
    116   109      156.0000  1805                    156.0000    19343         
    171   144      156.0000  1824                    156.0000    21323         
    216   159      234.0000  1485                    156.0000    22558         
    253   237      172.0000  1709                    156.0000    26361         
    259   256      156.0000  1796                    156.0000    29397         
    323   292      235.0000  1334                    156.0000    33976         
Elapsed time = 38.94 sec. (29827.04 ticks, tree = 22.95 MB, solutions = 0)
    545   416      235.0000  1371                    156.0000    40878         
    769   626      313.0000  1214                    156.0000    49499         
   1018   877    infeasible                          156.0000    56639         
   1224  1114      156.0000  1900                    156.0000    63399         
   1474  1316      312.0000  1245                    156.0000    72803         
   1689  1521      312.0000  1377                    156.0000    87415         
   1922  1716      235.0000  1259                    156.0000    95619         
   2141  1944      235.0000  1231                    156.0000   109072         
   2373  2112      235.0000  1325                    156.0000   115505         
   2628  2385      234.0000  1368                    156.0000   128420         
Elapsed time = 58.17 sec. (39405.43 ticks, tree = 295.21 MB, solutions = 0)
   2843  2616      235.0000  1315                    156.0000   135991         
   3080  2816      313.0000   938                    156.0000   149247         
   3313  2985      313.0000  1247                    156.0000   157064         
   3598  3305      313.0000   796                    156.0000   167708         
   3941  3462      235.0000  1399                    156.0000   172811         
   4345  3835      313.0000  1000                    156.0000   179793         
   4753  4264      313.0000   472                    156.0000   182802         
   5234  4526      235.0000  1001                    156.0000   184552         
   5689  5030      313.0000   426                    156.0000   186462         
   6110  5078      235.0000   983                    156.0000   187867         
Elapsed time = 76.40 sec. (48963.14 ticks, tree = 660.51 MB, solutions = 0)
   6549  5298    infeasible                          156.0000   190111         
   6942  5391    infeasible                          156.0000   191705         
   7321  5495      313.0000   705                    156.0000   194671         
   7711  5555      236.0000  1331                    156.0000   200418         
   8100  5750      313.0000   592                    156.0000   205449         
   8436  5869      312.0000  1310                    156.0000   205670         
   8909  5939      313.0000   588                    156.0000   206782         
   9327  6208      236.0000  1310                    156.0000   209385         
   9802  6258      312.0000  1237                    156.0000   210085         
  10283  6585      313.0000  1347                    156.0000   210806         
Elapsed time = 93.49 sec. (58512.21 ticks, tree = 861.55 MB, solutions = 0)
  10718  6668      234.0000  1512                    156.0000   216088         
  11191  6906      312.0000  1462                    156.0000   219230         
  11622  7363      312.0000  1392                    156.0000   224227         
  12008  7470    infeasible                          156.0000   228020         
  12391  7653    infeasible                          156.0000   237184         
  12839  7867      156.0000  1825                    156.0000   240530         
  13227  8064      313.0000   611                    156.0000   243491         
  13620  8288    infeasible                          156.0000   250141         
  14034  8515      313.0000   610                    156.0000   258515         
  14450  8827      234.0000  1401                    156.0000   265866         
Elapsed time = 109.74 sec. (68077.98 ticks, tree = 1164.83 MB, solutions = 0)
  14867  9112    infeasible                          156.0000   267478         
  15222  9304      235.0000  1373                    156.0000   271245         
  15650  9422      235.0000  1222                    156.0000   273598         
  16054  9754      235.0000  1102                    156.0000   281411         
  16513  9938      313.0000  1184                    156.0000   281686         
  16914 10065    infeasible                          156.0000   282681         
  17254 10435      313.0000  1332                    156.0000   287135         
  17744 10895      234.0000  1313                    156.0000   298948         
  18193 11115      313.0000  1301                    156.0000   300228         
  18593 11359      234.0000  1297                    156.0000   300935         
Elapsed time = 128.13 sec. (77628.20 ticks, tree = 1511.69 MB, solutions = 0)
  19029 11684      234.0000  1169                    156.0000   305950         
  19451 11757      235.0000  1287                    156.0000   310011         
  19890 12124      235.0000  1226                    156.0000   315022         
  20266 12449      312.0000  1405                    156.0000   323175         
  20696 12687      313.0000   559                    156.0000   329727         
  21159 12838      234.0000  1489                    156.0000   331400         
  21573 13078      235.0000  1510                    156.0000   334518         
  21922 13222      312.0000  1282                    156.0000   334020         
  22325 13370      235.0000  1294                    156.0000   342354         
  22772 13734      235.0000  1175                    156.0000   350037         
Elapsed time = 144.37 sec. (87186.48 ticks, tree = 1838.15 MB, solutions = 0)
  23132 13798      234.0000  1492                    156.0000   352570         
  23513 14223      235.0000  1371                    156.0000   355916         
  23954 14415      235.0000  1364                    156.0000   362338         
  24372 14735      312.0000  1372                    156.0000   365907         
  24811 14900    infeasible                          156.0000   370605         
  25299 14954      235.0000  1233                    156.0000   372882         
  25538 15292      312.0000  1345                    156.0000   371408         
  25548 15541      313.0000  1381                    156.0000   376314         
  25550 15477    infeasible                          156.0000   374505         
  25553 15671    infeasible                          156.0000   376509         
Elapsed time = 171.51 sec. (97960.16 ticks, tree = 2105.89 MB, solutions = 0)
Nodefile size = 46.94 MB (24.65 MB after compression)
  25558 15670      313.0000  1139                    156.0000   377210         
  25613 15666      313.0000  1315                    156.0000   380584         
  25790 15681    infeasible                          156.0000   381731         
  26035 15851      313.0000  1378                    156.0000   383143         
  26339 16053      234.0000  1526                    156.0000   390793         
  26741 16136    infeasible                          156.0000   403190         
  27172 16174      235.0000  1243                    156.0000   403321         
  27552 16543      235.0000  1360                    156.0000   416536         
  27960 16916      236.0000  1375                    156.0000   416909         
  28423 17379      234.0000  1557                    156.0000   425902         
Elapsed time = 196.52 sec. (108955.27 ticks, tree = 2343.94 MB, solutions = 0)
Nodefile size = 277.73 MB (146.43 MB after compression)
  28941 17803      312.0000  1351                    156.0000   432187         
  29359 17947      235.0000  1453                    156.0000   437078         
  29807 18475      236.0000  1414                    156.0000   442505         
  30222 18868      313.0000  1224                    156.0000   450945         
  30634 19242      235.0000  1177                    156.0000   456212         
  30985 19396      235.0000  1090                    156.0000   457845         
  31434 19902      313.0000  1054                    156.0000   466049         
  31929 19911      235.0000  1391                    156.0000   465599         
  32418 20284    infeasible                          156.0000   473049         
  34107 21562      235.0000  1243                    156.0000   495139         
Elapsed time = 222.67 sec. (121379.57 ticks, tree = 2930.96 MB, solutions = 0)
Nodefile size = 857.67 MB (456.93 MB after compression)
  35860 23217      312.0000  1374                    156.0000   523496         
  37476 24385      235.0000  1261                    156.0000   539791         
  38890 25053      234.0000  1467                    156.0000   563995         
  40461 26333      234.0000  1448                    156.0000   590742         
  41991 27189      312.0000  1193                    156.0000   612308         
  43570 28421      313.0000  1080                    156.0000   643032         
  45580 29145    infeasible                          156.0000   655173         
  47132 30581    infeasible                          156.0000   679964         
  49001 32318      156.0000  1777                    156.0000   703507         
  50624 33716      235.0000  1237                    156.0000   733239         
Elapsed time = 299.52 sec. (159552.41 ticks, tree = 4662.03 MB, solutions = 0)
Nodefile size = 2597.43 MB (1389.64 MB after compression)
  52227 34544      235.0000  1422                    156.0000   745983         
  53912 35556      236.0000  1370                    156.0000   770322         
  55612 36542      235.0000  1090                    156.0000   790243         
  57402 37634      255.0000   966                    156.0000   799359         
  59220 38402      235.0000   999                    156.0000   814433         
  60944 39178      235.0000  1322                    156.0000   833506         
  62804 40241      234.0000  1506                    156.0000   841943         
  64629 40910      235.0000  1023                    156.0000   854128         
  66562 42407      235.0000  1024                    156.0000   866678         
  68559 44142      313.0000  1227                    156.0000   876676         
Elapsed time = 375.04 sec. (197721.07 ticks, tree = 6179.05 MB, solutions = 0)
Nodefile size = 4112.03 MB (2213.12 MB after compression)
  70042 45194      234.0000  1132                    156.0000   905981         
  71984 45870      235.0000  1419                    156.0000   910078         
  73541 46854      235.0000  1294                    156.0000   924176         
  75518 47897      235.0000  1089                    156.0000   945460         
  76375 49012    infeasible                          156.0000   954230         
  77085 49421      235.0000  1305                    156.0000   962801         
  78743 50762      235.0000  1165                    156.0000   984777         
  80606 51545    infeasible                          156.0000   995842         
  82113 53186      235.0000  1385                    156.0000  1032732         
  83904 54315      235.0000  1347                    156.0000  1050006         
Elapsed time = 458.53 sec. (236033.55 ticks, tree = 7669.24 MB, solutions = 0)
Nodefile size = 5602.96 MB (3024.36 MB after compression)
  85328 54980      235.0000  1284                    156.0000  1062407         

Performing restart 1

Repeating presolve.
Tried aggregator 1 time.
Reduced MIP has 8462 rows, 141335 columns, and 290278 nonzeros.
Reduced MIP has 136683 binaries, 2118 generals, 0 SOSs, and 2959 indicators.
Presolve time = 0.24 sec. (151.60 ticks)
Tried aggregator 1 time.
Reduced MIP has 8462 rows, 141335 columns, and 290278 nonzeros.
Reduced MIP has 136683 binaries, 2118 generals, 0 SOSs, and 2959 indicators.
Presolve time = 0.46 sec. (228.38 ticks)
Represolve time = 2.47 sec. (874.92 ticks)
  85397     0      156.0000  2083                  Cuts: 2215  1084369         
  85397     0      156.0000  2441                  Cuts: 2215  1089684         
  85397     0      156.0000  2905                  Cuts: 2215  1097988         
  85397     0      156.0000  3099                  Cuts: 2215  1105762         
  85397     2      156.0000  2162                    156.0000  1105762         
  85757   304      234.0000  1527                    156.0000  1145131         
  86871  1383      293.0000  1324                    156.0000  1158265         
  87895  2212      311.0000  1230                    156.0000  1175050         
  88935  3137      234.0000  1502                    156.0000  1194341         
  89769  3836      313.0000  1414                    156.0000  1212833         
  89780  3886      235.0000  1485                    156.0000  1214360         
  89787  3949      242.0000  1548                    156.0000  1216580         
  89952  4015      235.0000  1507                    156.0000  1227908         
Elapsed time = 669.60 sec. (376924.01 ticks, tree = 487.60 MB, solutions = 0)
  90762  4732      295.0000  1306                    156.0000  1247940         
  91761  5617      314.0000  1070                    156.0000  1268043         
  92630  6362      250.0000  1491                    156.0000  1285260         
  93545  7117      313.0000  1241                    156.0000  1306776         
  94670  8242      318.0000  1200                    156.0000  1323049         
  95475  8856    infeasible                          156.0000  1332042         
  95489  9149    infeasible                          156.0000  1337854         
  95549  9162      292.0000  1514                    156.0000  1341020         
  96283  9724      235.0000  1429                    156.0000  1360140         
  97421 10478      313.0000  1400                    156.0000  1370504         
Elapsed time = 759.31 sec. (416792.01 ticks, tree = 1302.46 MB, solutions = 0)
  98272 11361      265.0000  1451                    156.0000  1391852         

Performing restart 2

Repeating presolve.
Tried aggregator 1 time.
MIP Presolve modified 159 coefficients.
Reduced MIP has 8462 rows, 141335 columns, and 360004 nonzeros.
Reduced MIP has 136683 binaries, 2118 generals, 0 SOSs, and 2959 indicators.
Presolve time = 0.31 sec. (186.49 ticks)
Tried aggregator 1 time.
Reduced MIP has 8462 rows, 141335 columns, and 360004 nonzeros.
Reduced MIP has 136683 binaries, 2118 generals, 0 SOSs, and 2959 indicators.
Presolve time = 0.50 sec. (252.37 ticks)
Represolve time = 3.81 sec. (1725.35 ticks)
  98294     0      156.0000  2239                  Cuts: 2215  1407158         
  98294     0      156.0000  2687                  Cuts: 2215  1413902         
  98294     0      156.0000  2884                  Cuts: 2215  1424649         
  98294     0      156.0000  3114                  Cuts: 2215  1434693         
  98294     0      156.0000  3080                  Cuts: 2215  1446583         
  98294     0      156.0000  3027                  Cuts: 2215  1461286         
  98294     0      156.0000  3095                  Cuts: 2215  1472773         
  98294     0      156.0000  3117                  Cuts: 2215  1485848         
  98294     2      156.0000  2261                    156.0000  1485848         
  98365    20      220.0000  1737                    156.0000  1491385         
  98550   232      235.0000  1482                    156.0000  1530474         
  98801   398      234.0000  1579                    156.0000  1545314         
  98981   606      212.0000  1621                    156.0000  1555495         
  99161   735      248.0000  1520                    156.0000  1578179         
  99389   900      235.0000  1507                    156.0000  1611346         
  99570  1180      312.0000  1631                    156.0000  1642390         
  99777  1268      235.0000  1694                    156.0000  1669062         
Elapsed time = 1102.50 sec. (699448.40 ticks, tree = 140.79 MB, solutions = 0)
 100026  1508      314.0000  1553                    156.0000  1697102         
 100246  1820      245.0000  1548                    156.0000  1723157         
 100466  1960      245.0000  1545                    156.0000  1728618         
 100718  2214      314.0000  1443                    156.0000  1746327         
 100941  2486      315.0000  1320                    156.0000  1755947         
 101071  2602      314.0000  1310                    156.0000  1759432         
 101180  2518      156.0000  2753                    156.0000  1762840         
 101263  2787      312.0000  1462                    156.0000  1829458         
 101415  2891      235.0000  1727                    156.0000  1892140         
 101621  3022      313.0000  1469                    156.0000  1923604         
Elapsed time = 1200.78 sec. (737818.96 ticks, tree = 379.79 MB, solutions = 0)
 101833  3215      156.0000  2657                    156.0000  1941563         
 101987  3425      315.0000  1377                    156.0000  1970274         
 102169  3617      271.0000  1698                    156.0000  2001719         
 102392  3764      235.0000  1621                    156.0000  2018782         
 102650  4023      313.0000  1483                    156.0000  2046382         
 102909  4298      254.0000  1363                    156.0000  2052053         
 103165  4442      236.0000  1481                    156.0000  2054976         
 103385  4705      312.0000  1397                    156.0000  2062334         
 103586  5028      314.0000  1158                    156.0000  2097964         
 103808  5147      183.0000  2541                    156.0000  2118763         
Elapsed time = 1301.69 sec. (776141.86 ticks, tree = 673.62 MB, solutions = 0)
 104064  5370      235.0000  1651                    156.0000  2138823         
 104228  5581      235.0000  1579                    156.0000  2146487         
 104415  5773      315.0000  1594                    156.0000  2186212         
 104616  5909      308.0000  1648                    156.0000  2222147         
 104872  6211      234.0000  1760                    156.0000  2244096         
 105122  6377      234.0000  1594                    156.0000  2249711         
 105378  6570      234.0000  2238                    156.0000  2257667         
 105579  6789      312.0000  1592                    156.0000  2268040         
 105786  6969      257.0000  1471                    156.0000  2276774         
 106028  7222      313.0000  1480                    156.0000  2311075         
Elapsed time = 1404.01 sec. (814464.63 ticks, tree = 963.02 MB, solutions = 0)
 106269  7426      313.0000  1341                    156.0000  2326554         
 106521  7621      313.0000  1199                    156.0000  2332504         
 106749  7986      313.0000  1309                    156.0000  2357874         
 106892  8115      156.3733  3524                    156.0000  2385315         
 107109  8216      236.0000  1810                    156.0000  2396825         
 107351  8544      313.0000  1418                    156.0000  2440519         
 107586  8827      313.0000  1385                    156.0000  2456057         
 107785  8984      259.0000  1546                    156.0000  2459903         
 107950  9043      234.0000  1601                    156.0000  2466802         
 108122  9261      313.0000  1588                    156.0000  2505781         
Elapsed time = 1501.74 sec. (852757.71 ticks, tree = 1252.80 MB, solutions = 0)
 108377  9540      313.0000  1536                    156.0000  2531566         
 108616  9577      315.0000  1501                    156.0000  2532328         
 108863  9900      315.0000  1409                    156.0000  2552589         
 109109 10100      313.0000  1348                    156.0000  2566029         
 109312 10466      313.0000  1556                    156.0000  2599119         
 109540 10501      314.0000  1510                    156.0000  2599815         
 109794 10873      313.0000  1459                    156.0000  2633264         
 110037 11133      313.0000  1378                    156.0000  2660913         
 110310 11302      312.0000  1447                    156.0000  2666582         
 110545 11605      312.0000  1314                    156.0000  2683976         
Elapsed time = 1604.09 sec. (891039.24 ticks, tree = 1589.51 MB, solutions = 0)
 110760 11704      314.0000  1293                    156.0000  2688352         
 110931 11772      235.0000  1676                    156.0000  2693084         
 111122 12024      313.0000  1177                    156.0000  2706012         
 111337 12328      235.0000  1640                    156.0000  2747721         
 111544 12360      236.0000  1612                    156.0000  2748271         
 111730 12611      235.0000  2008                    156.0000  2783306         
 111973 12847      235.0000  1660                    156.0000  2804928         
 112187 13194      312.0000  1478                    156.0000  2844026         
 112376 13225      312.0000  1406                    156.0000  2844963         
 112574 13434      236.0000  1514                    156.0000  2860228         
Elapsed time = 1696.53 sec. (929393.54 ticks, tree = 1853.21 MB, solutions = 0)
 112773 13722      235.0000  2049                    156.0000  2900874         
 112998 13806      256.0000  1567                    156.0000  2905643         
 113220 14012      156.0011  3402                    156.0000  2935789         
 113457 14253      235.0000  1642                    156.0000  2948359         
 113660 14367      312.0000  1475                    156.0000  2954634         
 113908 14481      235.0000  1544                    156.0000  2975015         
 114174 14964      313.0000  1333                    156.0000  3009449         
 114431 15001      313.0000  1302                    156.0000  3009910         
 114647 15512      156.4592  3541                    156.0000  3046831         
 114864 15521      314.0000  1394                    156.0000  3037568         
Elapsed time = 1792.20 sec. (967656.04 ticks, tree = 2154.75 MB, solutions = 0)
Nodefile size = 93.44 MB (59.15 MB after compression)

GUB cover cuts applied:  614
Clique cuts applied:  1
Cover cuts applied:  235
Implied bound cuts applied:  1685
Flow cuts applied:  3
Mixed integer rounding cuts applied:  1257
Zero-half cuts applied:  38
Lift and project cuts applied:  3
Gomory fractional cuts applied:  5

Root node processing (before b&c):
  Real time             =   30.15 sec. (26553.37 ticks)
Parallel b&c, 8 threads:
  Real time             = 1771.33 sec. (945047.69 ticks)
  Sync time (average)   =  294.64 sec.
  Wait time (average)   =    0.39 sec.
                          ------------
Total (root+branch&cut) = 1801.48 sec. (971601.06 ticks)
! --------------------------------------------------------
! Problem is UNKNOWN
! CPLEX Status = AbortTimeLim
! --------------------------------------------------------
