! Solving for graph /home/truongxuanhieu/CPLEX-MIP-for-MinSpanLabeling/benchmarks/cabp/Q-494_bus.mtx.rnd
! Target value is set to 123
! Lower bound is set to 124
! Upper bound is set to 370
! Time limit is set to 1800
! Vertices mode is set to Has hole
! Target value mode is set to Cyclic Antibandwidth
Version identifier: 22.2.0.0 | 2026-05-04 | 5dff98e58
CPXPARAM_TimeLimit                               1800
Tried aggregator 2 times.
MIP Presolve eliminated 589 rows and 1176 columns.
MIP Presolve modified 183088 coefficients.
Aggregator did 2651 substitutions.
Reduced MIP has 5399 rows, 186420 columns, and 377246 nonzeros.
Reduced MIP has 183674 binaries, 1081 generals, 0 SOSs, and 1665 indicators.
Presolve time = 0.62 sec. (713.55 ticks)
Probing time = 1.31 sec. (377.39 ticks)
Tried aggregator 2 times.
Detecting symmetries...
Aggregator did 146 substitutions.
Reduced MIP has 5253 rows, 186274 columns, and 377100 nonzeros.
Reduced MIP has 183674 binaries, 1428 generals, 0 SOSs, and 1665 indicators.
Presolve time = 0.77 sec. (418.05 ticks)
Probing time = 0.18 sec. (42.74 ticks)
Clique table members: 79250.
MIP emphasis: balance optimality and feasibility.
MIP search method: dynamic search.
Parallel mode: deterministic, using up to 8 threads.
Root relaxation solution time = 0.54 sec. (242.77 ticks)

        Nodes                                         Cuts/
   Node  Left     Objective  IInf  Best Integer    Best Bound    ItCnt     Gap

      0     0      246.0000   740                    246.0000      497         
      0     0      246.0000  1261                  Cuts: 1413     1482         
      0     0      246.0000   985                  Cuts: 1023     2290         
      0     0      246.0000  1180                  Cuts: 1164     3297         
      0     2      246.0000   903                    246.0000     3299         
Elapsed time = 26.59 sec. (22002.11 ticks, tree = 0.02 MB, solutions = 0)
     11    11      246.0000   951                    246.0000     3750         
     46     9      246.0000   855                    246.0000     3379         
     96    82      246.0000   879                    246.0000     7645         
    158   121      246.0000   859                    246.0000     9113         
    213   166      246.0000   853                    246.0000    11746         
    257   224      369.0000   771                    246.0000    14850         
    262   220      369.0000   793                    246.0000    14778         
    294   259      366.0000   811                    246.0000    20078         
    322   276      366.0000   806                    246.0000    22262         
    640   502      370.0000   621                    246.0000    24703         
Elapsed time = 36.72 sec. (26077.53 ticks, tree = 44.85 MB, solutions = 0)
    893   802      370.0000   600                    246.0000    28122         
   1184   973    infeasible                          246.0000    29309         
   1491  1233      370.0000   564                    246.0000    30316         
   1827  1414    infeasible                          246.0000    31244         
   2159  1561      370.0000   514                    246.0000    31847         
   2541  1728    infeasible                          246.0000    32540         
   2942  1786    infeasible                          246.0000    32945         
   3342  1932      370.0000   496                    246.0000    33478         
   3805  2053    infeasible                          246.0000    33979         
   4234  2179      370.0000   463                    246.0000    34752         
Elapsed time = 53.20 sec. (35641.48 ticks, tree = 241.43 MB, solutions = 0)
   4670  2250      370.0000   456                    246.0000    35043         
   5087  2345    infeasible                          246.0000    35572         
   5433  2422      370.0000   516                    246.0000    36459         
   5866  2526      370.0000   512                    246.0000    37633         
   6218  2627      370.0000   428                    246.0000    39150         
   6571  2733      370.0000   502                    246.0000    43158         
   6884  2841    infeasible                          246.0000    50807         
   7172  2901    infeasible                          246.0000    54493         
   7515  2986      370.0000   436                    246.0000    59849         
   7877  3014    infeasible                          246.0000    60052         
Elapsed time = 68.43 sec. (45203.94 ticks, tree = 337.66 MB, solutions = 0)
   8157  3072      370.0000   465                    246.0000    67239         
   8460  3250    infeasible                          246.0000    74042         
   8784  3458      369.0000   768                    246.0000    75623         
   9110  3710      370.0000   612                    246.0000    76052         
   9475  3766      370.0000   401                    246.0000    76245         
   9800  3952      370.0000   401                    246.0000    76791         
   9837  4102    infeasible                          246.0000    77031         
   9843  4159    infeasible                          246.0000    78886         
   9932  4152      369.0000   713                    246.0000    79294         
  10098  4220      363.0000   761                    246.0000    82131         
Elapsed time = 93.93 sec. (55833.39 ticks, tree = 483.31 MB, solutions = 0)
  10400  4263      363.0000   789                    246.0000    84066         
  10718  4417      370.0000   524                    246.0000    88740         
  11079  4686    infeasible                          246.0000    96037         
  11473  4832      370.0000   595                    246.0000    97139         
  11794  5034      370.0000   542                    246.0000    98236         
  12149  5177      370.0000   591                    246.0000    99736         
  12475  5418      370.0000   614                    246.0000   105255         
  12831  5821      370.0000   520                    246.0000   116148         
  13197  5819      370.0000   490                    246.0000   116227         
  13546  6197    infeasible                          246.0000   123557         
Elapsed time = 111.76 sec. (65395.04 ticks, tree = 719.91 MB, solutions = 0)
  13858  6348      363.0000   824                    246.0000   129283         
  14184  6449      370.0000   647                    246.0000   133414         
  14531  6486      370.0000   618                    246.0000   133505         
  14874  6788    infeasible                          246.0000   140565         
  15212  7040    infeasible                          246.0000   146104         
  15576  7059      363.0000   776                    246.0000   149434         
  15937  7201    infeasible                          246.0000   150516         
  16270  7437      370.0000   490                    246.0000   156811         
  16642  7645      369.0000   605                    246.0000   163209         
  16981  7685      369.0000   566                    246.0000   163338         
Elapsed time = 129.87 sec. (74954.16 ticks, tree = 897.71 MB, solutions = 0)
  17335  7915      363.0000   629                    246.0000   170136         
  17673  8185      369.0000   569                    246.0000   176871         
  18012  8295    infeasible                          246.0000   177853         
  18371  8666      253.0000   813                    246.0000   192531         
  18725  8598    infeasible                          246.0000   197194         
  19002  9097      369.0000   724                    246.0000   200252         
  19288  9141    infeasible                          246.0000   205587         
  19634  9291      370.0000   627                    246.0000   208196         
  19974  9341      370.0000   483                    246.0000   213691         
  20343  9498      363.0000   662                    246.0000   213897         
Elapsed time = 145.96 sec. (84515.15 ticks, tree = 1115.38 MB, solutions = 0)
  20690  9653      247.0000   700                    246.0000   222563         
  21011  9939      363.0000   815                    246.0000   229971         
  21300  9942      247.0000   700                    246.0000   229399         
  21579 10102      247.0000   839                    246.0000   239471         
  21905 10311      370.0000   442                    246.0000   238186         
  22214 10507      247.0000   796                    246.0000   244690         
  22509 10591      247.0000   719                    246.0000   248762         
  22790 10817      247.0000   705                    246.0000   253054         
  23053 10797      247.0000   738                    246.0000   251863         
  23205 10983      370.0000   494                    246.0000   261292         
Elapsed time = 164.91 sec. (94110.55 ticks, tree = 1292.86 MB, solutions = 0)
  23214 11003      369.0000   727                    246.0000   263247         
  23264 11219      369.0000   650                    246.0000   270102         
  23455 11214      370.0000   529                    246.0000   271732         
  23707 11281      247.0000   840                    246.0000   273281         
  24010 11507      369.0000   716                    246.0000   278810         
  24336 11746      247.0000   881                    246.0000   288046         
  24706 11910      369.0000   717                    246.0000   288076         
  25056 11857      370.0000   396                    246.0000   288182         
  25375 12181      363.0000   830                    246.0000   293230         
  25702 12449      367.0000   769                    246.0000   297607         
Elapsed time = 185.42 sec. (103716.13 ticks, tree = 1469.52 MB, solutions = 0)
  26075 12395      369.0000   707                    246.0000   296649         
  26416 12974      369.0000   834                    246.0000   301608         
  26762 13059    infeasible                          246.0000   300941         
  27125 13280      247.0000   930                    246.0000   301545         
  27512 13726      247.0000   935                    246.0000   303915         
  27877 14074      369.0000   812                    246.0000   308049         
  28192 14101      246.0000   782                    246.0000   309328         
  28513 14292      370.0000   398                    246.0000   308621         
  28841 14614      370.0000   628                    246.0000   311952         
  30084 15394      370.0000   383                    246.0000   328501         
Elapsed time = 205.85 sec. (116136.21 ticks, tree = 1826.50 MB, solutions = 0)
  31499 16115      363.0000   602                    246.0000   337560         
  33042 17306    infeasible                          246.0000   348184         
  34490 18221      247.0000   674                    246.0000   352971         
  34943 18928      370.0000   564                    246.0000   358425         
  36143 19015      370.0000   331                    246.0000   358748         
  37838 19986      287.0000   668                    246.0000   364416         
  39423 20974      369.0000   561                    246.0000   367227         
  40649 21826      370.0000   503                    246.0000   373288         
  42046 22516      308.0000   645                    246.0000   384554         
  43457 22983    infeasible                          246.0000   386460         
Elapsed time = 285.75 sec. (154306.31 ticks, tree = 2758.79 MB, solutions = 0)
Nodefile size = 696.10 MB (277.46 MB after compression)
  44628 24340      370.0000   482                    246.0000   425442         
  45917 24776      254.0000   709                    246.0000   447133         
  46390 25952      247.0000   629                    246.0000   472458         
  47606 26057      247.0000   759                    246.0000   472910         
  49000 26797      247.0000   593                    246.0000   476944         
  50326 27925      248.0000   564                    246.0000   498354         
  51587 28276      248.0000   565                    246.0000   511156         
  52818 28558      247.0000   570                    246.0000   531135         
  54051 29425      247.0000   474                    246.0000   546167         
  55360 30311      328.0000   719                    246.0000   579078         
Elapsed time = 364.31 sec. (192486.13 ticks, tree = 3684.04 MB, solutions = 0)
Nodefile size = 1619.05 MB (648.52 MB after compression)
  56733 30504    infeasible                          246.0000   587051         
  58423 32446      247.0000   736                    246.0000   610364         
  60020 32846      247.0000   703                    246.0000   611897         

Performing restart 1

Repeating presolve.
Tried aggregator 1 time.
MIP Presolve eliminated 0 rows and 183 columns.
Reduced MIP has 5253 rows, 186091 columns, and 376734 nonzeros.
Reduced MIP has 183491 binaries, 1428 generals, 0 SOSs, and 1665 indicators.
Presolve time = 0.27 sec. (195.75 ticks)
Tried aggregator 1 time.
Reduced MIP has 5253 rows, 186091 columns, and 376734 nonzeros.
Reduced MIP has 183491 binaries, 1428 generals, 0 SOSs, and 1665 indicators.
Presolve time = 0.63 sec. (319.52 ticks)
Represolve time = 3.05 sec. (1107.63 ticks)
  60252     0      246.0000  1463                  Cuts: 1413   620841         
  60252     0      246.0000  1762                  Cuts: 1413   623537         
  60252     0      246.0000  1915                  Cuts: 1376   626907         
  60252     0      246.0000  1961                  Cuts: 1344   630646         
  60252     2      246.0000  1160                    246.0000   630646         
  60800   433      246.0000   911                    246.0000   645710         
  61280   988      370.0000   786                    246.0000   660827         
  61881  1286      370.0000   600                    246.0000   669102         
  62808  1993    infeasible                          246.0000   679008         
  63925  2765      370.0000   761                    246.0000   693528         
  64713  3427      369.0000   738                    246.0000   706407         
Elapsed time = 520.85 sec. (285513.72 ticks, tree = 364.76 MB, solutions = 0)
  65396  3906      370.0000   677                    246.0000   724998         
  66264  4720      370.0000   671                    246.0000   735741         
  67217  5365      370.0000   664                    246.0000   750677         
  68096  6211      370.0000   803                    246.0000   768017         
  68663  6617    infeasible                          246.0000   772091         
  69346  7365      370.0000   678                    246.0000   782745         
  70195  7932      370.0000   559                    246.0000   788722         
  71041  8728      369.0000   920                    246.0000   811370         

Performing restart 2

Repeating presolve.
Tried aggregator 1 time.
MIP Presolve eliminated 0 rows and 61 columns.
MIP Presolve modified 927 coefficients.
Reduced MIP has 5253 rows, 186030 columns, and 512239 nonzeros.
Reduced MIP has 183430 binaries, 1428 generals, 0 SOSs, and 1665 indicators.
Presolve time = 0.42 sec. (264.88 ticks)
Tried aggregator 1 time.
Reduced MIP has 5253 rows, 186030 columns, and 512239 nonzeros.
Reduced MIP has 183430 binaries, 1428 generals, 0 SOSs, and 1665 indicators.
Presolve time = 0.74 sec. (345.67 ticks)
Represolve time = 4.16 sec. (1571.34 ticks)
  71202     0      246.0000  1849                  Cuts: 1413   833129         
  71202     0      246.0000  1800                  Cuts: 1413   836166         
  71202     0      246.0000  2085                  Cuts: 1413   839586         
  71202     0      246.0000  2041                  Cuts: 1136   843292         
  71202     0      246.0000  1731                  Cuts: 1213   846378         
  71202     0      246.0000  2157                  Cuts: 1413   849731         
  71202     0      246.0000  1936                  Cuts: 1006   853173         
  71202     0      246.0000  2140                  Cuts: 1413   857045         
  71202     0      246.0000  1840                  Cuts: 1068   860704         
  71202     0      246.0000  2223                  Cuts: 1413   866055         
  71202     0      246.0000  2085                  Cuts: 1147   870023         
  71202     0      246.0000  2131                  Cuts: 1300   873828         
  71202     2      246.0000  1457                    246.0000   873828         
  71341   113      369.0000   954                    246.0000   890555         
Elapsed time = 808.61 sec. (542882.74 ticks, tree = 5.89 MB, solutions = 0)
  71603   330      369.0000   909                    246.0000   898413         
  71895   622      369.0000   897                    246.0000   906142         
  72208   877      369.0000   834                    246.0000   909705         
  72521  1251      370.0000   717                    246.0000   915933         
  72885  1520      369.0000   754                    246.0000   921286         
  73211  1790      370.0000   556                    246.0000   925941         
  73581  2063      254.0000  1401                    246.0000   951249         
  73984  2322      370.0000   516                    246.0000   957618         
  74412  2635      370.0000   470                    246.0000   966598         
  74865  2846      369.0000   895                    246.0000   971462         
Elapsed time = 893.59 sec. (581104.08 ticks, tree = 307.14 MB, solutions = 0)
  75348  3061      370.0000   433                    246.0000   975450         
  75878  3310      369.0000   820                    246.0000   980061         
  76309  3580      370.0000   249                    246.0000   988702         
  76845  3860      370.0000   256                    246.0000   992069         
  77385  4282      370.0000   106                    246.0000   995031         
  77935  4764      370.0000   756                    246.0000  1003522         
* 78218  4854      integral     0      370.0000      246.0000  1004120   33.51%
  78361  1710      247.0000  2379      370.0000      246.0000  1010104   33.51%
  78601  1868      369.0000   887      370.0000      246.0000  1032897   33.51%
  78901  2029      369.0000   837      370.0000      246.0000  1044315   33.51%
  79231  2213      369.0000   779      370.0000      246.0000  1059152   33.51%
Elapsed time = 981.42 sec. (619344.65 ticks, tree = 225.35 MB, solutions = 1)
  79553  2422      369.0000   979      370.0000      246.0000  1075547   33.51%
  79871  2603      369.0000   891      370.0000      246.0000  1085842   33.51%
  80230  2733      369.0000   728      370.0000      246.0000  1095043   33.51%
  80558  2843      369.0000   678      370.0000      246.0000  1099497   33.51%
  80910  2991      369.0000   447      370.0000      246.0000  1111401   33.51%
  81238  3190      369.0000   823      370.0000      246.0000  1116958   33.51%
  81523  3411      246.4366  2408      370.0000      246.0000  1131080   33.51%
  81828  3700      369.0000   781      370.0000      246.0000  1152919   33.51%
  82137  3919      369.0000   963      370.0000      246.0000  1165588   33.51%
  82445  4100      369.0000   938      370.0000      246.0000  1175185   33.51%
Elapsed time = 1073.49 sec. (657673.95 ticks, tree = 448.68 MB, solutions = 1)
  82803  4239      369.0000   845      370.0000      246.0000  1183587   33.51%
  83142  4435      369.0000   988      370.0000      246.0000  1195299   33.51%
  83497  4744    infeasible            370.0000      246.0000  1213847   33.51%
  83798  4920      369.0000   706      370.0000      246.0000  1218092   33.51%
  84109  5082      369.0000   679      370.0000      246.0000  1237738   33.51%
  84391  5347      369.0000   990      370.0000      246.0000  1257137   33.51%
  84689  5563      369.0000   878      370.0000      246.0000  1271661   33.51%
  84970  5797      369.0000   857      370.0000      246.0000  1281507   33.51%
  85273  5978      246.0000  1813      370.0000      246.0000  1292442   33.51%
  85620  6137      369.0000   746      370.0000      246.0000  1303012   33.51%
Elapsed time = 1161.54 sec. (695890.71 ticks, tree = 693.34 MB, solutions = 1)
  85944  6383      287.0000  1401      370.0000      246.0000  1313503   33.51%
  86246  6718      247.0000  1521      370.0000      246.0000  1331239   33.51%
  86532  6901      369.0000   694      370.0000      246.0000  1340122   33.51%
  86802  7188      369.0000   837      370.0000      246.0000  1354964   33.51%
  87074  7411      369.0000   788      370.0000      246.0000  1371601   33.51%
  87410  7502      250.0000  1662      370.0000      246.0000  1377256   33.51%
  87689  7677      369.0000   821      370.0000      246.0000  1380734   33.51%
  87966  7907      369.0000   697      370.0000      246.0000  1391843   33.51%
  88228  8068      369.0000   878      370.0000      246.0000  1405640   33.51%
  88487  8331      369.0000   750      370.0000      246.0000  1424157   33.51%
Elapsed time = 1249.89 sec. (734144.65 ticks, tree = 961.22 MB, solutions = 1)
  88800  8625      247.0000  1342      370.0000      246.0000  1447822   33.51%
  89106  8808      369.0000   780      370.0000      246.0000  1454478   33.51%
  89431  9013      369.0000   535      370.0000      246.0000  1474019   33.51%
  89714  9210      369.0000  1018      370.0000      246.0000  1489907   33.51%
  90025  9348      369.0000   347      370.0000      246.0000  1499546   33.51%
  90328  9629      369.0000   921      370.0000      246.0000  1509714   33.51%
  90627  9748      369.0000   884      370.0000      246.0000  1523168   33.51%
  90938 10055      369.0000   933      370.0000      246.0000  1547410   33.51%
  91221 10233      369.0000   882      370.0000      246.0000  1556423   33.51%
  91544 10659      351.0000  1301      370.0000      246.0000  1575051   33.51%
Elapsed time = 1339.98 sec. (772405.54 ticks, tree = 1247.52 MB, solutions = 1)
  91881 10738      369.0000   801      370.0000      246.0000  1579137   33.51%
  92196 11230      369.0000   693      370.0000      246.0000  1594225   33.51%
  92518 11381      369.0000   818      370.0000      246.0000  1603540   33.51%
  92818 11560      369.0000   909      370.0000      246.0000  1619724   33.51%
  93131 11700      369.0000  1093      370.0000      246.1245  1626790   33.48%
  93411 12000      369.0000  1032      370.0000      246.4279  1637165   33.40%
  93691 12037      369.0000   926      370.0000      246.4279  1637808   33.40%
  93992 12419    infeasible            370.0000      246.4279  1659231   33.40%
  94292 12607      369.0000   703      370.0000      246.4279  1668757   33.40%
  94614 12775      369.0000   828      370.0000      246.4366  1677470   33.40%
Elapsed time = 1425.22 sec. (810670.14 ticks, tree = 1508.84 MB, solutions = 1)
  94965 12984      369.0000   694      370.0000      246.4366  1683245   33.40%
  95307 13192      369.0000   666      370.0000      246.4366  1688363   33.40%
  95675 13501      369.0000   612      370.0000      246.4366  1700200   33.40%
  96070 14049      369.0000   512      370.0000      246.4366  1719485   33.40%
  96412 14480      369.0000   480      370.0000      246.4366  1728395   33.40%
  96771 14671      369.0000   707      370.0000      246.4366  1737451   33.40%
  97114 14607      369.0000   909      370.0000      246.4366  1736191   33.40%
  97485 14947      369.0000   770      370.0000      246.4366  1744986   33.40%
  97856 15483      369.0000   851      370.0000      246.4366  1763173   33.40%
  98233 15529      369.0000   749      370.0000      246.4366  1763546   33.40%
Elapsed time = 1512.12 sec. (848900.93 ticks, tree = 1850.58 MB, solutions = 1)
  98540 16123      369.0000   905      370.0000      246.4366  1783301   33.40%
  98863 16257      369.0000   823      370.0000      246.4366  1791352   33.40%
  99232 16293      369.0000   804      370.0000      246.4366  1791813   33.40%
  99624 16693      369.0000   616      370.0000      246.4366  1805240   33.40%
  99961 17037      369.0000   825      370.0000      246.4366  1816839   33.40%
 100296 17651      369.0000   858      370.0000      246.4366  1840334   33.40%
 100663 17644      369.0000   574      370.0000      246.4366  1837653   33.40%
 101017 17869      369.0000   760      370.0000      246.4366  1843540   33.40%
 101327 18485      369.0000   881      370.0000      246.4366  1861672   33.40%
 101657 18772      369.0000   841      370.0000      246.4366  1878473   33.40%
Elapsed time = 1596.30 sec. (887192.86 ticks, tree = 2253.77 MB, solutions = 1)
Nodefile size = 191.33 MB (86.65 MB after compression)
 101986 19057      369.0000   991      370.0000      246.4366  1890407   33.40%
 102313 19103      369.0000   877      370.0000      246.4366  1890862   33.40%
Starting limited solution polishing.
 102659 19496      369.0000   747      370.0000      246.4366  1902856   33.40%
 103051 19852      369.0000   677      370.0000      246.4366  1915277   33.40%
 103438 19804      369.0000   968      370.0000      246.4366  1917365   33.40%
 103788 20098      369.0000   472      370.0000      246.4366  1920126   33.40%
 104165 20299      369.0000   642      370.0000      246.4366  1923265   33.40%
 104564 20829      369.0000   511      370.0000      246.4366  1942354   33.40%
 104965 20733      369.0000   883      370.0000      246.4366  1941950   33.40%
 105367 21194      369.0000   708      370.0000      246.4366  1950721   33.40%
Elapsed time = 1682.14 sec. (925424.12 ticks, tree = 2554.31 MB, solutions = 1)
Nodefile size = 488.24 MB (219.93 MB after compression)
 105735 21647      369.0000  1073      370.0000      246.4366  1972512   33.40%
 106083 21499      369.0000   669      370.0000      246.4366  1962111   33.40%
 106447 21854      369.0000   556      370.0000      246.4366  1978394   33.40%
 106797 22453      369.0000   703      370.0000      246.4366  1993565   33.40%
 107130 22700      369.0000   947      370.0000      246.4366  2003672   33.40%
 107508 22874      369.0000   821      370.0000      246.4366  2005300   33.40%
 107902 23392      369.0000   689      370.0000      246.4366  2019763   33.40%
 108280 23148      369.0000   837      370.0000      246.4366  2015038   33.40%
 108620 23813      369.0000   756      370.0000      246.4366  2032488   33.40%
 108991 23858      369.0000   696      370.0000      246.4366  2033575   33.40%
Elapsed time = 1765.72 sec. (963662.28 ticks, tree = 2884.16 MB, solutions = 1)
Nodefile size = 812.78 MB (365.73 MB after compression)
 109343 24177      369.0000   660      370.0000      246.4366  2047757   33.40%
 109669 24305      369.0000   883      370.0000      246.4366  2054067   33.40%
 110011 24816      369.0000   645      370.0000      246.4366  2067084   33.40%
 110306 25053      369.0000   701      370.0000      246.4366  2071526   33.40%

GUB cover cuts applied:  264
Cover cuts applied:  96
Implied bound cuts applied:  716
Flow cuts applied:  10
Mixed integer rounding cuts applied:  901
Zero-half cuts applied:  26
Lift and project cuts applied:  1
Gomory fractional cuts applied:  17

Root node processing (before b&c):
  Real time             =   26.34 sec. (21952.12 ticks)
Parallel b&c, 8 threads:
  Real time             = 1776.80 sec. (957826.42 ticks)
  Sync time (average)   =  251.82 sec.
  Wait time (average)   =    0.26 sec.
                          ------------
Total (root+branch&cut) = 1803.14 sec. (979778.54 ticks)
! --------------------------------------------------------
! Status: FEASIBLE (time limit or other stopping criterion reached)
! Best span = 370
! Labeling: 370 247 370 370 1 370 124 247 1 126 289 1 1 246 247 246 242 43 247 370 370 248 1 124 1 246 366 370 246 124 247 255 363 246 124 123 243 357 370 367 362 125 124 369 247 370 246 247 370 370 124 247 246 370 125 369 248 1 126 124 247 124 243 122 124 123 246 370 370 126 363 368 246 246 366 2 370 247 246 246 126 370 1 247 1 247 124 247 249 124 370 1 124 247 246 124 370 247 247 123 163 248 123 124 247 124 124 370 246 247 124 124 124 124 124 119 1 369 370 370 123 125 1 249 133 247 370 356 247 124 1 370 246 248 246 370 370 1 120 247 1 1 248 370 123 124 248 370 370 124 246 370 124 243 124 1 1 1 247 370 161 257 123 1 124 369 245 124 247 247 10 246 370 247 246 124 124 370 370 125 124 247 246 247 370 247 246 246 1 1 360 134 368 1 370 111 247 369 370 247 248 370 1 124 246 256 1 1 247 8 126 247 370 246 243 1 1 370 245 370 1 370 123 370 247 362 346 247 239 370 370 123 247 249 246 246 123 124 125 124 370 246 1 1 234 370 1 370 1 247 248 1 1 166 370 370 247 247 1 370 124 248 247 248 125 1 366 124 370 124 123 370 208 247 123 290 124 123 1 10 246 19 369 1 124 124 369 246 127 246 247 1 369 370 247 123 248 124 368 123 1 247 124 246 246 247 367 245 370 124 133 1 367 247 331 2 1 370 370 249 243 247 125 124 370 370 125 124 125 1 1 1 370 370 124 370 124 1 124 123 370 1 247 246 246 124 124 243 248 370 1 247 1 370 370 120 123 248 256 123 124 121 370 124 234 124 370 370 124 247 2 248 124 124 1 370 247 125 370 123 125 247 1 370 125 370 370 122 370 123 370 248 247 1 248 1 319 1 370 370 248 370 247 1 247 246 245 247 247 1 1 370 247 1 1 247 124 124 370 247 247 1 246 246 247 124 247 370 247 120 370 247 247 132 369 370 1 247 366 125 1 370 247 370 247 250 1 370 245 124 247 370 1 247 370 355 247 247 125 124 370 1 123 248 4 124 248 123 124 370 124 124 246 1 247 124 124 370 370 243 124 257 2 125 370 247 123 1 247 248 123 247 370 10 
! --------------------------------------------------------
! All verification passed
