! Solving for graph /home/truongxuanhieu/CPLEX-MIP-for-MinSpanLabeling/benchmarks/cabp/S-sherman4.mtx.rnd
! Target value is set to 193
! Lower bound is set to 194
! Upper bound is set to 409
! Time limit is set to 1800
! Vertices mode is set to Has hole
! Target value mode is set to Cyclic Antibandwidth
Version identifier: 22.2.0.0 | 2026-05-04 | 5dff98e58
CPXPARAM_TimeLimit                               1800
Tried aggregator 2 times.
MIP Presolve eliminated 1344 rows and 1299 columns.
MIP Presolve modified 223655 coefficients.
Aggregator did 4317 substitutions.
Reduced MIP has 9434 rows, 230111 columns, and 468559 nonzeros.
Reduced MIP has 224996 binaries, 1888 generals, 0 SOSs, and 3227 indicators.
Presolve time = 0.80 sec. (1101.68 ticks)
Probing time = 2.00 sec. (467.46 ticks)
Tried aggregator 1 time.
Detecting symmetries...
Reduced MIP has 9434 rows, 230111 columns, and 468559 nonzeros.
Reduced MIP has 224996 binaries, 2433 generals, 0 SOSs, and 3227 indicators.
Presolve time = 0.85 sec. (366.16 ticks)
Probing time = 0.23 sec. (53.42 ticks)
Clique table members: 90137.
MIP emphasis: balance optimality and feasibility.
MIP search method: dynamic search.
Parallel mode: deterministic, using up to 8 threads.
Root relaxation solution time = 0.84 sec. (376.57 ticks)

        Nodes                                         Cuts/
   Node  Left     Objective  IInf  Best Integer    Best Bound    ItCnt     Gap

      0     0      386.0000  1131                    386.0000     1346         
      0     0      386.0000  1764                  Cuts: 2458     3551         
      0     0      386.0000  2258                  Cuts: 2102     5439         
Detecting symmetries...
      0     2      386.0000  1884                    386.0000     5439         
Elapsed time = 48.02 sec. (39679.78 ticks, tree = 0.02 MB, solutions = 0)
      8    10      386.0000  2057                    386.0000     5786         
     15     9      386.0000  1776                    386.0000     5753         
     37     4      386.0000  1747                    386.0000     5554         
     49    41      386.0000  2272                    386.0000    13534         
     76    57      392.0000  1977                    386.0000    23002         
    111    96      386.0000  2006                    386.0000    26959         
    141   109      386.0000  1993                    386.0000    27542         
    187   145      386.0000  1866                    386.0000    29116         
    209   175    infeasible                          386.0000    30199         
    215   174    infeasible                          386.0000    30222         
Elapsed time = 60.44 sec. (43966.03 ticks, tree = 15.05 MB, solutions = 0)
    347   252      387.0000  1812                    386.0000    38134         
    506   422      389.0000  1875                    386.0000    49065         
    651   527      387.0000  2497                    386.0000    63421         
    789   645      388.0000  1647                    386.0000    67855         
    913   691      386.0000  1959                    386.0000    71447         
   1036   807      388.0000  1289                    386.0000    78010         
   1181   865      386.0000  2334                    386.0000    83791         
   1317  1006      387.0000  2042                    386.0000    96158         
   1451  1179      387.0000  1768                    386.0000   115223         
   1592  1275      387.0000  1714                    386.0000   123071         
Elapsed time = 80.32 sec. (53542.93 ticks, tree = 189.80 MB, solutions = 0)
   1718  1385      391.0000  1812                    386.0000   133246         
   1863  1531      389.0000  1741                    386.0000   140865         
   1993  1597      387.0000  2136                    386.0000   145414         
   2162  1693      386.0000  2108                    386.0000   158583         
   2319  1948      386.0000  2175                    386.0000   173104         
   2440  2072      395.0000  1672                    386.0000   177043         
   2624  2132      395.0000  1767                    386.0000   177111         
   2865  2440      395.0000  1602                    386.0000   191414         
   3044  2407      394.0000  1930                    386.0000   195799         
   3072  2554      398.0000  1707                    386.0000   192234         
Elapsed time = 106.39 sec. (64122.68 ticks, tree = 420.29 MB, solutions = 0)
   3154  2657      386.0000  2490                    386.0000   206189         
   3281  2718      388.0000  1685                    386.0000   212444         
   3447  2797      399.0000  1564                    386.0000   215039         
   3629  2996      401.0000  1338                    386.0000   226101         
   3789  3103      387.0000  2003                    386.0000   237535         
   3904  3271      386.0000  2169                    386.0000   252450         
   4095  3380      387.0000  1745                    386.0000   262239         
   4274  3445      390.0000  1757                    386.0000   264490         
   4467  3512      392.0000  1572                    386.0000   266408         
   4754  3730      387.0000  1765                    386.0000   274088         
Elapsed time = 127.72 sec. (73706.98 ticks, tree = 636.99 MB, solutions = 0)
   5091  4044      390.0000  1514                    386.0000   283193         
   5343  3957      387.0000  1449                    386.0000   281570         
   5543  4308      387.0000  1745                    386.0000   292225         
   5702  4372      392.0000  1311                    386.0000   295909         
   5861  4398      387.0000  1730                    386.0000   313147         
   6057  4533      392.0000  1263                    386.0000   328489         
   6240  4707    infeasible                          386.0000   335400         
   6421  4718    infeasible                          386.0000   337385         
   6594  4863      390.0000  1882                    386.0000   351262         
   6791  4880      387.0000  1845                    386.0000   358052         
Elapsed time = 148.91 sec. (83283.82 ticks, tree = 853.28 MB, solutions = 0)
   6943  4963      387.0000  1852                    386.0000   368420         
   6975  5010      387.0000  1685                    386.0000   372400         
   7034  5086    infeasible                          386.0000   382612         
   7114  5087    infeasible                          386.0000   384171         
   7260  5105    infeasible                          386.0000   392290         
   7450  5171      386.0000  1902                    386.0000   400645         
   7625  5252      392.0000  1420                    386.0000   407360         
   7841  5357      392.0000  1793                    386.0000   418113         
   8016  5488      392.0000  1560                    386.0000   426889         
   8221  5575    infeasible                          386.0000   431175         
Elapsed time = 173.42 sec. (92950.82 ticks, tree = 984.78 MB, solutions = 0)
   8408  5619      387.0000  1948                    386.0000   435356         
   8623  5773      387.0000  1877                    386.0000   446213         
   8822  5776    infeasible                          386.0000   448239         
   9020  5894      387.0000  1893                    386.0000   454598         
   9232  6091      388.0000  1713                    386.0000   460900         
   9440  6204      387.0000  1708                    386.0000   474606         
   9667  6259      387.0000  1758                    386.0000   476443         
   9889  6518      387.0000  1635                    386.0000   483301         
  10091  6545    infeasible                          386.0000   492816         
  10272  6689      390.0000  1548                    386.0000   500155         
Elapsed time = 192.70 sec. (102511.74 ticks, tree = 1200.68 MB, solutions = 0)
  10452  6756      386.0000  2064                    386.0000   510551         
  10623  6795      390.0000  1651                    386.0000   510160         
  10755  6930      386.0000  1924                    386.0000   526125         
  10801  6972    infeasible                          386.0000   525152         
  10856  7104      387.0000  1919                    386.0000   533617         
  10976  7160      403.0000  1624                    386.0000   536374         
  11104  7135      386.0000  1910                    386.0000   537492         
  11310  7301      386.0000  1894                    386.0000   546735         
  11522  7499      407.0000  1233                    386.0000   556172         
  11737  7538      407.0000  1241                    386.0000   556208         
Elapsed time = 221.41 sec. (113790.02 ticks, tree = 1368.34 MB, solutions = 0)
  11886  7466      388.0000  1787                    386.0000   552852         
  12053  7795      387.0000  1802                    386.0000   579529         
  12229  7804    infeasible                          386.0000   586020         
  12405  7820      407.0000  1426                    386.0000   587866         
  12595  7925    infeasible                          386.0000   605517         
  12759  7960    infeasible                          386.0000   621444         
  12944  8123      387.0000  1693                    386.0000   640372         
  13089  8216      409.0000  1454                    386.0000   660486         
  13236  8249      386.0000  2006                    386.0000   668085         
  13404  8281      386.0000  2264                    386.0000   672330         
Elapsed time = 239.81 sec. (123363.29 ticks, tree = 1515.13 MB, solutions = 0)
  13534  8474    infeasible                          386.0000   689574         
  13701  8367    infeasible                          386.0000   684390         
  13887  8681      386.0000  2016                    386.0000   715339         
  14087  8644      388.0000  1445                    386.0000   703850         
  14290  8716      386.0000  2188                    386.0000   720305         
  14510  9032      409.0000  1426                    386.0000   732330         
  14756  9237    infeasible                          386.0000   750021         
  14971  9252      409.0000  1590                    386.0000   749928         
  15173  9418      409.0000  1426                    386.0000   754201         
  16122  9933      388.0000  1292                    386.0000   783307         
Elapsed time = 263.37 sec. (135774.44 ticks, tree = 1848.77 MB, solutions = 0)
  16610 10315    infeasible                          386.0000   794199         
  17196 10549    infeasible                          386.0000   812967         
  18118 10873      387.0000  1739                    386.0000   834001         
  19086 11390      390.0000  1843                    386.0000   847604         
  20059 11714    infeasible                          386.0000   868922         
  20946 11935    infeasible                          386.0000   889985         
  22177 12282    infeasible                          386.0000   905496         
  23250 12688    infeasible                          386.0000   917657         
  23512 12705    infeasible                          386.0000   925572         
  23808 12961      388.0000  1928                    386.0000   945877         
Elapsed time = 351.64 sec. (174241.43 ticks, tree = 2455.07 MB, solutions = 0)
Nodefile size = 386.14 MB (199.25 MB after compression)
  24835 13392      390.0000  1774                    386.0000   979618         
  25796 13643      388.0000  1568                    386.0000   987269         
  26903 14003      407.0000  1687                    386.0000  1034760         
  28012 14946      407.0000  1553                    386.0000  1042710         
  29049 15513      387.0000  2013                    386.0000  1082424         
  30156 15826      388.0000  1571                    386.0000  1106160         
  31313 16330      392.0000  1714                    386.0000  1109347         
  32342 16877      394.0000  1551                    386.0000  1113803         
  33480 17481      409.0000  1454                    386.0000  1139149         
  34375 17988      387.0000  1538                    386.0000  1147564         
Elapsed time = 429.49 sec. (212436.26 ticks, tree = 3500.45 MB, solutions = 0)
Nodefile size = 1419.52 MB (756.98 MB after compression)
  34744 18644      387.0000  1907                    386.0000  1154334         
  35176 18865      387.0000  2105                    386.0000  1174403         
  36040 18990      388.0000  1770                    386.0000  1185174         
  36965 19813      391.0000  1722                    386.0000  1203657         
  38001 20430      394.0000  1707                    386.0000  1226355         
  39055 21032      392.0000  1105                    386.0000  1227150         
  40003 21596    infeasible                          386.0000  1229258         
  41045 22094      390.0000   956                    386.0000  1243231         
  42061 22283      405.0000   744                    386.0000  1262587         
  43071 22959      405.0000   742                    386.0000  1278088         
Elapsed time = 511.20 sec. (250619.57 ticks, tree = 4567.41 MB, solutions = 0)
Nodefile size = 2485.98 MB (1346.52 MB after compression)
  44053 23412      405.0000   697                    386.0000  1284990         
  44219 23796      386.0000  1876                    386.0000  1309272         
  44525 23833      407.0000  1554                    386.0000  1311100         
  45568 23967      387.0000  1897                    386.0000  1315052         
  46523 24359      395.0000  1656                    386.0000  1322475         
  47412 25301      391.0000  1802                    386.0000  1364295         
  48245 25867      409.0000  1534                    386.0000  1378948         
  49295 26633    infeasible                          386.0000  1409994         
  50268 26980    infeasible                          386.0000  1412897         
  51166 27536    infeasible                          386.0000  1427113         
Elapsed time = 597.06 sec. (288842.32 ticks, tree = 5580.42 MB, solutions = 0)
Nodefile size = 3506.30 MB (1917.98 MB after compression)
  52150 27544      402.0000  1595                    386.0000  1427226         
  53181 28065    infeasible                          386.0000  1455829         
  54241 29314      392.0000  1854                    386.0000  1475035         
  55395 29388      386.0000  1977                    386.0000  1480729         
  56352 30150      388.0000  1706                    386.0000  1486606         
  57250 30736      388.0000  1612                    386.0000  1511296         
  57500 31557      388.0000  1792                    386.0000  1531615         
  57984 31608      386.0000  1874                    386.0000  1533277         
  59064 31919      386.0000  1953                    386.0000  1541220         
  59841 32729      405.0000  1626                    386.0000  1554603         
Elapsed time = 686.88 sec. (327036.75 ticks, tree = 6745.60 MB, solutions = 0)
Nodefile size = 4665.78 MB (2570.33 MB after compression)
  60576 33338    infeasible                          386.0000  1594857         
  61261 33539      388.0000  1816                    386.0000  1623378         
  62051 33913      391.0000  1623                    386.0000  1715521         
  62943 34094      388.0000  1823                    386.0000  1766457         
  63957 34395      398.0000  1380                    386.0000  1767403         
  65103 35174      390.0000  1753                    386.0000  1792292         
  66070 35984      392.0000  1562                    386.0000  1805767         
  66928 36066    infeasible                          386.0000  1822245         
  67521 36596      387.6667  2682                    386.0000  1858764         
  67754 37032      405.0000  1633                    386.0000  1912317         
Elapsed time = 778.08 sec. (365241.24 ticks, tree = 7669.19 MB, solutions = 0)
Nodefile size = 5594.87 MB (3088.31 MB after compression)
  68490 37058      395.0000  1665                    386.0000  1913810         
  69424 37420      406.0000  1517                    386.0000  1919483         
  70272 37785      408.0000  1460                    386.0000  1929517         
  71075 38177      388.0000  1687                    386.0000  1963373         
  72006 38418      388.0000  1675                    386.0000  2012862         
  73047 38874    infeasible                          386.0000  2034797         
  74143 39000      387.0000  2014                    386.0000  2044883         
  75145 39519      390.0000  1641                    386.0000  2070655         
  76152 39639    infeasible                          386.0000  2078166         
  76631 40257      391.0000  1833                    386.0000  2089733         
Elapsed time = 868.69 sec. (403426.79 ticks, tree = 8303.49 MB, solutions = 0)
Nodefile size = 6217.40 MB (3416.06 MB after compression)
  77014 40408      387.0000  1821                    386.0000  2097747         
  77667 40639      387.0000  1984                    386.0000  2114119         
  78523 40955      406.0000  1657                    386.0000  2160043         
  79375 41131      395.0000  1852                    386.0000  2174322         
  80308 41494      390.0000  1954                    386.0000  2210632         
  81376 42162      390.0000  1670                    386.0000  2236121         
  82567 42799      407.0000  1563                    386.0000  2260031         
  83766 43083    infeasible                          386.0000  2267399         
  84861 43741    infeasible                          386.0000  2276671         
  85917 44210      389.0000  1649                    386.0000  2286671         
Elapsed time = 950.97 sec. (441598.67 ticks, tree = 9125.11 MB, solutions = 0)
Nodefile size = 7050.37 MB (3871.56 MB after compression)
  87028 44339    infeasible                          386.0000  2290382         
  87425 44694    infeasible                          386.0000  2308306         
  87688 44732      387.0000  1830                    386.0000  2314528         
  88743 44878      392.0000  1796                    386.0000  2315911         
  89651 45642    infeasible                          386.0000  2356837         
  90482 45796      387.0000  1780                    386.0000  2409047         
  91388 46006    infeasible                          386.0000  2477174         
  92321 46179      386.0000  1919                    386.0000  2535327         
  93556 46478    infeasible                          386.0000  2573207         
  94622 46910      402.0000  1749                    386.0000  2573985         
Elapsed time = 1038.33 sec. (480287.82 ticks, tree = 9739.04 MB, solutions = 0)
Nodefile size = 7619.26 MB (4198.57 MB after compression)
  95640 47635    infeasible                          386.0000  2586382         
  96585 48278      387.0000  1689                    386.0000  2603883         
  97161 48484    infeasible                          386.0000  2641572         
  97299 48652      388.0000  1709                    386.0000  2681678         
  98329 48767      387.0000  1999                    386.0000  2682329         
  99409 49327      387.0000  1540                    386.0000  2694994         
 100393 49568      387.0000  1462                    386.0000  2703522         
 101362 50191      397.0000  1712                    386.0000  2740425         
 102420 50966      387.0000  1971                    386.0000  2779080         
 103513 51487      399.0000  1372                    386.0000  2788736         
Elapsed time = 1130.90 sec. (518984.44 ticks, tree = 10789.58 MB, solutions = 0)
Nodefile size = 8697.75 MB (4820.98 MB after compression)
 104507 52466      386.5000  2565                    386.0000  2809220         
 105447 53024      399.0000  1015                    386.0000  2836882         
 106567 53085    infeasible                          386.0000  2837203         
 107684 53497    infeasible                          386.0000  2868148         
 108371 54459      388.0000  1524                    386.0000  2878750         
 108700 55048      399.0000  1690                    386.0000  2894803         
 109439 55085    infeasible                          386.0000  2903017         
 110285 55482      388.0000  1846                    386.0000  2942907         
 111308 55564      386.0000  1795                    386.0000  2935668         
 112417 56850      408.0000  1242                    386.0000  2981429         
Elapsed time = 1219.86 sec. (557169.96 ticks, tree = 12036.48 MB, solutions = 0)
Nodefile size = 9959.86 MB (5553.97 MB after compression)
 113535 57345      389.0000  1448                    386.0000  2990156         
 114660 57735    infeasible                          386.0000  2992864         
 115711 58349      388.0000  1645                    386.0000  3012678         
 116759 58909      387.0000  1773                    386.0000  3038958         
 117853 59363      387.0000  1497                    386.0000  3045412         
 118238 59889      387.0000  1714                    386.0000  3051550         
 118782 60443      409.0000  1468                    386.0000  3056036         
 119669 60683      407.0000  1773                    386.0000  3082759         
 120622 61278      407.0000  1675                    386.0000  3117261         
 121611 61642      388.0000  1503                    386.0000  3131693         
Elapsed time = 1304.70 sec. (595346.81 ticks, tree = 13151.73 MB, solutions = 0)
Nodefile size = 11062.77 MB (6194.67 MB after compression)
 122583 61819      389.0000  1864                    386.0000  3136959         
 123596 62418      387.0000  1666                    386.0000  3148195         
 124551 63084    infeasible                          386.0000  3171910         
 125519 63600      399.0000  1702                    386.0000  3192855         
 126069 63873      399.0000  1690                    386.0000  3204495         
 126482 64823      388.0000  1186                    386.0000  3214999         
 127339 65323      387.0000  1597                    386.0000  3232038         
 128504 65689    infeasible                          386.0000  3249306         
 129701 65937      388.0000  1764                    386.0000  3255738         
 130762 66567      386.0000  1717                    386.0000  3266332         
Elapsed time = 1388.72 sec. (633562.88 ticks, tree = 14303.47 MB, solutions = 0)
Nodefile size = 12222.96 MB (6869.12 MB after compression)
 131798 67261      386.0000  1768                    386.0000  3273090         
 132841 67799      386.0000  1725                    386.0000  3284917         
 134135 67920    infeasible                          386.0000  3294205         
 135180 68096      399.0000  1684                    386.0000  3299226         
 135730 68278      390.0000  1510                    386.0000  3308142         
 136157 68906      389.0000  1740                    386.0000  3332409         
 137012 69046      387.0000  1875                    386.0000  3333484         
 138145 69338      387.0000  1624                    386.0000  3340788         
 139519 69884      386.0000  1755                    386.0000  3371826         
 140532 69979      386.0000  1727                    386.0000  3384152         
Elapsed time = 1471.31 sec. (671739.09 ticks, tree = 15100.28 MB, solutions = 0)
Nodefile size = 13018.84 MB (7333.64 MB after compression)
 141618 70361      394.0000  1412                    386.0000  3389839         
 142596 70888      389.0000  1726                    386.0000  3419996         
 143564 71650      390.0000  1622                    386.0000  3439848         
 144379 71863      409.0000  1362                    386.0000  3448174         
 144928 72706      386.0000  1767                    386.0000  3488099         
 145622 72862      389.0000  1714                    386.0000  3489021         
 146594 73042    infeasible                          386.0000  3494153         
 147576 73228      387.0000  1602                    386.0000  3512837         
 148779 74347    infeasible                          386.0000  3559966         
 149816 74366      387.0000  1767                    386.0000  3566651         
Elapsed time = 1557.14 sec. (709922.27 ticks, tree = 16136.04 MB, solutions = 0)
Nodefile size = 14053.19 MB (7940.18 MB after compression)
 150809 74709      390.0000  1636                    386.0000  3608271         
 151824 75531    infeasible                          386.0000  3633299         
 152796 75750    infeasible                          386.0000  3639267         
 153631 76106      387.0000  1708                    386.0000  3659962         
 153965 76322    infeasible                          386.0000  3679214         
 154466 76597      388.0000  1732                    386.0000  3710238         
 155541 76725      388.0000  1769                    386.0000  3712306         
 156572 77759      387.0000  1806                    386.0000  3745488         
 157518 77994      388.0000  1422                    386.0000  3775241         
 158523 78369      409.0000  1532                    386.0000  3819365         
Elapsed time = 1645.62 sec. (748116.48 ticks, tree = 17091.04 MB, solutions = 0)
Nodefile size = 15007.01 MB (8504.21 MB after compression)
 159611 78840      388.0000  1359                    386.0000  3837109         
 160603 78942    infeasible                          386.0000  3843678         
 161614 79988      388.0000  1494                    386.0000  3860040         
 162702 80092    infeasible                          386.0000  3876064         
 163317 80340      387.0000  1800                    386.0000  3896866         
 163667 80791      387.0000  1818                    386.0000  3947015         
 164243 80937      388.0000  1674                    386.0000  3954954         
 165263 81160      388.0000  1788                    386.0000  3962147         
 166280 82082      393.0000  1629                    386.0000  3985073         
 167209 82582    infeasible                          386.0000  4006896         
Elapsed time = 1736.66 sec. (786317.34 ticks, tree = 18096.48 MB, solutions = 0)
Nodefile size = 16016.33 MB (9103.91 MB after compression)
 168128 82664      387.0000  1764                    386.0000  4021012         
 169116 83423      388.0000  1619                    386.0000  4048148         
 170077 83695      388.0000  1675                    386.0000  4066131         
 171055 84521      387.0000  1952                    386.0000  4082388         
 172041 84932      386.0000  1732                    386.0000  4095102         
 172779 85307      398.0000  1720                    386.0000  4123259         
 173103 85663      386.0000  1771                    386.0000  4167684         

Clique cuts applied:  21
Cover cuts applied:  135
Implied bound cuts applied:  10307
Mixed integer rounding cuts applied:  287
Zero-half cuts applied:  37
Lift and project cuts applied:  16
Gomory fractional cuts applied:  50

Root node processing (before b&c):
  Real time             =   47.62 sec. (39588.33 ticks)
Parallel b&c, 8 threads:
  Real time             = 1756.24 sec. (776731.75 ticks)
  Sync time (average)   =  514.39 sec.
  Wait time (average)   =    0.00 sec.
                          ------------
Total (root+branch&cut) = 1803.86 sec. (816320.09 ticks)
! --------------------------------------------------------
! Problem is UNKNOWN
! CPLEX Status = AbortTimeLim
! --------------------------------------------------------
