! Solving for graph /home/truongxuanhieu/CPLEX-MIP-for-MinSpanLabeling/benchmarks/cabp/U-662_bus.mtx.rnd
! Target value is set to 123
! Lower bound is set to 124
! Upper bound is set to 496
! Time limit is set to 1800
! Vertices mode is set to Has hole
! Target value mode is set to Cyclic Antibandwidth
Version identifier: 22.2.0.0 | 2026-05-04 | 5dff98e58
CPXPARAM_TimeLimit                               1800
Tried aggregator 2 times.
MIP Presolve eliminated 907 rows and 1572 columns.
MIP Presolve modified 328766 coefficients.
Aggregator did 3798 substitutions.
Reduced MIP has 7842 rows, 333715 columns, and 673944 nonzeros.
Reduced MIP has 329672 binaries, 1569 generals, 0 SOSs, and 2474 indicators.
Presolve time = 1.11 sec. (1511.72 ticks)
Probing time = 1.86 sec. (591.49 ticks)
Tried aggregator 2 times.
Detecting symmetries...
Aggregator did 76 substitutions.
Reduced MIP has 7766 rows, 333639 columns, and 673868 nonzeros.
Reduced MIP has 329672 binaries, 2155 generals, 0 SOSs, and 2474 indicators.
Presolve time = 1.41 sec. (675.88 ticks)
Probing time = 0.28 sec. (69.12 ticks)
Clique table members: 106194.
MIP emphasis: balance optimality and feasibility.
MIP search method: dynamic search.
Parallel mode: deterministic, using up to 8 threads.
Root relaxation solution time = 1.06 sec. (440.01 ticks)

        Nodes                                         Cuts/
   Node  Left     Objective  IInf  Best Integer    Best Bound    ItCnt     Gap

      0     0      246.0000  1061                    246.0000      812         
      0     0      246.0000  2289                  Cuts: 2041     2251         
      0     0      246.0000  1803                  Cuts: 2041     3780         
      0     0      246.0000  1835                  Cuts: 2036     5328         
      0     2      246.0000  1535                    246.0000     5328         
Elapsed time = 64.90 sec. (47648.72 ticks, tree = 0.02 MB, solutions = 0)
      6     8      246.0000  1473                    246.0000     5374         
     10     3      246.0000  1515                    246.0000     5337         
     22    15      246.0000  1546                    246.0000     5943         
     61    33      246.0000  1512                    246.0000     7113         
    108    98      246.0000  1500                    246.0000    10222         
    133   121      246.0000  1505                    246.0000    11182         
    166   149      246.0000  1483                    246.0000    13819         
    210   178      246.0000  1477                    246.0000    15610         
    259   224      246.0000  1497                    246.0000    16564         
    319   279      369.0000  1356                    246.0000    18870         
Elapsed time = 76.89 sec. (52502.58 ticks, tree = 30.39 MB, solutions = 0)
    438   357      368.0000  1320                    246.0000    26874         
    546   497      247.0000  1485                    246.0000    33045         
    644   596      369.0000  1294                    246.0000    38061         
    748   592      370.0000  1220                    246.0000    37266         
    872   752      370.0000  1172                    246.0000    45262         
   1044   931      370.0000  1176                    246.0000    47044         
   1219   975      370.0000  1111                    246.0000    48015         
   1357  1279      494.0000  1034                    246.0000    54399         
   1428  1332      370.0000  1120                    246.0000    59324         
   1530  1458      370.0000  1089                    246.0000    70155         
Elapsed time = 96.33 sec. (62102.29 ticks, tree = 259.38 MB, solutions = 0)
   1626  1517      496.0000   943                    246.0000    74045         
   1720  1611      483.0000  1164                    246.0000    84607         
   1816  1711      370.0000  1120                    246.0000    92434         
   1918  1796      468.0000  1078                    246.0000    99087         
   2022  1887      494.0000  1075                    246.0000   106545         
   2120  1990      370.0000  1061                    246.0000   113316         
   2245  2099      370.0000  1113                    246.0000   120311         
   2353  2199      370.0000  1120                    246.0000   128548         
   2453  2290      370.0000   995                    246.0000   134324         
   2554  2459      473.0000  1162                    246.0000   148173         
Elapsed time = 117.42 sec. (71712.51 ticks, tree = 458.96 MB, solutions = 0)
   2656  2524      493.0000  1000                    246.0000   155301         
   2763  2669      496.0000   742                    246.0000   164586         
   2868  2732      496.0000  1004                    246.0000   171073         
   2985  2856      496.0000   924                    246.0000   178625         
   3079  3001      490.0000  1014                    246.0000   188277         
   3186  3079      496.0000   606                    246.0000   192899         
   3285  3183      370.0000  1018                    246.0000   202466         
   3383  3281      485.0000  1067                    246.0000   210301         
   3478  3310      478.0000  1011                    246.0000   212316         
   3587  3420      496.0000   552                    246.0000   218517         
Elapsed time = 136.54 sec. (81317.53 ticks, tree = 651.49 MB, solutions = 0)
   3706  3569      496.0000   526                    246.0000   229138         
   3821  3730      496.0000   492                    246.0000   239977         
   3924  3681      370.0000  1052                    246.0000   238099         
   4020  3906      370.0000   988                    246.0000   252872         
   4134  4006      370.0000  1041                    246.0000   259110         
   4232  4071      473.0000   994                    246.0000   264399         
   4339  4082      469.0000   992                    246.0000   265142         
   4447  4219      447.0000   981                    246.0000   274728         
   4548  4419      462.0000   986                    246.0000   288483         
   4662  4502      370.0000   974                    246.0000   293492         
Elapsed time = 155.62 sec. (90930.36 ticks, tree = 868.30 MB, solutions = 0)
   4774  4598      370.0000   974                    246.0000   299457         
   4875  4771      370.0000   967                    246.0000   310012         
   4995  4823      466.0000  1039                    246.0000   314326         
   5107  4910      370.0000   951                    246.0000   318080         
   5216  5002      370.0000   922                    246.0000   325532         
   5340  5208      370.0000   905                    246.0000   336095         
   5474  5163      370.0000   996                    246.0000   333984         
   5590  5418      369.0000  1353                    246.0000   347294         
   5709  5436      369.0000  1309                    246.0000   347860         
   5826  5556      370.0000   980                    246.0000   353425         
Elapsed time = 176.31 sec. (100572.08 ticks, tree = 1080.66 MB, solutions = 0)
   5949  5726      370.0000   938                    246.0000   359569         
   6076  5810      370.0000   923                    246.0000   362817         
   6208  5987      370.0000   915                    246.0000   368191         
   6322  6007      370.0000   915                    246.0000   368311         
   6477  6135      369.0000  1129                    246.0000   374010         
   6614  6202      370.0000   915                    246.0000   376834         
   6721  6342      369.0000  1074                    246.0000   382544         
   6742  6343      493.0000   911                    246.0000   384976         
   6773  6540      470.0000   919                    246.0000   392273         
   6835  6554      462.0000   919                    246.0000   393426         
Elapsed time = 217.41 sec. (110983.74 ticks, tree = 1280.60 MB, solutions = 0)
   6850  6530    infeasible                          246.0000   391973         
   6851  6560    infeasible                          246.0000   392230         
   6892  6644      449.0000   832                    246.0000   394414         
   6936  6670      449.0000   783                    246.0000   394454         
   6994  6689      451.0000   757                    246.0000   394759         
   7084  6734      370.0000   907                    246.0000   397830         
   7178  6741      449.0000   920                    246.0000   398476         
   7297  6897      370.0000  1303                    246.0000   408563         
   7408  6924      370.0000  1218                    246.0000   408653         
   7536  7093      485.0000   898                    246.0000   412242         
Elapsed time = 248.70 sec. (127545.88 ticks, tree = 1388.40 MB, solutions = 0)
   7657  7154      370.0000  1175                    246.0000   415811         
   7783  7300      369.0000  1367                    246.0000   421107         
   7928  7326      369.0000  1292                    246.0000   421190         
   8052  7395      370.0000   899                    246.0000   427740         
   8206  7766      370.0000  1128                    246.0000   445735         
   8341  7585      370.0000   543                    246.0000   434622         
   8479  7809      451.0000   733                    246.0000   448021         
   8627  7907      370.0000   788                    246.0000   453684         
   8788  7975      370.0000  1168                    246.0000   457388         
   8953  8289      370.0000  1162                    246.0000   471047         
Elapsed time = 266.78 sec. (137126.38 ticks, tree = 1630.19 MB, solutions = 0)
   9113  8125      424.0000   922                    246.0000   464543         
   9287  8503      370.0000   689                    246.0000   478994         
   9512  8503      370.0000   689                    246.0000   479017         
   9741  8573    infeasible                          246.0000   485024         
   9911  8681      370.0000   508                    246.0000   491071         
  10075  8799      370.0000  1211                    246.0000   491384         
  10231  8821      370.0000  1175                    246.0000   491660         
  10406  8816    infeasible                          246.0000   494536         
  10597  8890    infeasible                          246.0000   498622         
  11339  9366      370.0000   876                    246.0000   507600         
Elapsed time = 288.25 sec. (149583.95 ticks, tree = 1844.56 MB, solutions = 0)
  12118  9558      370.0000   877                    246.0000   513253         
  12859  9625      373.0000   892                    246.0000   516649         
  13589  9849    infeasible                          246.0000   524404         
  14221 10493      370.0000  1185                    246.0000   537655         
  14953 10580      370.0000  1212                    246.0000   540631         
  15667 10959      370.0000  1206                    246.0000   554018         
  16383 11158      370.0000   940                    246.0000   561105         
  17114 11485      370.0000   859                    246.0000   569683         
  17858 11777      370.0000   919                    246.0000   578944         
  18662 12073      370.0000  1124                    246.0000   583871         
Elapsed time = 357.03 sec. (187780.59 ticks, tree = 2376.31 MB, solutions = 0)
Nodefile size = 315.35 MB (112.92 MB after compression)
  19514 12620      370.0000   914                    246.0000   592690         
  20303 12902      370.0000  1285                    246.0000   596294         
  21085 13148      370.0000  1353                    246.0000   606076         
  21895 13452      370.0000  1181                    246.0000   609927         
  22765 13752    infeasible                          246.0000   618299         
  23560 13972    infeasible                          246.0000   624503         
  24384 14394    infeasible                          246.0000   632198         
  25278 14464      370.0000  1183                    246.0000   634744         
  26152 14655      370.0000   638                    246.0000   641658         
  26996 15301      370.0000  1355                    246.0000   649202         
Elapsed time = 422.63 sec. (225981.68 ticks, tree = 3011.86 MB, solutions = 0)
Nodefile size = 919.76 MB (326.03 MB after compression)
  27820 15706      496.0000   586                    246.0000   653590         
  28647 16057      496.0000   584                    246.0000   661423         
  29564 16185      370.0000  1081                    246.0000   664304         
  30448 16628      370.0000  1081                    246.0000   671179         
  31290 17097    infeasible                          246.0000   676168         
  32079 17360      370.0000  1095                    246.0000   679199         
  32833 17486      370.0000   971                    246.0000   682910         
  33762 18006    infeasible                          246.0000   690455         
  34618 18264    infeasible                          246.0000   693861         
  35347 18601      370.0000   948                    246.0000   697279         
Elapsed time = 490.06 sec. (264178.57 ticks, tree = 3660.46 MB, solutions = 0)
Nodefile size = 1590.93 MB (565.78 MB after compression)
  36122 18670      496.0000   562                    246.0000   699488         
  36953 18901    infeasible                          246.0000   702955         
  37912 19300      496.0000   552                    246.0000   712283         
  38708 19342      370.0000   952                    246.0000   713899         
  39440 19726    infeasible                          246.0000   722906         
  40217 19963      370.0000   770                    246.0000   728980         
  41072 20148      370.0000  1275                    246.0000   734704         
  41941 20453      370.0000   928                    246.0000   736288         
  42887 20884      370.0000   768                    246.0000   745418         
  43729 21197      370.0000   776                    246.0000   747670         
Elapsed time = 559.79 sec. (302355.38 ticks, tree = 4169.91 MB, solutions = 0)
Nodefile size = 2097.77 MB (752.49 MB after compression)
  44532 21388      371.0000  1245                    246.0000   749937         
  45276 21981      369.0000  1390                    246.0000   758639         
  46155 22099      370.0000   776                    246.0000   762973         
  47128 22767    infeasible                          246.0000   769014         
  48026 22775    infeasible                          246.0000   769238         
  48825 23091      370.0000   574                    246.0000   772829         
  49605 23484      369.0000  1397                    246.0000   779779         
  50426 24032      369.0000  1353                    246.0000   783404         
  51267 24110      484.0000  1265                    246.0000   787664         
  52157 24442      369.0000  1172                    246.0000   791882         
Elapsed time = 627.98 sec. (340524.71 ticks, tree = 4837.32 MB, solutions = 0)
Nodefile size = 2747.42 MB (984.78 MB after compression)
  53016 24393      370.0000   766                    246.0000   791274         
  53881 25182      370.0000   759                    246.0000   801321         
  54684 25182      370.0000   841                    246.0000   801672         
  55449 25413    infeasible                          246.0000   809724         
  56317 25646      370.0000   559                    246.0000   818316         
  57137 25658      370.0000   839                    246.0000   818672         
  57935 25762    infeasible                          246.0000   824979         
  58672 26206      369.0000  1426                    246.0000   831178         
  59476 26617      370.0000  1365                    246.0000   838512         
  60411 26744    infeasible                          246.0000   839640         
Elapsed time = 696.35 sec. (378689.69 ticks, tree = 5309.80 MB, solutions = 0)
Nodefile size = 3236.54 MB (1170.96 MB after compression)
  61291 27122      369.0000  1320                    246.0000   844895         
  62015 27374      369.0000  1439                    246.0000   848140         
  62749 27760      369.0000  1390                    246.0000   856743         
  63610 27850    infeasible                          246.0000   856414         
  64414 28446      370.0000  1310                    246.0000   878155         
  65387 28725      370.0000  1022                    246.0000   884251         
  66196 28844      370.0000   655                    246.0000   887228         
  66974 29308      370.0000   656                    246.0000   890355         
  67712 29794      370.0000   495                    246.0000   899054         
  68382 29807      371.0000   981                    246.0000   899637         
Elapsed time = 767.19 sec. (416881.08 ticks, tree = 5935.81 MB, solutions = 0)
Nodefile size = 3862.73 MB (1398.64 MB after compression)

Performing restart 1

Repeating presolve.
Tried aggregator 1 time.
Reduced MIP has 7766 rows, 333639 columns, and 673868 nonzeros.
Reduced MIP has 329672 binaries, 2155 generals, 0 SOSs, and 2474 indicators.
Presolve time = 0.50 sec. (349.30 ticks)
Tried aggregator 1 time.
Reduced MIP has 7766 rows, 333639 columns, and 673868 nonzeros.
Reduced MIP has 329672 binaries, 2155 generals, 0 SOSs, and 2474 indicators.
Presolve time = 1.17 sec. (543.53 ticks)
Represolve time = 4.92 sec. (1856.94 ticks)
  68615     0      246.0000  2349                  Cuts: 2041   916671         
  68615     0      246.0000  2612                  Cuts: 2041   921226         
  68615     0      246.0000  2618                  Cuts: 2041   927256         
  68615     0      246.0000  2826                  Cuts: 2041   934334         
  68615     2      246.0000  2826                    246.0000   934334         
  68694    54      246.0000  2592                    246.0000   936853         
  69015   343      246.0000  2213                    246.0000   970432         
  69428   742      246.0000  1750                    246.0000   992838         
  69751  1035      293.0000  1874                    246.0000  1009088         
  69759  1129      369.0000  1616                    246.0000  1017318         
  70055  1197      293.0000  1801                    246.0000  1037573         
  70588  1635      247.0000  1878                    246.0000  1041163         
  71170  2089      364.0000  1509                    246.0000  1048741         
  71705  2447      364.0000  1457                    246.0000  1052971         
Elapsed time = 1021.90 sec. (577195.80 ticks, tree = 436.48 MB, solutions = 0)
  72135  2979      369.0000  1227                    246.0000  1063657         
  72605  3247      370.0000  1141                    246.0000  1072149         
  73094  3811      494.0000  1036                    246.0000  1083327         
  73512  4044      371.0000  1289                    246.0000  1086785         
  73904  4578      494.0000   889                    246.0000  1095692         
  74345  4873      370.0000  1261                    246.0000  1110137         
  74834  5115      370.0000  1164                    246.0000  1123541         
  75290  5732      370.0000  1196                    246.0000  1130426         
  75716  5973      370.0000  1389                    246.0000  1141186         
  76233  6402      370.0000  1122                    246.0000  1154024         
Elapsed time = 1108.38 sec. (615544.99 ticks, tree = 1207.95 MB, solutions = 0)
  76623  6620      371.0000  1141                    246.0000  1155695         
  77133  7173      492.0000  1014                    246.0000  1171905         
  77576  7495      370.0000  1224                    246.0000  1181692         
  77950  7885      496.0000  1087                    246.0000  1201600         
  78405  8343      492.0000  1321                    246.0000  1222188         
  78907  8777      493.0000  1087                    246.0000  1229312         
  79402  9027      492.0000  1242                    246.0000  1238389         
  79843  9758      372.0000  1207                    246.0000  1248755         
  80099  9815      370.0000  1419                    246.0000  1252131         

Performing restart 2

Repeating presolve.
Tried aggregator 1 time.
MIP Presolve modified 248 coefficients.
Reduced MIP has 7766 rows, 333639 columns, and 791664 nonzeros.
Reduced MIP has 329672 binaries, 2155 generals, 0 SOSs, and 2474 indicators.
Presolve time = 0.67 sec. (415.33 ticks)
Tried aggregator 1 time.
Reduced MIP has 7766 rows, 333639 columns, and 791664 nonzeros.
Reduced MIP has 329672 binaries, 2155 generals, 0 SOSs, and 2474 indicators.
Presolve time = 1.21 sec. (559.22 ticks)
Represolve time = 6.93 sec. (2774.55 ticks)
  80109     0      246.0000  2443                  Cuts: 2041  1275718         
  80109     0      246.0000  2906                  Cuts: 2041  1281607         
  80109     0      246.0000  2993                  Cuts: 2041  1288843         
  80109     0      246.0000  3100                  Cuts: 1860  1296976         
  80109     0      246.0000  2985                  Cuts: 2041  1305178         
  80109     0      246.0000  3018                  Cuts: 1834  1313041         
  80109     0      246.0000  2879                  Cuts: 2041  1321899         
  80109     0      246.0000  2962                  Cuts: 2041  1330524         
  80109     2      246.0000  1954                    246.0000  1330524         
Elapsed time = 1555.42 sec. (1056895.17 ticks, tree = 0.02 MB, solutions = 0)
  80138    23      246.0000  1884                    246.0000  1330790         
  80300   164      246.0000  1710                    246.0000  1333914         
  80445   303      246.0000  1589                    246.0000  1351392         
  80764   448      246.0000  1462                    246.0000  1383478         
  80906   723      256.0000  1562                    246.0000  1417153         
  81057   833      259.0000  1569                    246.0000  1429336         
  81212  1027      370.0000  1354                    246.0000  1436141         
  81366  1205      370.0000  1329                    246.0000  1440021         
  81523  1337      369.0000  1360                    246.0000  1443044         
  81675  1484      369.0000  1396                    246.0000  1445361         
Elapsed time = 1649.82 sec. (1095225.42 ticks, tree = 242.98 MB, solutions = 0)
  81824  1614      454.0000  1172                    246.0000  1446709         
  81970  1741      494.0000  1268                    246.0000  1449505         
  82118  1937      494.0000  1212                    246.0000  1452297         
  82264  2052      492.0000  1217                    246.0000  1453746         
  82412  2185      371.0000  1194                    246.0000  1455715         
  82550  2320      370.0000  1188                    246.0000  1457644         
  82692  2417      370.0000  1176                    246.0000  1458624         
  82836  2569      495.0000  1067                    246.0000  1460489         
  82979  2745      454.0000  1033                    246.0000  1463135         
  83119  2839      371.0000  1093                    246.0000  1464400         
Elapsed time = 1729.81 sec. (1133748.32 ticks, tree = 494.91 MB, solutions = 0)
  83265  3030      494.0000   960                    246.0000  1468173         
  83416  3079      492.0000   968                    246.0000  1468889         
  83572  3270      492.0000  1076                    246.0000  1471634         
  83717  3367      495.0000   893                    246.0000  1472793         
  83871  3514      494.0000   820                    246.0000  1477828         
  84031  3618      491.0000  1030                    246.0000  1479212         
  84193  3709      494.0000   804                    246.0000  1480588         
  84354  3785      491.0000  1030                    246.0000  1482375         

GUB cover cuts applied:  153
Cover cuts applied:  15
Implied bound cuts applied:  248
Flow cuts applied:  1
Mixed integer rounding cuts applied:  516
Zero-half cuts applied:  35
Gomory fractional cuts applied:  8

Root node processing (before b&c):
  Real time             =   64.31 sec. (47545.48 ticks)
Parallel b&c, 8 threads:
  Real time             = 1735.90 sec. (1120088.63 ticks)
  Sync time (average)   =  233.99 sec.
  Wait time (average)   =    0.45 sec.
                          ------------
Total (root+branch&cut) = 1800.20 sec. (1167634.10 ticks)
! --------------------------------------------------------
! Problem is UNKNOWN
! CPLEX Status = AbortTimeLim
! --------------------------------------------------------
