! Solving for graph /home/truongxuanhieu/CPLEX-MIP-for-MinSpanLabeling/benchmarks/cabp/V-nos6.mtx.rnd
! Target value is set to 246
! Lower bound is set to 247
! Upper bound is set to 506
! Time limit is set to 1800
! Vertices mode is set to Has hole
! Target value mode is set to Cyclic Antibandwidth
Version identifier: 22.2.0.0 | 2026-05-04 | 5dff98e58
CPXPARAM_TimeLimit                               1800
Tried aggregator 2 times.
MIP Presolve eliminated 1293 rows and 1606 columns.
MIP Presolve modified 341971 coefficients.
Aggregator did 4602 substitutions.
Reduced MIP has 9824 rows, 348481 columns, and 705431 nonzeros.
Reduced MIP has 343261 binaries, 1966 generals, 0 SOSs, and 3254 indicators.
Presolve time = 1.41 sec. (1665.57 ticks)
Probing time = 2.53 sec. (650.39 ticks)
Tried aggregator 1 time.
Detecting symmetries...
Reduced MIP has 9824 rows, 348481 columns, and 705431 nonzeros.
Reduced MIP has 343261 binaries, 2640 generals, 0 SOSs, and 3254 indicators.
Presolve time = 1.42 sec. (514.69 ticks)
Probing time = 0.29 sec. (73.50 ticks)
Clique table members: 110058.
MIP emphasis: balance optimality and feasibility.
MIP search method: dynamic search.
Parallel mode: deterministic, using up to 8 threads.
Root relaxation solution time = 1.21 sec. (511.90 ticks)

        Nodes                                         Cuts/
   Node  Left     Objective  IInf  Best Integer    Best Bound    ItCnt     Gap

      0     0      492.0000  1155                    492.0000     1301         
      0     0      492.0000  1957                  Cuts: 2556     3217         
      0     0      492.0000  2625                  Cuts: 2556     4875         
Detecting symmetries...
      0     2      492.0000  1876                    492.0000     4875         
Elapsed time = 58.09 sec. (44069.45 ticks, tree = 0.02 MB, solutions = 0)
      5     7      493.0000  1729                    492.0000     5048         
     11     4      492.0000  1866                    492.0000     4925         
     22     9      493.0000  1712                    492.0000     5059         
     48    31      493.0000  1880                    492.0000     8240         
     89    78      493.0000  1726                    492.0000    11858         
    129   101      493.0000  1665                    492.0000    12182         
    176   141      493.0000  1617                    492.0000    12757         
    216   170      493.0000  1639                    492.0000    13055         
    283   207      493.0000  1612                    492.0000    13534         
    322   258      493.0000  1512                    492.0000    14651         
Elapsed time = 70.32 sec. (48752.61 ticks, tree = 30.42 MB, solutions = 0)
    431   354      493.0000  1482                    492.0000    18475         
    546   483      493.0000  1565                    492.0000    21268         
    651   577      493.0000  1703                    492.0000    25391         
    763   607      492.0000  1963                    492.0000    27307         
    858   709      493.0000  1841                    492.0000    31255         
    942   814      493.0000  1681                    492.0000    37275         
   1015   845      492.0000  2105                    492.0000    41533         
   1116   953      496.0000  1779                    492.0000    48845         
   1230  1045      492.0000  2182                    492.0000    53823         
   1348  1138      493.0000  1729                    492.0000    58481         
Elapsed time = 91.22 sec. (58375.11 ticks, tree = 209.00 MB, solutions = 0)
   1491  1233      492.0000  2252                    492.0000    66541         
   1635  1333    infeasible                          492.0000    69724         
   1757  1427      492.0000  2263                    492.0000    72911         
   1845  1474      492.0000  2309                    492.0000    79451         
   1940  1605      492.0000  2259                    492.0000    93801         
   2043  1641      493.0000  1828                    492.0000    95661         
   2173  1819      496.0000  1697                    492.0000   104085         
   2291  1850      493.0000  1730                    492.0000   105613         
   2402  1896      493.0000  1664                    492.0000   108378         
   2492  1988      492.0000  2396                    492.0000   114993         
Elapsed time = 114.16 sec. (68029.80 ticks, tree = 398.32 MB, solutions = 0)
   2505  1993    infeasible                          492.0000   115762         
   2559  2078      493.0000  1934                    492.0000   124050         
   2663  2141      493.0000  1851                    492.0000   129674         
   2766  2222      493.0000  1779                    492.0000   139304         
   2864  2256      493.0000  1715                    492.0000   142439         
   2990  2272      493.0000  1815                    492.0000   143055         
   3079  2433      493.0000  1814                    492.0000   154555         
   3190  2512      493.0000  1711                    492.0000   160206         
   3291  2499      493.0000  1861                    492.0000   161201         
   3405  2647      492.0000  2024                    492.0000   168669         
Elapsed time = 138.51 sec. (78548.46 ticks, tree = 551.95 MB, solutions = 0)
   3514  2673      496.0000  1778                    492.0000   173523         
   3654  2799      492.0000  2039                    492.0000   178365         
   3825  3027      496.0000  1767                    492.0000   186847         
   4022  3146      493.0000  1568                    492.0000   188107         
   4212  3305      493.0000  1771                    492.0000   189628         
   4373  3344      496.0000  1578                    492.0000   188993         
   4520  3497      496.0000  1671                    492.0000   189714         
   4655  3573      493.0000  1781                    492.0000   192189         
   4780  3746      493.0000  2033                    492.0000   197335         
   4949  3809    infeasible                          492.0000   198104         
Elapsed time = 158.09 sec. (88134.82 ticks, tree = 827.66 MB, solutions = 0)
   5135  3875      493.0000  1558                    492.0000   198730         
   5308  4007      493.0000  1698                    492.0000   199843         
   5476  4194      492.0000  1873                    492.0000   201191         
   5638  4324      493.0000  1773                    492.0000   204972         
   5703  4330      493.0000  1773                    492.0000   204995         
   5708  4336    infeasible                          492.0000   205090         
   5746  4488      494.0000  1701                    492.0000   207806         
   5828  4510      494.0000  1706                    492.0000   207861         
   5962  4554      493.0000  1774                    492.0000   208572         
   6151  4650      492.0000  1887                    492.0000   209573         
Elapsed time = 184.39 sec. (98702.77 ticks, tree = 1027.05 MB, solutions = 0)
   6349  4662      492.0000  1842                    492.0000   210185         
   6518  4804      493.0000  1653                    492.0000   213203         
   6664  4925      496.0000  1414                    492.0000   216497         
   6857  4899      494.0000  1590                    492.0000   214180         
   7026  5007      493.0000  1751                    492.0000   218130         
   7211  5186      493.0000  1711                    492.0000   218875         
   7381  5180      494.0000  1422                    492.0000   218801         
   7589  5341      493.0000  1704                    492.0000   219608         
   7817  5442      494.0000  1624                    492.0000   221139         
   8028  5440      494.0000  1503                    492.0000   221746         
Elapsed time = 202.42 sec. (108264.06 ticks, tree = 1214.41 MB, solutions = 0)
   8220  5581      506.0000  1727                    492.0000   221677         
   8394  5626      504.0000  1542                    492.0000   224858         
   8586  5651      504.0000  1542                    492.0000   224863         
   8803  5771      494.0000  1409                    492.0000   225051         
   9032  5770    infeasible                          492.0000   225102         
   9224  6004      506.0000  1732                    492.0000   226440         
   9440  6083    infeasible                          492.0000   228026         
   9650  6192      493.0000  1612                    492.0000   229621         
   9855  6232      494.0000  1458                    492.0000   230159         
  10048  6284      493.0000  1708                    492.0000   232221         
Elapsed time = 220.87 sec. (117854.95 ticks, tree = 1412.87 MB, solutions = 0)
  10253  6322      496.0000  1683                    492.0000   232616         
  10450  6315      495.0000  1538                    492.0000   232406         
  10668  6493      496.0000  1662                    492.0000   235076         
  10906  6507      494.0000  1361                    492.0000   235384         
  11166  6561      493.0000  1584                    492.0000   236081         
  11426  6627      495.0000  1519                    492.0000   236247         
  11654  6644      494.0000  1433                    492.0000   236535         
  11850  6707    infeasible                          492.0000   237920         
  12030  6730    infeasible                          492.0000   238469         
  12236  6748    infeasible                          492.0000   238719         
Elapsed time = 236.39 sec. (127431.55 ticks, tree = 1519.19 MB, solutions = 0)
  12448  6768      494.0000  1438                    492.0000   239203         
  12660  6794      494.0000  1337                    492.0000   239584         
  12894  6848    infeasible                          492.0000   240311         
  13036  6853      494.0000  1434                    492.0000   240436         
  13078  6871    infeasible                          492.0000   240685         
  13107  6882    infeasible                          492.0000   242799         
  13169  6892      494.0000  1585                    492.0000   243700         
  13284  6931      495.0000  1385                    492.0000   244530         
  13433  6905      497.0000  1389                    492.0000   244429         
  14382  7300      494.0000  1538                    492.0000   253698         
Elapsed time = 271.30 sec. (142108.93 ticks, tree = 1647.79 MB, solutions = 0)
  15274  8229      493.0000  1608                    492.0000   256153         
  16168  9073      497.0000  1503                    492.0000   261059         
  16981  9255      501.0000  1241                    492.0000   261435         
  17837  9768    infeasible                          492.0000   262274         
  18586 10385      497.0000  1465                    492.0000   264918         
  19392 10404      494.0000  1677                    492.0000   267112         
  20173 11211      494.0000  1434                    492.0000   271750         
  20935 11679      494.0000  1762                    492.0000   282818         
  21764 11804      494.0000  1543                    492.0000   283863         
  22560 12314    infeasible                          492.0000   285999         
Elapsed time = 344.96 sec. (180313.71 ticks, tree = 2866.93 MB, solutions = 0)
Nodefile size = 801.63 MB (353.52 MB after compression)
  23223 12531      497.0000  1167                    492.0000   287937         
  23316 12752      494.0000  1678                    492.0000   292980         
  23791 12766    infeasible                          492.0000   293345         
  24659 13012      494.0000  1505                    492.0000   298166         
  25568 13240      506.0000  1521                    492.0000   300429         
  26520 13556    infeasible                          492.0000   304044         
  27376 13810      494.0000  1665                    492.0000   308744         
  28313 13857      494.0000  1630                    492.0000   311746         
  29401 13919    infeasible                          492.0000   313309         
  30222 13985      494.0000  1616                    492.0000   314732         
Elapsed time = 420.21 sec. (218515.85 ticks, tree = 3255.92 MB, solutions = 0)
Nodefile size = 1182.82 MB (520.41 MB after compression)
  30984 14103      494.0000  1625                    492.0000   316938         
  31745 14291      494.0000  1613                    492.0000   318998         
  32674 14568      495.0000  1491                    492.0000   320355         
  33563 14625      494.0000  1597                    492.0000   322062         
  34174 14858      494.0000  1597                    492.0000   324938         
  34278 15217      494.0000  1687                    492.0000   329120         
  34776 15275      494.0000  1746                    492.0000   330028         
  35625 15268    infeasible                          492.0000   332055         
  36579 15692      494.0000  1814                    492.0000   333587         
  37549 15914      494.0000  1610                    492.0000   335940         
Elapsed time = 502.74 sec. (256713.20 ticks, tree = 3712.64 MB, solutions = 0)
Nodefile size = 1638.91 MB (722.13 MB after compression)
  38410 16389      504.0000  1603                    492.0000   338811         
  39327 16512    infeasible                          492.0000   341931         
  40234 17069      494.0000  1728                    492.0000   344937         
  40977 17540      494.0000  1669                    492.0000   348689         
  41730 17679      494.0000  1490                    492.0000   350589         
  42501 18318      494.0000  1594                    492.0000   360817         
  43309 18763      494.0000  1539                    492.0000   366266         
  44183 19002    infeasible                          492.0000   370574         
  45035 19566      494.0000  1485                    492.0000   374159         
  45877 19924      494.0000  1554                    492.0000   376876         
Elapsed time = 577.56 sec. (294908.02 ticks, tree = 4702.47 MB, solutions = 0)
Nodefile size = 2606.89 MB (1151.48 MB after compression)
  46125 20435      496.0000  1009                    492.0000   381635         
  46347 20426      492.0000  1951                    492.0000   382272         
  47306 20451      501.0000  1195                    492.0000   381926         
  48240 21515      497.0000  1485                    492.0000   389429         
  48979 22398      506.0000  1435                    492.0000   395382         
  49764 23047      504.0000  1533                    492.0000   402749         
  50644 23031      506.0000  1367                    492.0000   402604         
  51612 23866      506.0000  1444                    492.0000   409470         
  52606 24442      506.0000  1375                    492.0000   411618         
  53521 25065      506.0000  1357                    492.0000   413386         
Elapsed time = 668.91 sec. (333123.68 ticks, tree = 5997.47 MB, solutions = 0)
Nodefile size = 3920.62 MB (1735.41 MB after compression)
  54309 25483      494.0000  1385                    492.0000   415224         
  55018 26217      494.0000  1450                    492.0000   420755         
  55738 26838    infeasible                          492.0000   429030         
  56470 26887      496.0000  1152                    492.0000   429411         
  57068 27216    infeasible                          492.0000   436697         
  57196 27188    infeasible                          492.0000   434399         
  57334 27546      494.0000  1606                    492.0000   462037         
  57827 27741      496.0000  1382                    492.0000   476477         
  58629 27791    infeasible                          492.0000   476610         
  59543 28237      494.0000  1806                    492.0000   486365         
Elapsed time = 761.94 sec. (371567.70 ticks, tree = 6799.81 MB, solutions = 0)
Nodefile size = 4682.76 MB (2075.00 MB after compression)
  60346 29165      500.0000  1454                    492.0000   491962         
  61122 29742      492.0000  2090                    492.0000   495724         
  61823 30264      493.0000  1644                    492.0000   501563         
  62481 31072      496.0000  1383                    492.0000   515261         
  63195 31496    infeasible                          492.0000   523692         
  63904 31496    infeasible                          492.0000   523899         
  64620 32126      494.0000  1770                    492.0000   530964         
  65381 32466    infeasible                          492.0000   536413         
  66109 33077      496.0000  1068                    492.0000   542992         
  66817 33647    infeasible                          492.0000   565609         
Elapsed time = 839.25 sec. (409737.08 ticks, tree = 8174.23 MB, solutions = 0)
Nodefile size = 6093.00 MB (2714.21 MB after compression)
  67518 33759    infeasible                          492.0000   567143         
  68259 34417      492.0000  1985                    492.0000   577383         
  69031 34853      506.0000  1201                    492.0000   584420         
  69491 34696      493.0000  1611                    492.0000   584406         
  69561 35274      493.0000  1656                    492.0000   597753         
  69849 35316      495.0000  1580                    492.0000   598691         
  70445 35498      500.0000  1577                    492.0000   602178         
  71189 35725      492.0000  1892                    492.0000   609814         
  71986 36283      493.0000  1634                    492.0000   616359         
  72758 36345      493.0000  1715                    492.0000   618689         
Elapsed time = 929.94 sec. (447946.39 ticks, tree = 8865.52 MB, solutions = 0)
Nodefile size = 6780.59 MB (3029.42 MB after compression)
  73472 36803      497.0000  1213                    492.0000   620632         
  74217 37311      494.0000  1798                    492.0000   632813         
  75023 37365    infeasible                          492.0000   633285         
  75816 37651      492.0000  1896                    492.0000   635973         
  76672 38318      493.0000  1879                    492.0000   641895         
  77483 38328      493.0000  1699                    492.0000   642555         
  78191 39013      493.0000  1481                    492.0000   653517         
  78957 39101      493.0000  1706                    492.0000   656285         
  79749 39366    infeasible                          492.0000   659452         
  80532 39572      494.0000  1688                    492.0000   660684         
Elapsed time = 1001.12 sec. (486140.68 ticks, tree = 9698.51 MB, solutions = 0)
Nodefile size = 7612.49 MB (3412.97 MB after compression)
  81302 39709      495.0000  1088                    492.0000   661655         
  82036 40319      495.0000  1106                    492.0000   678408         
  82867 40850      505.0000  1459                    492.0000   686584         
  83508 40883      493.0000  1798                    492.0000   688272         
  83658 41067      494.0000  1388                    492.0000   689845         
  83811 41471    infeasible                          492.0000   693863         
  84265 41518    infeasible                          492.0000   695175         
  84927 42003      494.0000  1796                    492.0000   704180         
  85628 42170    infeasible                          492.0000   710179         
  86386 42338      493.0000  1668                    492.0000   714688         
Elapsed time = 1090.41 sec. (524340.41 ticks, tree = 10414.80 MB, solutions = 0)
Nodefile size = 8332.06 MB (3744.41 MB after compression)
  87256 42582      493.0000  1382                    492.0000   716125         
  88065 42954      493.0000  1615                    492.0000   723075         
  88829 43333      493.0000  1570                    492.0000   727618         
  89539 43763      495.0000  1079                    492.0000   735076         
  90270 44056      493.0000  1147                    492.0000   736570         
  91027 44056      493.0000  1147                    492.0000   736652         
  91888 44505      493.0000  1603                    492.0000   742957         
  92652 44862      494.0000  1357                    492.0000   747092         
  93382 45091    infeasible                          492.0000   751936         
  94058 45727      493.0000  1606                    492.0000   759863         
Elapsed time = 1160.48 sec. (562522.75 ticks, tree = 11256.52 MB, solutions = 0)
Nodefile size = 9175.91 MB (4125.82 MB after compression)
  94771 45788      495.0000   917                    492.0000   760989         
  95566 45860    infeasible                          492.0000   761780         
  96380 46414      495.0000  1224                    492.0000   767502         
  97011 46429      495.0000  1180                    492.0000   767603         
  97125 46528      493.0000  1492                    492.0000   769655         
  97322 47154      498.0000  1665                    492.0000   780667         
  97936 47133      492.0000  1893                    492.0000   782914         
  98701 47319      495.0000  1826                    492.0000   785663         
  99522 47788      506.0000  1562                    492.0000   789016         
 100322 48177    infeasible                          492.0000   796651         
Elapsed time = 1258.86 sec. (600732.27 ticks, tree = 11806.62 MB, solutions = 0)
Nodefile size = 9727.95 MB (4352.44 MB after compression)
 101169 48460    infeasible                          492.0000   799741         
 101780 48859      494.0000  1098                    492.0000   811609         
 102465 48934      494.0000  1722                    492.0000   814982         
 103197 49240      499.0000  1342                    492.0000   826230         
 103947 49803    infeasible                          492.0000   829791         
 104667 50140      506.0000  1076                    492.0000   831246         
 105342 50534      506.0000   934                    492.0000   835528         
 106013 50808      493.0000  1325                    492.0000   843082         
 106685 51284      493.0000  1691                    492.0000   853652         
 107317 51698      496.0000  1697                    492.0000   858343         
Elapsed time = 1359.98 sec. (638921.43 ticks, tree = 12609.61 MB, solutions = 0)
Nodefile size = 10532.99 MB (4688.14 MB after compression)
 107954 51833      499.0000  1110                    492.0000   860113         
 108507 51848    infeasible                          492.0000   860268         
 108575 51850    infeasible                          492.0000   860839         
 108742 52027      492.0000  1854                    492.0000   865261         
 109124 52152      496.0000   854                    492.0000   865541         
 109703 52321      493.0000   943                    492.0000   868833         
 110349 52732      494.0000  1736                    492.0000   881554         
 111049 53248      496.0000  1284                    492.0000   886190         
 111716 53364      496.0000   730                    492.0000   889547         
 112423 53653    infeasible                          492.0000   890536         
Elapsed time = 1466.96 sec. (677177.87 ticks, tree = 13030.27 MB, solutions = 0)
Nodefile size = 10949.71 MB (4856.82 MB after compression)
 113167 53904    infeasible                          492.0000   892429         
 113969 53965      493.0000  1222                    492.0000   893878         
 114630 54190      494.0000   938                    492.0000   897520         
 115407 54640    infeasible                          492.0000   906104         
 116202 54918      495.0000  1832                    492.0000   907846         
 117140 55066      496.0000  1841                    492.0000   907899         
 117851 55425      493.0000  1722                    492.0000   914158         
 118540 56049      494.0000   791                    492.0000   910908         
 119192 56254    infeasible                          492.0000   922384         
 119960 56768      496.0000  1303                    492.0000   931250         
Elapsed time = 1560.76 sec. (715379.60 ticks, tree = 13740.74 MB, solutions = 0)
Nodefile size = 11628.24 MB (5137.21 MB after compression)
 120796 57223    infeasible                          492.0000   948425         
 121594 57476      495.0000  1705                    492.0000   948946         
 122033 57684    infeasible                          492.0000   954293         
 122123 57665    infeasible                          492.0000   952945         
 122204 58249      496.0000  1477                    492.0000   965562         
 122523 58264      493.0000  1480                    492.0000   966250         
 123061 58434      496.0000  1313                    492.0000   971763         
 123703 58695      494.0000  1246                    492.0000   978686         
 124433 59282      496.0000  1122                    492.0000   993729         
 125196 59894    infeasible                          492.0000  1003019         
Elapsed time = 1669.85 sec. (754525.55 ticks, tree = 14456.15 MB, solutions = 0)
Nodefile size = 12376.47 MB (5448.57 MB after compression)
 125982 59980    infeasible                          492.0000  1005694         
 126795 60176      506.0000  1395                    492.0000  1006651         
 127588 60305      494.0000  1700                    492.0000  1010365         
 128349 60803      505.0000  1402                    492.0000  1016101         
 129142 61233      496.0000   616                    492.0000  1026865         
 129881 61270    infeasible                          492.0000  1027794         
 130617 61596    infeasible                          492.0000  1032044         
 131397 61829      506.0000  1376                    492.0000  1032908         
 132224 61773      494.0000  1694                    492.0000  1036548         
 132966 61939      493.0000  1371                    492.0000  1037813         
Elapsed time = 1762.27 sec. (792729.57 ticks, tree = 14943.13 MB, solutions = 0)
Nodefile size = 12858.58 MB (5654.25 MB after compression)
 133724 62413      498.0000  1581                    492.0000  1050115         
 134450 62984      498.0000  1600                    492.0000  1068795         
 135245 63113      493.0000  1369                    492.0000  1070619         
 135992 63384      498.0000  1569                    492.0000  1073204         

Clique cuts applied:  40
Cover cuts applied:  136
Implied bound cuts applied:  7396
Mixed integer rounding cuts applied:  694
Zero-half cuts applied:  27
Lift and project cuts applied:  14
Gomory fractional cuts applied:  39

Root node processing (before b&c):
  Real time             =   57.58 sec. (43961.40 ticks)
Parallel b&c, 8 threads:
  Real time             = 1747.66 sec. (768095.30 ticks)
  Sync time (average)   =  592.83 sec.
  Wait time (average)   =    0.00 sec.
                          ------------
Total (root+branch&cut) = 1805.23 sec. (812056.70 ticks)
! --------------------------------------------------------
! Problem is UNKNOWN
! CPLEX Status = AbortTimeLim
! --------------------------------------------------------
