! Solving for graph /home/truongxuanhieu/CPLEX-MIP-for-MinSpanLabeling/benchmarks/cabp/H-impcol_b.mtx.rnd
! Target value is set to 5
! Lower bound is set to 6
! Upper bound is set to 44
! Time limit is set to 1800
! Vertices mode is set to No hole
! Target value mode is set to Cyclic Antibandwidth
Version identifier: 22.2.0.0 | 2026-05-04 | 5dff98e58
CPXPARAM_TimeLimit                               1800
Tried aggregator 2 times.
MIP Presolve eliminated 283 rows and 140 columns.
MIP Presolve modified 5158 coefficients.
Aggregator did 739 substitutions.
Reduced MIP has 1745 rows, 3876 columns, and 11881 nonzeros.
Reduced MIP has 2914 binaries, 341 generals, 0 SOSs, and 621 indicators.
Presolve time = 0.02 sec. (17.77 ticks)
Probing time = 0.02 sec. (9.44 ticks)
Tried aggregator 1 time.
Detecting symmetries...
Reduced MIP has 1745 rows, 3876 columns, and 11881 nonzeros.
Reduced MIP has 2914 binaries, 400 generals, 0 SOSs, and 621 indicators.
Presolve time = 0.01 sec. (9.38 ticks)
Probing time = 0.01 sec. (3.83 ticks)
Clique table members: 4694.
MIP emphasis: balance optimality and feasibility.
MIP search method: dynamic search.
Parallel mode: deterministic, using up to 8 threads.
Root relaxation solution time = 0.01 sec. (10.28 ticks)

        Nodes                                         Cuts/
   Node  Left     Objective  IInf  Best Integer    Best Bound    ItCnt     Gap

      0     0       10.0000   194                     10.0000      314         
      0     0       10.0000   428                   Cuts: 536      615         
      0     0       10.0000   445                   Cuts: 536      826         
Detecting symmetries...
      0     2       10.0000   300                     10.0000      826         
Elapsed time = 0.94 sec. (433.55 ticks, tree = 0.02 MB, solutions = 0)
    499   382       15.0000   255                     10.0000    14017         
   1516  1069       15.0000   272                     10.0000    34802         
   2522  2102       31.0000   187                     10.0000    64044         
   3800  2922       26.0000   139                     10.0000    86130         
   4642  3737    infeasible                           10.0000   111281         

Performing restart 1

Repeating presolve.
Tried aggregator 1 time.
Reduced MIP has 1745 rows, 3876 columns, and 11881 nonzeros.
Reduced MIP has 2914 binaries, 400 generals, 0 SOSs, and 621 indicators.
Presolve time = 0.01 sec. (7.02 ticks)
Tried aggregator 1 time.
Reduced MIP has 1745 rows, 3876 columns, and 11881 nonzeros.
Reduced MIP has 2914 binaries, 400 generals, 0 SOSs, and 621 indicators.
Presolve time = 0.01 sec. (9.75 ticks)
Represolve time = 0.06 sec. (31.96 ticks)
   5087     0       10.0000   500                   Cuts: 536   132537         
   5087     0       10.0000   504                   Cuts: 368   133477         
   5087     0       10.0000   565                   Cuts: 536   134906         
   5087     0       10.0000   589                   Cuts: 483   136209         
   5087     2       10.0000   361                     10.0000   136209         
   5102    15       16.0000   256                     10.0000   137279         
   5225    80       11.0000   307                     10.0000   139619         
   5392   264    infeasible                           10.0000   145183         
   6808  1353    infeasible                           10.2174   181664         
Elapsed time = 10.48 sec. (5344.60 ticks, tree = 3.10 MB, solutions = 0)
   7558  1956       21.0000   247                     11.0000   230947         
   8786  3072       20.0000   337                     11.0000   294495         
   9766  3828       29.0000   267                     11.0000   341924         
  10398  4405       21.0000   280                     11.0000   389831         
  10980  4710       11.0000   614                     11.0000   406292         

Performing restart 2

Repeating presolve.
Tried aggregator 1 time.
Reduced MIP has 1745 rows, 3876 columns, and 13153 nonzeros.
Reduced MIP has 2914 binaries, 400 generals, 0 SOSs, and 621 indicators.
Presolve time = 0.01 sec. (7.28 ticks)
Tried aggregator 1 time.
Reduced MIP has 1745 rows, 3876 columns, and 13153 nonzeros.
Reduced MIP has 2914 binaries, 400 generals, 0 SOSs, and 621 indicators.
Presolve time = 0.01 sec. (10.28 ticks)
Represolve time = 0.13 sec. (69.55 ticks)
  10981     0       11.0000   624                   Cuts: 536   421672         
  10981     0       11.0000   671                   Cuts: 536   423053         
  10981     0       11.0000   591                   Cuts: 242   423889         
  10981     0       11.0000   581                   Cuts: 536   425003         
  10981     0       11.0000   637                   Cuts: 536   426522         
  10981     0       12.0000   492                   Cuts: 266   427657         
  10981     0       12.0000   572                   Cuts: 536   428292         
  10981     0       12.0000   588                   Cuts: 429   429361         
  10981     0       12.0000   574                   Cuts: 536   430078         
  10981     0       12.0000   592                   Cuts: 536   430721         
  10981     0       12.0000   585                   Cuts: 536   431838         
  10981     2       12.0000   459                     12.0000   431838         
  11184   150       25.0000   197                     12.0000   443757         
  11548   447       26.0000   108                     12.0000   459122         
  11780   643       23.0000   166                     12.0000   491960         
  12015   846       15.0000   382                     12.0000   520626         
Elapsed time = 38.54 sec. (19687.84 ticks, tree = 1.78 MB, solutions = 0)
  12253  1055       20.0000   317                     12.0000   548490         
  12430  1199       24.0000   153                     12.0000   568461         
  12512  1246       12.1962   727                     12.0000   586156         
  12565  1326       30.0000   124                     12.0000   621252         
  12610  1383       26.0000   292                     12.0000   648547         
  12660  1424       35.0000   176                     12.0000   674946         
  12768  1475       40.0000   201                     12.0000   693819         
  12921  1561       25.0000   426                     12.0000   723479         
  13028  1711       36.0000   166                     12.0000   753040         
  13173  1842       30.0000   248                     12.0000   780746         
Elapsed time = 58.32 sec. (29343.53 ticks, tree = 10.73 MB, solutions = 0)
  13291  1912       31.0000   200                     12.0000   805016         
  13358  1929       15.0000   482                     12.0000   820415         
  13473  2105       31.0000   277                     12.0000   852743         
  13634  2234       25.0000   272                     12.0000   887849         
  13881  2320    infeasible                           12.0000   902799         
  14095  2466       26.0000   197                     12.0000   938221         
  14368  2817    infeasible                           12.0000   961186         
  14487  2923       20.0000   464                     12.0000   983437         
  14550  3038       29.0000   310                     12.0000  1002011         
  14685  3158       35.0000   242                     12.0000  1038128         
Elapsed time = 78.64 sec. (38900.49 ticks, tree = 32.02 MB, solutions = 0)
  14814  3295       41.0000   156                     12.0000  1072117         
  14925  3289       22.0000   407                     12.0000  1079857         
  15010  3417       40.0000   136                     12.0000  1114590         
  15118  3541       25.0000   273                     12.0000  1150539         
  15198  3582       25.0000   424                     12.0000  1166245         
  15251  3613       40.0000   310                     12.0000  1191246         
  15397  3764       29.0000   267                     12.0000  1225651         
  15527  3823       23.0000   412                     12.0000  1244255         
  15650  3938       21.0000   509                     12.0000  1276317         
  15690  3964       15.0000   544                     12.0000  1288596         
Elapsed time = 99.01 sec. (48515.01 ticks, tree = 46.95 MB, solutions = 0)
  15758  4089       26.0000   353                     12.0000  1314245         
  15871  4184       37.0000   204                     12.0000  1351023         
  15967  4214    infeasible                           12.0000  1364931         
  16009  4268       20.0000   406                     12.0000  1391278         
  16134  4337    infeasible                           12.0000  1417311         
  16214  4330       29.0000   358                     12.0000  1431857         
  16296  4257       12.0000   645                     12.0000  1377169         
  16344  4547       27.0000   364                     12.0000  1504091         
  16451  4584       20.0000   540                     12.0000  1507886         
  16558  4646       16.0000   569                     12.0000  1541260         
Elapsed time = 119.20 sec. (58262.49 ticks, tree = 53.52 MB, solutions = 0)
  16670  4820       20.0000   422                     12.0000  1574033         
  16729  4822       15.0000   561                     12.0000  1595151         
  16760  4929       22.0000   344                     12.0000  1619552         
  16851  4989       29.0000   303                     12.0000  1640063         
  16994  5050       37.0000   211                     12.0000  1663856         
  17112  5100       12.3532   841                     12.0000  1686962         
  17144  5117       25.0000   343                     12.0000  1690073         
  17193  5218       30.0000   282                     12.0000  1729278         
  17257  5301       22.0000   524                     12.0000  1757877         
  17283  5340       28.0000   417                     12.0000  1776895         
Elapsed time = 139.53 sec. (68066.44 ticks, tree = 73.21 MB, solutions = 0)
  17332  5364       39.0000   199                     12.0000  1778760         
  17408  5391       34.0000   333                     12.0000  1804663         
  17467  5446       22.0000   350                     12.0000  1835334         
  17547  5607       40.0000   295                     12.0000  1883275         
  17682  5653       23.0000   376                     12.0000  1899255         
  17728  5636       17.0000   478                     12.0000  1915720         
  17769  5675       29.0000   324                     12.0000  1920096         
  17793  5639       12.0000   724                     12.0000  1930549         
  17800  5559       12.0000   729                     12.0000  1887984         
  17810  5771       15.0000   621                     12.0000  1971754         
Elapsed time = 158.86 sec. (78014.78 ticks, tree = 82.42 MB, solutions = 0)
  17836  5883       21.0000   386                     12.0000  2034040         
  17886  5890       20.0000   564                     12.0000  2041762         
  17927  5889       20.0000   455                     12.0000  2062037         
  17989  5945       24.0000   393                     12.0000  2100043         
  18137  6028       35.0000    85                     12.0000  2114869         
  18331  6073       40.0000   116                     12.0000  2124486         
  18428  6174       40.0000   237                     12.0000  2174549         
  18506  6221       18.0000   567                     12.0000  2187748         
  18567  6443       40.0000   249                     12.0000  2205203         
  18720  6485       22.0000   430                     12.0000  2232566         
Elapsed time = 180.12 sec. (87678.85 ticks, tree = 96.89 MB, solutions = 0)
  18765  6555       12.0000   745                     12.0000  2209124         
  18772  6672       15.0000   619                     12.0000  2249416         
  18820  6676       12.0000   721                     12.0000  2261001         
  18823  6505       12.0798   870                     12.0000  2241911         
  18836  6716       22.0000   362                     12.0000  2308230         
  18856  6725       40.0000   277                     12.0000  2313746         
  18889  6766    infeasible                           12.0000  2375370         
  18901  6786       40.0000   321                     12.0000  2386333         
  18948  6841       40.0000   155                     12.0000  2456393         
  19156  6974       25.0000   380                     12.0000  2568334         
Elapsed time = 205.56 sec. (100699.50 ticks, tree = 107.31 MB, solutions = 0)
  19429  7094       25.0000   362                     12.0000  2623139         
  19597  7313    infeasible                           12.0000  2708657         
  19699  7472       40.0000   234                     12.0000  2820518         
  19935  7573       40.0000   249                     12.0000  2907097         
  20101  7713       29.0000   309                     12.0000  2994257         
  20418  7816       35.0000   294                     12.0000  3041385         
  20865  8282       18.0000   499                     12.0000  3136622         
  21146  8636       16.0000   619                     12.0000  3240739         
  21470  8839       35.0000   396                     12.0000  3332023         
  21732  9181       20.0000   601                     12.0000  3425736         
Elapsed time = 288.35 sec. (139026.98 ticks, tree = 148.12 MB, solutions = 0)
  21891  9297       40.0000   374                     12.0000  3464654         
  22074  9452       12.3077   777                     12.0000  3589439         
  22211  9568    infeasible                           12.0000  3665721         
  22561  9904       15.0000   615                     12.0000  3865838         
* 22642  9688      integral     0       44.0000       12.0000  3809653   72.73%
  22708  9895       17.0000   501       44.0000       12.0000  3902624   72.73%
  22836 10001       18.0000   605       44.0000       12.0000  4043893   72.73%
  23058 10054       31.0000   271       44.0000       12.0000  4081304   72.73%
* 23111+10171                           41.0000       12.0000            70.73%
  23505  9229       25.0000   491       41.0000       12.0000  4176355   70.73%
* 23749  9483      integral     0       40.0000       12.0000  4260068   70.00%
  23883  7993       29.0000   419       40.0000       12.0493  4340117   69.88%
  24079  8073       21.0000   469       40.0000       12.0675  4399388   69.83%
Elapsed time = 365.57 sec. (177545.05 ticks, tree = 120.09 MB, solutions = 3)
  24326  8177       20.0000   504       40.0000       12.0750  4467486   69.81%
  24575  8364       20.0000   431       40.0000       12.1002  4586440   69.75%
  24785  8548       26.0000   456       40.0000       12.1032  4692553   69.74%
  24969  8595       21.0000   486       40.0000       12.1666  4729267   69.58%
  25246  8831       21.0000   584       40.0000       12.1782  4893406   69.55%
  25430  8911       12.2365   875       40.0000       12.1962  4920056   69.51%
  25574  9094       19.0000   560       40.0000       12.2046  5027604   69.49%
  25709  9184       14.0000   680       40.0000       12.2046  5096702   69.49%
  25924  9352       35.0000   419       40.0000       12.2143  5236586   69.46%
  26187  9369       34.0000   466       40.0000       12.2143  5261583   69.46%
Elapsed time = 442.97 sec. (215832.11 ticks, tree = 149.20 MB, solutions = 3)
  26359  9712       25.0000   535       40.0000       12.2634  5467538   69.34%
  26536  9736       23.0000   561       40.0000       12.2953  5489345   69.26%
  26719  9819       15.0000   608       40.0000       12.3077  5558410   69.23%
  26855  9992       22.5000   666       40.0000       12.3158  5739798   69.21%
  27161 10072       28.0000   512       40.0000       12.3158  5806984   69.21%
  27346 10090       18.0000   612       40.0000       12.3158  5886573   69.21%
  27556 10388       34.0000   359       40.0000       12.3158  6004179   69.21%
  27834 10674       33.0000   410       40.0000       12.3158  6164713   69.21%
  28000 10674       16.0000   613       40.0000       12.3158  6168523   69.21%
  28179 10818       34.0000   357       40.0000       12.5199  6286722   68.70%
Elapsed time = 519.39 sec. (254164.16 ticks, tree = 190.37 MB, solutions = 3)
  28424 10906       35.0000   495       40.0000       12.5199  6339334   68.70%
  28656 11036    infeasible             40.0000       12.5893  6425591   68.53%
  28854 11081       21.0000   470       40.0000       12.6154  6479553   68.46%
  29048 11406       13.0063   738       40.0000       12.6193  6676985   68.45%
  29237 11474       30.0000   350       40.0000       12.7680  6727029   68.08%
  29453 11692       13.0491   771       40.0000       12.8889  6871012   67.78%
  29723 11716       33.0000   383       40.0000       12.9200  6884082   67.70%
  29899 11865       21.0000   497       40.0000       12.9200  6989258   67.70%
  30053 11933       17.0000   588       40.0000       12.9200  7058585   67.70%
  30147 12144       35.0000   503       40.0000       12.9888  7229657   67.53%
Elapsed time = 593.78 sec. (292514.36 ticks, tree = 225.76 MB, solutions = 3)
  30319 12236       22.5000   632       40.0000       13.0000  7397508   67.50%
  30549 12292       15.0000   618       40.0000       13.0000  7447257   67.50%
  30804 12385       30.0000   421       40.0000       13.0000  7510247   67.50%
  30991 12578       30.0000   483       40.0000       13.0000  7613148   67.50%
  31148 12609       21.0000   543       40.0000       13.0000  7643673   67.50%
  31400 12798       16.1000   738       40.0000       13.0000  7784304   67.50%
  31654 12831       18.0000   604       40.0000       13.0000  7829380   67.50%
  31900 13114       16.7136   789       40.0000       13.0000  7990094   67.50%
  32044 13131       30.0000   362       40.0000       13.0000  8004269   67.50%
  32219 13426       30.0000   453       40.0000       13.0000  8241929   67.50%
Elapsed time = 669.60 sec. (330725.06 ticks, tree = 267.71 MB, solutions = 3)
  32369 13439       16.8750   696       40.0000       13.0000  8252655   67.50%
  32558 13517       20.0000   594       40.0000       13.0000  8337805   67.50%
  32729 13673       32.2222   661       40.0000       13.0000  8459582   67.50%
  33039 13891       34.0000   311       40.0000       13.0000  8613984   67.50%
  33283 13919       32.0000   496       40.0000       13.0000  8645254   67.50%
  33471 13927       16.0000   610       40.0000       13.0000  8674520   67.50%
  33743 14038       24.0000   445       40.0000       13.0123  8736228   67.47%
  33875 14304    infeasible             40.0000       13.0588  8905763   67.35%
  34043 14425       25.0000   461       40.0000       13.0870  8982688   67.28%
  34283 14560       22.5000   563       40.0000       13.1773  9075462   67.06%
Elapsed time = 745.07 sec. (369010.92 ticks, tree = 314.64 MB, solutions = 3)
  34463 14727       30.0000   404       40.0000       13.2327  9219730   66.92%
  34656 14753       24.1841   613       40.0000       13.3636  9247072   66.59%
  34897 14941    infeasible             40.0000       13.3992  9381595   66.50%
  35118 15082       17.0000   637       40.0000       13.5000  9516051   66.25%
  35337 15099       33.0000   383       40.0000       13.5000  9528315   66.25%
  35527 15256       22.0000   408       40.0000       13.5957  9680260   66.01%
  35759 15400       37.0000   472       40.0000       14.0000  9781991   65.00%
  36009 15601       30.0000   363       40.0000       14.0000  9921303   65.00%
  36222 15616       20.0000   507       40.0000       14.0000  9933919   65.00%
  36382 15816       16.6000   745       40.0000       14.0000 10070529   65.00%
Elapsed time = 820.76 sec. (407393.59 ticks, tree = 355.64 MB, solutions = 3)
  36559 15939       14.0000   635       40.0000       14.0000 10140087   65.00%
  36753 16039       23.0000   485       40.0000       14.0000 10258152   65.00%
  36930 16050       30.0000   583       40.0000       14.0000 10271143   65.00%
  37048 16156       16.0000   630       40.0000       14.0000 10407053   65.00%
  37240 16207       26.0000   454       40.0000       14.0000 10482411   65.00%
  37364 16404       17.0000   610       40.0000       14.0000 10657288   65.00%
  37471 16411       16.0000   649       40.0000       14.0000 10667721   65.00%
  37636 16422       14.0000   712       40.0000       14.0000 10678394   65.00%
  37765 16547       33.0000   563       40.0000       14.0000 10848272   65.00%
  37973 16628       25.0000   534       40.0000       14.0000 10900592   65.00%
Elapsed time = 894.60 sec. (445879.04 ticks, tree = 382.10 MB, solutions = 3)
  38201 16774       26.0000   495       40.0000       14.0000 11052526   65.00%
  38347 16742       30.0000   528       40.0000       14.0000 11081058   65.00%
  38456 16951       26.0000   466       40.0000       14.0000 11229023   65.00%
  38595 17137       23.5000   637       40.0000       14.0000 11439175   65.00%
  38785 17135       22.0000   490       40.0000       14.0000 11401760   65.00%
  38985 17183        cutoff             40.0000       14.0000 11437458   65.00%
  39228 17292       21.0000   606       40.0000       14.0000 11604506   65.00%
  39376 17519       26.0000   514       40.0000       14.0000 11759873   65.00%
  39582 17484    infeasible             40.0000       14.0000 11721179   65.00%
  39721 17741       21.0000   647       40.0000       14.0000 11992593   65.00%
Elapsed time = 968.97 sec. (484445.83 ticks, tree = 428.31 MB, solutions = 3)
  39856 17708       22.0000   615       40.0000       14.0000 11972998   65.00%
  40026 17903       23.0000   529       40.0000       14.0000 12148123   65.00%
  40179 17947       37.0000   326       40.0000       14.0000 12174611   65.00%
  40374 18149       35.0000   320       40.0000       14.0000 12358664   65.00%
  40494 18102       15.0000   667       40.0000       14.0000 12345493   65.00%
  40703 18046       15.0000   729       40.0000       14.0000 12279993   65.00%
  40859 18273       23.0000   557       40.0000       14.0000 12505256   65.00%
  41007 18443       35.0000   349       40.0000       14.0000 12679359   65.00%
  41128 18328       20.0000   564       40.0000       14.0000 12588049   65.00%
  41283 18461    infeasible             40.0000       14.0000 12701160   65.00%
Elapsed time = 1042.34 sec. (522866.52 ticks, tree = 457.88 MB, solutions = 3)
  41449 18653       35.0000   517       40.0000       14.0000 12935693   65.00%
  41632 18634       35.0000   324       40.0000       14.0000 12889881   65.00%
  41874 18890       35.0000   363       40.0000       14.1000 13162478   64.75%
  42076 18805       22.0000   480       40.0000       14.1000 13075065   64.75%
  42329 19074       20.0000   513       40.0000       14.2439 13354537   64.39%
  42571 18968       17.0000   503       40.0000       15.0000 13260657   62.50%
  42819 19089       31.0000   476       40.0000       15.0000 13312446   62.50%
  43013 19557    infeasible             40.0000       15.0000 13654857   62.50%
  43178 19473       26.0000   492       40.0000       15.0000 13600658   62.50%
  43305 19394       29.0000   602       40.0000       15.0000 13573843   62.50%
Elapsed time = 1117.37 sec. (561321.73 ticks, tree = 492.39 MB, solutions = 3)
  43440 19661    infeasible             40.0000       15.0000 13747479   62.50%
  43570 19869    infeasible             40.0000       15.0000 13937341   62.50%
  43769 19826       25.0000   381       40.0000       15.0000 13904175   62.50%
  43992 19920       30.0000   371       40.0000       15.0000 13987846   62.50%
  44244 20172       24.0000   540       40.0000       15.0000 14274597   62.50%
  44510 20092       24.0000   482       40.0000       15.0000 14185814   62.50%
  44730 20220       25.0000   493       40.0000       15.0000 14294821   62.50%
  44939 20238       22.0000   463       40.0000       15.0000 14306176   62.50%
  45154 20351    infeasible             40.0000       15.0000 14417088   62.50%
  45398 20616       22.0000   498       40.0000       15.0000 14569187   62.50%
Elapsed time = 1193.24 sec. (599563.64 ticks, tree = 534.89 MB, solutions = 3)
  45577 20838       15.0000   645       40.0000       15.0000 14743847   62.50%
  45752 20976       16.0000   621       40.0000       15.0000 14854847   62.50%
  45919 20792       25.0000   488       40.0000       15.0000 14709141   62.50%
  46138 20907       19.0000   606       40.0000       15.0000 14812130   62.50%
  46255 21114       15.0000   558       40.0000       15.0000 14962552   62.50%
  46366 21137       21.0000   634       40.0000       15.0000 15003173   62.50%
  46565 21442    infeasible             40.0000       15.0000 15253617   62.50%
  46760 21550       34.0000   482       40.0000       15.0000 15379963   62.50%
  46951 21571       27.3397   661       40.0000       15.0000 15412182   62.50%
  47175 21583       38.0000   294       40.0000       15.0000 15401313   62.50%
Elapsed time = 1266.61 sec. (637933.76 ticks, tree = 585.05 MB, solutions = 3)
  47384 21683       19.0000   568       40.0000       15.0000 15469999   62.50%
  47570 21804       26.0000   549       40.0000       15.0000 15591784   62.50%
  47744 21994       17.0000   601       40.0000       15.0000 15732029   62.50%
  47913 21931       21.0000   576       40.0000       15.0000 15710190   62.50%
  48134 22105    infeasible             40.0000       15.0000 15786442   62.50%
  48294 22175       35.0000   371       40.0000       15.0000 15879535   62.50%
  48436 22356       24.0000   453       40.0000       15.0000 16036525   62.50%
  48613 22586       35.0000   445       40.0000       15.0000 16267219   62.50%
  48809 22536       25.0000   512       40.0000       15.0000 16235590   62.50%
  48974 22547       17.0000   601       40.0000       15.0000 16245652   62.50%
Elapsed time = 1339.95 sec. (676424.21 ticks, tree = 626.02 MB, solutions = 3)
  49149 22682       18.0000   648       40.0000       15.0000 16362750   62.50%
  49367 22883       35.0000   402       40.0000       15.0000 16505355   62.50%
  49561 22820       20.0000   612       40.0000       15.0000 16475835   62.50%
  49767 23198       25.0000   610       40.0000       15.0000 16760021   62.50%
  49898 23118       25.0000   565       40.0000       15.0000 16700033   62.50%
  50093 23256       21.0000   610       40.0000       15.0000 16801374   62.50%
  50325 23145    infeasible             40.0000       15.0000 16721570   62.50%
  50536 23614       35.0000   400       40.0000       15.0000 17098916   62.50%
  50800 23357    infeasible             40.0000       15.0000 16876932   62.50%
  50968 23633    infeasible             40.0000       15.0000 17117940   62.50%
Elapsed time = 1416.80 sec. (714726.42 ticks, tree = 683.68 MB, solutions = 3)
  51149 23656       16.0000   657       40.0000       15.0000 17128140   62.50%
  51310 23683       30.0000   524       40.0000       15.0000 17168352   62.50%
  51474 23930       24.0000   513       40.0000       15.0000 17333216   62.50%
  51665 24184       15.0000   693       40.0000       15.0000 17517525   62.50%
  51822 24151       32.0000   394       40.0000       15.0000 17491344   62.50%
  51982 24364       30.0000   545       40.0000       15.0000 17721818   62.50%
  52171 24160       21.0000   579       40.0000       15.0000 17513268   62.50%
  52354 24393       20.1250   683       40.0000       15.0000 17743705   62.50%
  52526 24344       30.0000   415       40.0000       15.0000 17714005   62.50%
  52704 24476       19.0000   578       40.0000       15.0000 17831547   62.50%
Elapsed time = 1491.32 sec. (753208.92 ticks, tree = 732.12 MB, solutions = 3)
  52865 24634       31.0000   334       40.0000       15.0000 17926197   62.50%
  52989 24658       17.5000   711       40.0000       15.0000 18007765   62.50%
  53097 24891       21.5000   622       40.0000       15.0000 18211335   62.50%
  53195 24976       18.5000   689       40.0000       15.0000 18264045   62.50%
  53282 24875       35.0000   349       40.0000       15.0000 18186175   62.50%
  53367 24897       17.1410   810       40.0000       15.0000 18235781   62.50%
  53447 25277    infeasible             40.0000       15.0000 18640663   62.50%
  53594 25231    infeasible             40.0000       15.0000 18569764   62.50%
  53744 25264       30.0000   471       40.0000       15.0000 18616947   62.50%
  53927 25267       34.0000   394       40.0000       15.0000 18592547   62.50%
Elapsed time = 1561.61 sec. (791488.06 ticks, tree = 769.91 MB, solutions = 3)
  54124 25411       36.0000   396       40.0000       15.0000 18847817   62.50%
  54255 25537       25.0000   449       40.0000       15.0000 18977348   62.50%
  54384 25493       20.0000   569       40.0000       15.0000 18945491   62.50%
  54539 25555       35.0000   390       40.0000       15.0000 18995894   62.50%
  54635 25675       21.0000   568       40.0000       15.0000 19108947   62.50%
  54863 25770       21.0000   594       40.0000       15.0000 19228921   62.50%
  54995 25893       30.0000   560       40.0000       15.0000 19321300   62.50%
  55147 25855       35.0000   384       40.0000       15.0000 19289737   62.50%
Starting limited solution polishing.
  55326 25930       35.0000   454       40.0000       15.0000 19365578   62.50%
  55548 26041       25.0000   506       40.0000       15.0000 19468087   62.50%
Elapsed time = 1635.26 sec. (829791.74 ticks, tree = 815.28 MB, solutions = 3)
  55646 26201       21.0000   649       40.0000       15.0000 19551288   62.50%
  55784 26330       26.0000   463       40.0000       15.0000 19676133   62.50%
  55971 26228    infeasible             40.0000       15.0000 19573119   62.50%
  56065 26395       24.0000   541       40.0000       15.0000 19729924   62.50%
  56177 26610       35.0000   570       40.0000       15.0000 19940991   62.50%
  56280 26504       15.0000   731       40.0000       15.0000 19864670   62.50%
  56361 26818       32.0000   511       40.0000       15.0000 20158896   62.50%
  56455 26917       19.0000   650       40.0000       15.0000 20281422   62.50%
  56576 26870       21.0000   578       40.0000       15.0000 20214226   62.50%
  56719 26937       23.5000   606       40.0000       15.0000 20302419   62.50%
Elapsed time = 1708.95 sec. (868370.56 ticks, tree = 858.70 MB, solutions = 3)
  56847 26942       15.0000   673       40.0000       15.0000 20342104   62.50%
  56944 26950       17.0000   722       40.0000       15.0000 20352326   62.50%
  57087 27117       17.0000   626       40.0000       15.0000 20530258   62.50%
  57172 27194       20.0000   746       40.0000       15.0000 20709874   62.50%
  57267 27143       39.0000   468       40.0000       15.0000 20591678   62.50%
  57386 27222    infeasible             40.0000       15.0000 20648541   62.50%
  57479 27211       34.0000   392       40.0000       15.0000 20697728   62.50%
  57536 27223       15.6730   927       40.0000       15.0000 20784176   62.50%
  57600 27398       20.0000   703       40.0000       15.0000 21012030   62.50%
  57663 27493       25.0000   590       40.0000       15.0000 21152828   62.50%
Elapsed time = 1782.12 sec. (906822.60 ticks, tree = 890.16 MB, solutions = 3)
  57786 27480       15.0000   724       40.0000       15.0000 21112939   62.50%
  57912 27621       35.0000   499       40.0000       15.0000 21391273   62.50%

GUB cover cuts applied:  1773
Clique cuts applied:  88
Cover cuts applied:  2319
Implied bound cuts applied:  923
Flow cuts applied:  35
Mixed integer rounding cuts applied:  946
Zero-half cuts applied:  29
Lift and project cuts applied:  1
Gomory fractional cuts applied:  59

Root node processing (before b&c):
  Real time             =    0.94 sec. (432.53 ticks)
Parallel b&c, 8 threads:
  Real time             = 1799.09 sec. (916808.98 ticks)
  Sync time (average)   =  171.80 sec.
  Wait time (average)   =    0.03 sec.
                          ------------
Total (root+branch&cut) = 1800.02 sec. (917241.52 ticks)
! --------------------------------------------------------
! Status: FEASIBLE (time limit or other stopping criterion reached)
! Best span = 40
! Labeling: 30 24 21 14 22 38 21 8 37 1 2 23 22 1 1 5 36 34 29 12 17 35 1 18 16 22 13 10 16 27 6 31 36 17 21 21 16 25 9 39 6 27 28 19 16 40 22 7 33 2 20 1 3 32 11 15 31 26 4 
! --------------------------------------------------------
! All verification passed
