! Solving for graph /home/truongxuanhieu/CPLEX-MIP-for-MinSpanLabeling/benchmarks/cabp/J-nos4.mtx.rnd
! Target value is set to 24
! Lower bound is set to 25
! Upper bound is set to 75
! Time limit is set to 1800
! Vertices mode is set to No hole
! Target value mode is set to Cyclic Antibandwidth
Version identifier: 22.2.0.0 | 2026-05-04 | 5dff98e58
CPXPARAM_TimeLimit                               1800
Tried aggregator 2 times.
MIP Presolve eliminated 251 rows and 240 columns.
MIP Presolve modified 14973 coefficients.
Aggregator did 791 substitutions.
Reduced MIP has 1808 rows, 8750 columns, and 26419 nonzeros.
Reduced MIP has 7809 binaries, 348 generals, 0 SOSs, and 593 indicators.
Presolve time = 0.05 sec. (36.61 ticks)
Probing time = 0.06 sec. (26.12 ticks)
Tried aggregator 2 times.
Detecting symmetries...
Aggregator did 7 substitutions.
Reduced MIP has 1801 rows, 8743 columns, and 26412 nonzeros.
Reduced MIP has 7809 binaries, 440 generals, 0 SOSs, and 593 indicators.
Presolve time = 0.03 sec. (24.30 ticks)
Probing time = 0.03 sec. (5.19 ticks)
Clique table members: 18368.
MIP emphasis: balance optimality and feasibility.
MIP search method: dynamic search.
Parallel mode: deterministic, using up to 8 threads.
Root relaxation solution time = 0.06 sec. (39.77 ticks)

        Nodes                                         Cuts/
   Node  Left     Objective  IInf  Best Integer    Best Bound    ItCnt     Gap

      0     0       48.0000   281                     48.0000      559         
      0     0       48.0000   520                   Cuts: 550     1084         
      0     0       48.0000   477                   Cuts: 341     1399         
      0     0       48.0000   488                   Cuts: 550     1886         
Detecting symmetries...
      0     2       48.0000   393                     48.0000     1886         
Elapsed time = 2.78 sec. (1314.86 ticks, tree = 0.02 MB, solutions = 0)
     71    62       48.0000   379                     48.0000     8597         
    166   156       72.0000   329                     48.0000    21041         
    279   229       73.0000   308                     48.0000    31936         
    397   306       74.0000   290                     48.0000    41825         
    499   409    infeasible                           48.0000    56679         
    526   452       72.0000   317                     48.0000    65326         
    678   460       72.0000   334                     48.0000    72543         
    820   598       73.0000   320                     48.0000    86327         
    922   745       73.0000   378                     48.0000   105414         
   1351  1002       73.0000   287                     48.0000   154257         
Elapsed time = 9.54 sec. (4440.47 ticks, tree = 5.48 MB, solutions = 0)

Performing restart 1

Repeating presolve.
Tried aggregator 1 time.
MIP Presolve eliminated 0 rows and 60 columns.
Reduced MIP has 1801 rows, 8683 columns, and 26232 nonzeros.
Reduced MIP has 7749 binaries, 440 generals, 0 SOSs, and 593 indicators.
Presolve time = 0.02 sec. (13.95 ticks)
Tried aggregator 1 time.
Reduced MIP has 1801 rows, 8683 columns, and 26232 nonzeros.
Reduced MIP has 7749 binaries, 440 generals, 0 SOSs, and 593 indicators.
Presolve time = 0.03 sec. (19.38 ticks)
Represolve time = 0.17 sec. (76.01 ticks)
   1706     0       48.0000   483                   Cuts: 550   215398         
   1706     0       48.0000   646                   Cuts: 550   217362         
   1706     0       48.0000   709                   Cuts: 497   220058         
   1706     0       48.0000   728                   Cuts: 467   224191         
   1706     2       49.0000   433                     48.0876   224191         
   1828    97       69.0000   402                     49.0000   235279         
   1950   173       75.0000   412                     49.0000   248298         
   2175   384       74.0000   341                     49.0000   267383         
   2346   582    infeasible                           49.0000   291061         
   2446   635       56.0000   343                     49.0000   307394         
   2875   895       72.0000   351                     49.0000   331219         
   3293  1189       72.0000   367                     49.0000   366600         
   3385  1397       72.0000   420                     49.0000   407177         
   3425  1411       72.0000   402                     49.0000   455587         
Elapsed time = 38.73 sec. (19622.11 ticks, tree = 4.97 MB, solutions = 0)
   3463  1428       72.0000   435                     49.0000   480795         
   3504  1454       52.0557   762                     49.0000   520102         
   3606  1489       72.0000   397                     49.0000   556216         
   3640  1564       57.0000   426                     49.0000   602343         
   3665  1573       72.0000   482                     49.0000   633709         
   3696  1585       73.0000   465                     49.0000   654566         
   3728  1609       73.0000   442                     49.0000   707108         
   3785  1635       69.0000   482                     49.0000   760357         
   3836  1665       51.3314   716                     49.0000   802175         
   3855  1671       72.0000   594                     49.0000   814451         
Elapsed time = 59.03 sec. (29398.05 ticks, tree = 6.11 MB, solutions = 0)
   3877  1710       73.0000   418                     49.0000   890491         
   3903  1728    infeasible                           49.0000   925027         
   3932  1738       72.0000   416                     49.0000   930153         
   3966  1755    infeasible                           49.0000   970932         
   4005  1787       72.0000   452                     49.0000  1017471         
   4035  1780       72.0000   577                     49.0000  1030330         
   4060  1807       50.1818   822                     49.0000  1071860         
   4088  1822       72.0000   397                     49.0000  1142222         
   4123  1854       72.0000   400                     49.0000  1179961         
   4161  1864    infeasible                           49.0000  1188527         
Elapsed time = 78.89 sec. (39131.90 ticks, tree = 7.41 MB, solutions = 0)
   4194  1880       73.0000   427                     49.0000  1208903         
   4239  1919       73.0000   390                     49.0000  1275385         
   4265  1912    infeasible                           49.0000  1273615         
   4282  1948       72.0000   526                     49.0000  1302497         
   4304  1969       72.0000   535                     49.0000  1380243         
   4324  1971       72.0000   499                     49.0000  1372509         
   4343  1992       72.0000   535                     49.0000  1423120         
   4366  2002       72.0000   537                     49.0000  1441837         
   4392  2012       72.0000   545                     49.0000  1472325         
   4421  2028       72.0000   620                     49.0000  1486575         
Elapsed time = 97.66 sec. (49050.47 ticks, tree = 8.20 MB, solutions = 0)
   4465  2055       72.0000   425                     49.0000  1520544         
   4518  2104    infeasible                           49.0000  1595782         
   4564  2110       75.0000   363                     49.0000  1583599         
   4590  2124       50.1818   724                     49.0000  1622969         
   4610  2180       50.1818   791                     49.0000  1664386         
   4630  2197       72.0000   443                     49.0000  1682397         
   4650  2207       72.0000   485                     49.0000  1739930         
   4677  2225       72.0000   431                     49.0000  1766475         
   4710  2230       73.0000   395                     49.0000  1769226         
   4750  2282       72.0000   381                     49.0000  1839484         
Elapsed time = 117.21 sec. (59028.91 ticks, tree = 9.22 MB, solutions = 0)
   4807  2297       72.0000   358                     49.0000  1843730         
   4864  2366       72.0000   417                     49.0000  1892004         
   4931  2324       72.0000   560                     49.2632  1886466         
   4977  2384       72.0000   574                     49.2632  1916631         
   4996  2411    infeasible                           49.2632  1949104         
   5015  2468       72.0000   530                     49.2632  1977311         
   5032  2490       73.0000   548                     49.2632  2010489         
   5049  2493    infeasible                           49.2632  2049999         
   5071  2516       72.0000   439                     49.2632  2124004         
   5095  2520       73.0000   504                     49.2632  2148181         
Elapsed time = 135.68 sec. (68933.01 ticks, tree = 10.28 MB, solutions = 0)
   5117  2517       51.0000   671                     49.2632  2142191         
   5143  2526       72.0000   415                     49.2632  2162492         
   5169  2575       73.0000   462                     49.2632  2221527         
   5190  2597       72.0000   541                     49.2632  2248764         
   5214  2605       72.0000   498                     49.2632  2273862         
   5248  2615       73.0000   428                     49.2632  2270657         
   5279  2620       73.0000   442                     49.2632  2293647         
   5302  2624       50.1818   836                     49.2632  2316063         
   5306  2644       72.0000   542                     49.2632  2334972         

Performing restart 2

Repeating presolve.
Tried aggregator 1 time.
MIP Presolve modified 7373 coefficients.
Reduced MIP has 1801 rows, 8683 columns, and 33667 nonzeros.
Reduced MIP has 7749 binaries, 440 generals, 0 SOSs, and 593 indicators.
Presolve time = 0.03 sec. (26.92 ticks)
Tried aggregator 1 time.
Reduced MIP has 1801 rows, 8683 columns, and 33667 nonzeros.
Reduced MIP has 7749 binaries, 440 generals, 0 SOSs, and 593 indicators.
Presolve time = 0.03 sec. (23.90 ticks)
Represolve time = 0.24 sec. (144.58 ticks)
   5307     0       51.0000   834                   Cuts: 550  2395707         
   5307     0       51.0000   831                   Cuts: 550  2398269         
   5307     0       51.3342   950                   Cuts: 550  2400850         
   5307     0       52.5802   929                   Cuts: 550  2402899         
   5307     0       53.0000   925                   Cuts: 550  2405126         
   5307     0       53.0000   873                   Cuts: 550  2407955         
   5307     0       53.0000   920                   Cuts: 550  2412201         
   5307     0       53.0000   806                   Cuts: 309  2414652         
   5307     0       53.0000   832                   Cuts: 550  2416870         
   5307     0       53.0000   701                   Cuts: 169  2418435         
   5307     0       53.0000   766                   Cuts: 550  2420239         
   5307     0       53.0000   780                   Cuts: 448  2422157         
   5307     0       53.0000   811                   Cuts: 472  2424493         
   5307     0       53.0000   790                   Cuts: 458  2426904         
   5307     0       53.0000   803                   Cuts: 550  2429530         
   5307     2       53.0000   457                     53.0000  2429530         
Elapsed time = 199.81 sec. (103150.04 ticks, tree = 0.02 MB, solutions = 0)
   5309     4       72.0000   450                     53.0000  2432699         
   5322    15       53.0000   459                     53.0000  2436283         
   5364    42       72.0000   410                     53.0000  2445045         
   5430    93       67.0000   432                     53.0000  2458563         
   5532   181       73.0000   366                     53.0000  2474737         
   5603   239       72.0000   446                     53.0000  2487426         
   5628   279       54.0000   668                     53.0000  2507629         
   5657   300       72.0000   405                     53.0000  2533902         
   5701   323       72.0000   463                     53.0000  2565168         
   5735   352       72.0000   455                     53.0000  2578315         
Elapsed time = 219.95 sec. (113029.18 ticks, tree = 3.35 MB, solutions = 0)
   5748   364       72.0000   617                     53.0000  2590653         
   5769   380       65.0000   566                     53.0000  2625677         
   5788   393       53.0000   670                     53.0000  2649441         
   5800   397       73.0000   547                     53.0000  2660444         
   5815   408       74.0000   465                     53.0000  2687915         
   5838   431       74.0000   524                     53.0000  2731644         
   5867   448       68.0000   437                     53.0000  2753113         
   5893   451       72.0000   438                     53.0000  2756393         
   5916   453       72.0000   695                     53.0000  2762187         
   5991   529       55.0000   681                     53.0000  2845717         
Elapsed time = 245.02 sec. (125937.34 ticks, tree = 5.83 MB, solutions = 0)
   6059   553       53.0000   780                     53.0000  2896216         
   6123   625    infeasible                           53.0000  3037288         
   6188   664       73.0000   531                     53.0000  3109092         
   6223   673    infeasible                           53.0000  3148458         
   6258   710       72.0000   693                     53.0000  3240038         
   6295   743       75.0000   498                     53.0000  3325904         
   6332   750       72.0000   682                     53.0000  3353176         
   6377   768       56.7647   823                     53.0000  3477838         
   6448   813       54.0000   833                     53.0000  3582964         
   6500   861       73.0000   628                     53.0000  3658201         
Elapsed time = 315.50 sec. (164816.95 ticks, tree = 11.49 MB, solutions = 0)
   6536   874       75.0000   651                     53.0000  3703834         
   6579   906       72.0000   632                     53.0000  3772396         
   6612   958       74.0000   430                     53.0000  3878919         
   6653   994       74.0000   449                     53.0000  3982176         
   6688  1006       73.0000   496                     53.0000  4021911         
   6731  1036       75.0000   488                     53.0000  4125398         
   6794  1089       75.0000   456                     53.0000  4237983         
   6862  1117       57.1562   874                     53.0000  4343052         
   6912  1120    infeasible                           53.0000  4353548         
   6985  1207       73.0000   726                     53.0000  4504565         
Elapsed time = 388.09 sec. (203956.06 ticks, tree = 19.92 MB, solutions = 0)
   7026  1280       72.0000   681                     53.0000  4620358         
   7085  1289       72.0000   767                     53.0000  4658295         
   7132  1354    infeasible                           53.0000  4793997         
   7167  1371       72.0000   784                     53.0000  4871619         
   7222  1407       73.0000   455                     53.0000  4978957         
   7247  1416       72.0000   638                     53.0000  5034699         
   7281  1415       72.0000   735                     53.0000  5026176         
   7330  1446       72.0000   579                     53.0000  5141251         
   7356  1484       56.0000   857                     53.0000  5224757         
   7404  1531       57.0000   989                     53.0000  5365671         
Elapsed time = 458.25 sec. (243062.94 ticks, tree = 26.33 MB, solutions = 0)
   7435  1512       73.0000   666                     53.0000  5325520         
   7468  1574       73.0000   561                     53.0000  5473174         
   7499  1566       73.0000   630                     53.0000  5453884         
   7530  1641       75.0000   459                     53.0000  5649532         
   7560  1626       75.0000   489                     53.0000  5635510         
   7589  1663       75.0000   475                     53.0000  5779552         
   7616  1697       73.0000   738                     53.0000  5877379         
   7641  1719       72.0000   683                     53.0000  5990470         
   7677  1727       72.0000   679                     53.0000  6027755         
   7723  1740       73.0000   476                     53.0000  6065439         
Elapsed time = 527.70 sec. (282796.27 ticks, tree = 30.58 MB, solutions = 0)
   7760  1765       72.0000   655                     53.0000  6200505         
   7796  1811    infeasible                           53.0000  6344767         
   7834  1817    infeasible                           53.0000  6357791         
   7863  1839       72.0000   753                     53.0000  6435167         
   7893  1898       73.0000   630                     53.0000  6627030         
   7948  1909       74.0000   413                     53.0000  6643832         
   8003  1919       73.0000   601                     53.0000  6693747         
   8038  1915       72.0000   671                     53.0000  6730268         
   8069  1926       72.0000   707                     53.0000  6770514         
   8099  2028       73.0000   649                     53.0000  6975067         
Elapsed time = 598.97 sec. (322073.56 ticks, tree = 37.14 MB, solutions = 0)
   8122  2064       73.0000   650                     53.0000  7147756         
   8152  2064       57.0000   895                     53.0000  7166651         
   8183  2098       73.0000   466                     53.0000  7279375         
   8218  2102       72.0000   707                     53.0000  7313370         
   8246  2113       74.0000   712                     53.0000  7391044         
   8265  2117       74.0000   699                     53.2878  7402516         
   8290  2130       72.0000   769                     53.2878  7450097         
   8317  2182       73.0000   630                     53.4000  7626565         
   8344  2187       73.0000   527                     53.4000  7639371         
   8377  2198       70.0000   792                     53.4000  7694942         
Elapsed time = 668.08 sec. (361506.49 ticks, tree = 42.22 MB, solutions = 0)
   8409  2248       74.0000   727                     53.4000  7930539         
   8437  2263       72.0000   489                     53.4000  7988586         
   8474  2254       72.0000   736                     53.4000  7947543         
   8507  2313       72.0000   665                     53.4000  8162214         
   8557  2339       72.0000   706                     53.4000  8242715         
   8588  2347       72.0000   459                     53.6194  8254152         
   8628  2360       72.0000   439                     53.6322  8265983         
   8662  2414    infeasible                           53.6322  8474182         
   8682  2441       72.0000   718                     54.0000  8511257         
   8703  2467    infeasible                           54.0000  8656637         
Elapsed time = 737.54 sec. (400860.23 ticks, tree = 50.37 MB, solutions = 0)
   8726  2466       68.0000   720                     54.0000  8634947         
   8753  2499       74.0000   636                     54.0000  8811735         
   8780  2511       73.0000   671                     54.0000  8848265         
   8816  2535       73.0000   677                     54.0000  8962167         
   8840  2524       72.0000   726                     54.0000  8943208         
   8864  2562       74.0000   479                     54.0000  9071374         
   8895  2571       74.0000   525                     54.0000  9083600         
   8925  2579       73.0000   739                     54.0000  9172845         
   8951  2598       74.0000   651                     54.0000  9266037         
   8988  2631    infeasible                           54.0000  9383434         
Elapsed time = 805.38 sec. (439670.95 ticks, tree = 54.09 MB, solutions = 0)
   9031  2672       75.0000   561                     54.0000  9515096         
   9061  2683       74.0000   468                     54.0000  9555388         
   9097  2694       74.0000   443                     54.0000  9568859         
   9139  2714       72.0000   733                     54.0000  9693165         
   9171  2769       72.0000   734                     54.0000  9864700         
   9194  2724       72.0000   638                     54.0000  9741698         
   9232  2776       72.0000   698                     54.0000  9883545         
   9270  2809       73.0000   471                     54.0000  9972466         
   9321  2849    infeasible                           54.0000 10143881         
   9366  2849    infeasible                           54.0000 10180001         
Elapsed time = 877.31 sec. (478716.45 ticks, tree = 57.70 MB, solutions = 0)
   9394  2897    infeasible                           54.0000 10314789         
   9426  2924       75.0000   595                     54.0000 10398776         
   9464  2945       68.0000   845                     54.2629 10469736         
   9490  2947       72.0000   786                     54.2629 10480220         
   9526  3010       73.0000   745                     54.2629 10653954         
   9554  3005       75.0000   654                     54.2629 10631795         
   9587  3042       73.0000   614                     54.3384 10764358         
   9626  3034       73.0000   722                     54.3384 10728703         
   9656  3092       72.0000   611                     54.3384 10980645         
   9688  3100       72.0000   658                     54.3384 10989550         
Elapsed time = 945.34 sec. (517523.06 ticks, tree = 66.75 MB, solutions = 0)
   9720  3110       74.0000   588                     54.3384 11043061         
   9755  3154    infeasible                           55.0000 11237860         
   9798  3136       73.0000   759                     55.0000 11154791         
   9845  3241    infeasible                           55.0000 11495678         
   9878  3158       72.0000   789                     55.0000 11267630         
   9912  3240    infeasible                           55.0000 11478603         
   9938  3270       72.0000   599                     55.0000 11604802         
   9963  3284       72.0000   658                     55.0000 11700610         
   9993  3329       72.0000   689                     55.0000 11858801         
  10018  3332       72.0000   660                     55.0000 11868993         
Elapsed time = 1016.18 sec. (557011.77 ticks, tree = 74.28 MB, solutions = 0)
  10048  3365       72.0000   600                     55.0792 12072043         
  10080  3364       72.0000   595                     55.5190 11999545         
  10125  3404       74.0000   572                     55.5190 12237650         
  10180  3454       73.0000   446                     55.5312 12356265         
  10208  3454       69.0000   754                     55.5312 12367941         
  10241  3454    infeasible                           55.6036 12416721         
  10273  3467    infeasible                           55.6036 12456000         
  10296  3460       73.0000   677                     55.6036 12434659         
  10332  3504       72.0000   788                     55.6036 12577768         
  10365  3570       73.0000   600                     55.6036 12788465         
Elapsed time = 1086.76 sec. (595824.98 ticks, tree = 80.38 MB, solutions = 0)
  10392  3515       72.0000   710                     55.6036 12624181         
  10427  3580    infeasible                           55.6150 12814616         
  10460  3588       73.0000   535                     56.0000 12829677         
  10494  3604       73.0000   440                     56.0000 12904355         
  10538  3609       72.0000   801                     56.0000 12965513         
  10571  3705       75.0000   424                     56.0000 13248765         
  10608  3710       75.0000   481                     56.0000 13270832         
  10645  3715       72.0000   685                     56.0000 13279368         
  10684  3768       74.0000   536                     56.0000 13448094         
  10725  3782       74.0000   438                     56.0000 13462160         
Elapsed time = 1157.03 sec. (634780.64 ticks, tree = 87.67 MB, solutions = 0)
  10785  3782       56.9962   999                     56.0000 13649868         
  10804  3832       56.0000   939                     56.0000 13772298         
  10847  3832       73.0000   552                     56.0000 13754875         
  10893  3817    infeasible                           56.0000 13740030         
  10943  3843       72.0000   697                     56.0000 13801298         
  10983  3867       75.0000   456                     56.0000 13869710         
  11031  3908       72.0000   597                     56.0000 13941781         
  11068  3947       72.0000   809                     56.0000 14090128         
  11096  4055       72.0000   473                     56.0000 14300223         
  11131  4091    infeasible                           56.0000 14353178         
Elapsed time = 1227.91 sec. (674341.04 ticks, tree = 98.75 MB, solutions = 0)
  11162  4117       75.0000   607                     56.0000 14460018         
  11213  4158       73.0000   401                     56.0000 14540245         
  11232  4194    infeasible                           56.0000 14715813         
  11263  4129       73.0000   770                     56.0000 14512355         
  11282  4182       73.0000   840                     56.0000 14686546         
  11308  4169       72.0000   737                     56.0000 14664712         
  11340  4243       75.0000   635                     56.0000 14890914         
  11371  4216       72.0000   739                     56.0000 14817381         
  11395  4309       75.0000   827                     56.0000 15189427         
  11416  4311       75.0000   743                     56.0000 15201938         
Elapsed time = 1295.27 sec. (713130.74 ticks, tree = 106.89 MB, solutions = 0)
  11433  4306       72.0000   780                     56.0000 15130360         
  11455  4336    infeasible                           56.0000 15305206         
  11476  4360       73.0000   688                     56.0000 15394215         
  11497  4339       73.0000   719                     56.0000 15320287         
  11525  4372       73.0000   740                     56.0212 15490816         
  11552  4393       72.0000   788                     56.0358 15625556         
  11583  4409       56.4775   951                     56.0358 15723016         
  11608  4414    infeasible                           56.0358 15704897         
  11643  4460       75.0000   564                     56.0358 15865378         
  11681  4428       74.0000   466                     56.0909 15741782         
Elapsed time = 1366.99 sec. (753159.48 ticks, tree = 110.19 MB, solutions = 0)
  11737  4474       75.0000   526                     56.0909 15892548         
  11801  4530    infeasible                           56.0909 16262489         
  11826  4497       72.0000   762                     56.1176 16052866         
  11851  4585       74.0000   776                     56.1176 16437156         
  11876  4559       73.0000   662                     56.1176 16192942         
  11913  4622       75.0000   520                     56.3780 16517979         
  11950  4578    infeasible                           56.3780 16413826         
  11977  4599       74.0000   591                     56.3780 16481945         
  12013  4708       73.0000   531                     56.3780 16775203         
  12044  4673    infeasible                           56.4079 16642191         
Elapsed time = 1437.74 sec. (792036.07 ticks, tree = 118.50 MB, solutions = 0)
  12060  4703       75.0000   710                     56.4079 16747332         
  12082  4714       73.0000   728                     56.4079 16804312         
  12109  4738       73.0000   840                     56.4079 16900430         
  12129  4766       72.0000   703                     56.4775 17015119         
  12153  4787       72.0000   713                     56.9962 17066313         
  12176  4840       73.0000   745                     56.9962 17344825         
  12204  4830       72.0000   732                     56.9962 17313622         
  12236  4840       75.0000   521                     56.9962 17299933         
  12260  4884       73.0000   716                     56.9962 17603873         
  12283  4915       74.0000   616                     56.9962 17728335         
Elapsed time = 1507.35 sec. (831673.08 ticks, tree = 126.70 MB, solutions = 0)
  12314  4920       74.0000   570                     57.0000 17741609         
  12351  4932       74.0000   505                     57.0000 17755062         
  12381  4954       75.0000   608                     57.0000 17887738         
  12414  4932       73.0000   674                     57.0000 17810550         
  12445  4956       74.0000   830                     57.0000 17908737         
  12471  4969       73.0000   798                     57.0000 17972764         
  12503  4978       73.0000   697                     57.0000 18065754         
  12527  4983       73.0000   641                     57.0000 18076753         
  12553  4997       73.0000   591                     57.0000 18147146         
  12587  5031       75.0000   714                     57.0000 18251949         
Elapsed time = 1576.85 sec. (870999.37 ticks, tree = 130.09 MB, solutions = 0)
  12622  5035       75.0000   658                     57.0000 18262458         
  12649  5149       75.0000   594                     57.0000 18707511         
  12679  5126       68.0000   791                     57.0000 18617557         
  12706  5158       72.0000   782                     57.0000 18765898         
  12728  5120       72.0000   778                     57.0000 18569134         
  12751  5216       72.0000   731                     57.1562 19073341         
  12769  5165       73.0000   737                     57.1562 18794420         
  12796  5235       72.0000   743                     57.1562 19144239         
  12827  5201       73.0000   780                     57.1562 19043415         
  12857  5201       73.0000   800                     57.1562 19005347         
Elapsed time = 1647.80 sec. (910509.18 ticks, tree = 136.97 MB, solutions = 0)
  12889  5240       73.0000   809                     57.1562 19134679         
  12905  5289    infeasible                           57.1562 19463465         
  12928  5300       73.0000   707                     57.1562 19524396         
  12951  5357       73.0000   718                     57.1562 19703055         
  12969  5308       73.0000   633                     57.1562 19545919         
  12999  5368       74.0000   725                     58.0849 19765128         
  13035  5330       74.0000   557                     58.0986 19571015         
  13068  5391       72.0000   744                     58.5070 19946716         
  13096  5444    infeasible                           58.5070 20034766         
  13147  5408       75.0000   350                     58.5070 19871837         
Elapsed time = 1718.77 sec. (949732.67 ticks, tree = 144.51 MB, solutions = 0)
  13185  5455       73.0000   873                     58.5070 20196985         
  13207  5409       72.0000   679                     58.6034 19985737         
  13231  5414       72.0000   624                     58.6034 19996868         
  13267  5540       73.0000   464                     58.6034 20452606         
  13304  5555       75.0000   479                     59.0000 20465334         
  13333  5579       71.0000   835                     59.0000 20614593         
  13356  5582       72.0000   793                     59.0000 20623957         
  13377  5604       73.0000   634                     59.0000 20793654         
  13402  5587       75.0000   741                     59.0000 20636728         
  13436  5667       73.5000   796                     59.0000 20987843         
Elapsed time = 1789.93 sec. (989128.88 ticks, tree = 153.06 MB, solutions = 0)
  13475  5612       60.0000   873                     59.0000 20832411         

GUB cover cuts applied:  1445
Clique cuts applied:  1
Cover cuts applied:  245
Implied bound cuts applied:  493
Flow cuts applied:  13
Mixed integer rounding cuts applied:  627
Zero-half cuts applied:  44
Gomory fractional cuts applied:  31

Root node processing (before b&c):
  Real time             =    2.76 sec. (1313.45 ticks)
Parallel b&c, 8 threads:
  Real time             = 1797.25 sec. (995150.03 ticks)
  Sync time (average)   =  150.99 sec.
  Wait time (average)   =    0.04 sec.
                          ------------
Total (root+branch&cut) = 1800.01 sec. (996463.48 ticks)
! --------------------------------------------------------
! Problem is UNKNOWN
! CPLEX Status = AbortTimeLim
! --------------------------------------------------------
