! Solving for graph /home/truongxuanhieu/CPLEX-MIP-for-MinSpanLabeling/benchmarks/cabp/S-sherman4.mtx.rnd
! Target value is set to 193
! Lower bound is set to 194
! Upper bound is set to 409
! Time limit is set to 1800
! Vertices mode is set to No hole
! Target value mode is set to Cyclic Antibandwidth
Version identifier: 22.2.0.0 | 2026-05-04 | 5dff98e58
CPXPARAM_TimeLimit                               1800
Tried aggregator 2 times.
MIP Presolve eliminated 1345 rows and 1299 columns.
MIP Presolve modified 446605 coefficients.
Aggregator did 4317 substitutions.
Reduced MIP has 9842 rows, 230111 columns, and 691146 nonzeros.
Reduced MIP has 224996 binaries, 1888 generals, 0 SOSs, and 3227 indicators.
Presolve time = 1.24 sec. (1267.17 ticks)
Probing time = 1.96 sec. (458.28 ticks)
Tried aggregator 1 time.
Detecting symmetries...
Reduced MIP has 9842 rows, 230111 columns, and 691146 nonzeros.
Reduced MIP has 224996 binaries, 2433 generals, 0 SOSs, and 3227 indicators.
Presolve time = 1.02 sec. (440.29 ticks)
Probing time = 0.23 sec. (54.67 ticks)
Clique table members: 91513.
MIP emphasis: balance optimality and feasibility.
MIP search method: dynamic search.
Parallel mode: deterministic, using up to 8 threads.
Root relaxation solution time = 9.86 sec. (5661.27 ticks)

        Nodes                                         Cuts/
   Node  Left     Objective  IInf  Best Integer    Best Bound    ItCnt     Gap

      0     0      386.0000  2526                    386.0000       12         
      0     0      386.0000  2294                  Cuts: 1445     5268         
      0     0      386.0000  2594                  Cuts: 2460    13261         
      0     0      386.0000  2575                   Cuts: 535    19253         
      0     0      386.0000  2607                   Cuts: 968    28550         
Heuristic still looking.
Heuristic still looking.
Detecting symmetries...
      0     2      386.0000  2298                    386.0000    28550         
Elapsed time = 437.40 sec. (369523.47 ticks, tree = 0.02 MB, solutions = 0)
      1     3      386.0000  2058                    386.0000    34335         
      2     4      386.0000  2394                    386.0000    34474         
      3     5      386.0000  2428                    386.0000    34584         
      4     6      386.0000  2446                    386.0000    34697         
      5     7      386.0000  2493                    386.0000    34777         
      6     6      386.0000  2516                    386.0000    34739         
      7     9      386.0000  2230                    386.0000    38988         
      9    10      386.0000  2253                    386.0000    39192         
     10     7      386.0000  2185                    386.0000    45462         
     11     8      386.0000  2085                    386.0000    38442         
Elapsed time = 512.31 sec. (423928.59 ticks, tree = 0.02 MB, solutions = 0)
     13    12      386.0000  2182                    386.0000    47085         
     16    11      386.0000  2068                    386.0000    48174         
     17    13      386.0000  2076                    386.0000    58246         
     18     9      386.0000  2302                    386.0000    38445         
     19    15      386.0000  2381                    386.0000    65213         
     20    15      386.0000  2483                    386.0000    76311         
     22    19      386.0000  2106                    386.0000    81829         
     23    20      386.0000  2391                    386.0000    85037         
     25    16      386.0000  2286                    386.0000    77850         
     26    18      386.0000  2146                    386.0000    82523         
Elapsed time = 573.19 sec. (457954.64 ticks, tree = 0.65 MB, solutions = 0)
     27    23      386.0000  2560                    386.0000    99239         
     28    25      386.0000  2164                    386.0000   107970         
     30    22      386.0000  2121                    386.0000    93411         
     31    24      386.0000  2260                    386.0000   106995         
     32    27      386.0000  2506                    386.0000   111424         
     33    27      386.0000  2181                    386.0000   129749         
     34    30      386.0000  2297                    386.0000   146911         
     35    28      386.0000  2061                    386.0000   137200         
     37    26      386.0000  2137                    386.0000   110820         
     38    24      386.0000  2101                    386.0000   102422         
Elapsed time = 618.55 sec. (486054.49 ticks, tree = 1.42 MB, solutions = 0)
     39    33    infeasible                          386.0000   157892         
     40    36    infeasible                          386.0000   164973         
     41    31      386.0000  2300                    386.0000   154023         
     42    34    infeasible                          386.0000   164447         
     43    33      386.0000  2272                    386.0000   157935         
     44    31      387.0000  2235                    386.0000   159515         
     45    32    infeasible                          386.0000   161370         
     48    40      387.0000  2403                    386.0000   176659         
     50    32    infeasible                          386.0000   170326         
     51    37    infeasible                          386.0000   202992         
Elapsed time = 731.97 sec. (535948.76 ticks, tree = 1.95 MB, solutions = 0)
     52    38    infeasible                          386.0000   206499         
     53    41      386.0000  2657                    386.0000   192535         
     55    42      386.0000  2444                    386.0000   204520         
     57    40      386.0000  2086                    386.0000   219138         
     58    36    infeasible                          386.0000   236976         
     59    39      399.0000  2066                    386.0000   224064         
     60    34    infeasible                          386.0000   250622         
     61    34    infeasible                          386.0000   288873         
     63    33    infeasible                          386.0000   288898         
     64    36      386.0000  2056                    386.0000   278572         
Elapsed time = 870.89 sec. (594900.99 ticks, tree = 2.13 MB, solutions = 0)
     66    37      387.0000  2394                    386.0000   247983         
     67    36      386.0000  2062                    386.0000   303668         
     69    35      386.0000  2188                    386.0000   259538         
     70    39      386.0000  2079                    386.0000   352867         
     71    40      386.0000  2257                    386.0000   353271         
     72    37      386.0000  2133                    386.0000   321650         
     75    35      386.0000  2335                    386.0000   294643         
     77    35      386.0000  2447                    386.0000   307747         
     78    41      386.0000  2088                    386.0000   357698         
     79    40      386.0000  2229                    386.0000   382715         
Elapsed time = 960.91 sec. (641964.60 ticks, tree = 2.01 MB, solutions = 0)
     80    40      386.0000  2271                    386.0000   414089         
     81    38      387.0000  2329                    386.0000   332733         
     82    41      386.0000  2220                    386.0000   374867         
     85    42      386.0000  2243                    386.0000   432052         
     90    44      386.0000  2141                    386.0000   442411         
     91    41      393.2324  2970                    386.0000   416823         
     93    43      386.0000  2396                    386.0000   417065         
     94    43      386.0000  2125                    386.0000   390928         
     95    45      386.0000  2419                    386.0000   446243         
     96    51      386.0000  2382                    386.0000   465739         
Elapsed time = 996.91 sec. (665626.86 ticks, tree = 3.08 MB, solutions = 0)
     98    53      386.0000  2581                    386.0000   466202         
    100    45      387.0000  2177                    386.0000   450021         
    104    49      386.0000  2096                    386.0000   458849         
    106    62      386.0000  2234                    386.0000   501911         
    107    59      386.0000  2221                    386.0000   489253         
    109    60      386.0000  2206                    386.0000   491200         
    111    47      387.0000  2301                    386.0000   455302         
    112    50      386.0000  2160                    386.0000   464275         
    116    56      386.0000  2021                    386.0000   472509         
    120    58      386.0000  2040                    386.0000   473121         
Elapsed time = 1038.62 sec. (688652.49 ticks, tree = 4.50 MB, solutions = 0)
    122    39      386.0000  2171                    386.0000   366760         
    125    59      386.0000  2023                    386.0000   473410         
    128    68      387.0000  2361                    386.0000   516514         
    133    62      386.0000  2177                    386.0000   494972         
    141    66      386.0000  2480                    386.0000   474287         
    146    72      387.0000  2057                    386.0000   517773         
    149    75      387.0000  2012                    386.0000   518287         
    150    64      386.0000  2092                    386.0000   510326         
    151    76      387.0000  2041                    386.0000   519685         
    153    56      386.0000  2048                    386.0000   470772         
Elapsed time = 1063.37 sec. (702853.62 ticks, tree = 4.32 MB, solutions = 0)
    155    64      386.0000  2285                    386.0000   502471         
    156    77      387.0000  2030                    386.0000   523906         
    159    65      386.0000  2690                    386.0000   514467         
    162    54      386.0000  2165                    386.0000   489164         
    163    55      386.0000  2418                    386.0000   489396         
    166    70      386.0000  2164                    386.0000   534050         
    172    57      387.0000  2336                    386.0000   479357         
    176    73      386.0000  2193                    386.0000   534726         
    177    74      386.0000  2178                    386.0000   535082         
    188    73      386.0000  2128                    386.0000   542756         
Elapsed time = 1109.38 sec. (726389.34 ticks, tree = 5.57 MB, solutions = 0)
    191    69      386.0000  1985                    386.0000   474490         
    198    79      386.0000  2118                    386.0000   551378         
    207    81      386.0000  2127                    386.0000   552845         
    218   120      386.0000  2000                    386.0000   616229         
    225   100      386.0000  2077                    386.0000   611992         
    233   104      386.0000  2095                    386.0000   613340         
    242   123      386.0000  2018                    386.0000   621773         
    248    87      387.0000  2067                    386.0000   587684         
    251   173    infeasible                          386.0000   672234         
    254   207    infeasible                          386.0000   729599         
Elapsed time = 1229.74 sec. (773802.47 ticks, tree = 18.71 MB, solutions = 0)
    256   206    infeasible                          386.0000   729877         
    258   126    infeasible                          386.0000   639651         
    262   144      386.0000  2139                    386.0000   656484         
    263   203    infeasible                          386.0000   743917         
    266   207      386.0000  2439                    386.0000   757875         
    270   198    infeasible                          386.0000   782618         
    272   201    infeasible                          386.0000   746827         
    274   196    infeasible                          386.0000   789825         
    277   207      386.0000  2105                    386.0000   782990         
    278   208      387.0000  2357                    386.0000   768224         
Elapsed time = 1400.21 sec. (839958.09 ticks, tree = 17.96 MB, solutions = 0)
    280   197      386.0000  2103                    386.0000   797144         
    283   199      387.0000  2539                    386.0000   824080         
    288   203      386.0000  2044                    386.0000   885568         
    291   202      386.0000  2294                    386.0000   784222         
    298   209      386.0000  2012                    386.0000   891375         
    303   213      386.0000  1993                    386.0000   893353         
    311   201      387.0000  2027                    386.0000   858806         
    321   207      386.0000  2179                    386.0000   918525         
    326   211      386.0000  2088                    386.0000   921728         
    338   200      386.0000  2453                    386.0000   906893         
Elapsed time = 1530.49 sec. (897790.85 ticks, tree = 17.27 MB, solutions = 0)
    344   215      387.0000  2137                    386.0000   928536         
    348   233      386.0000  2000                    386.0000   993393         
    358   202      386.0000  2197                    386.0000   912873         
    362   204      387.0000  2048                    386.0000   969907         
    367   237      387.0000  2392                    386.0000  1023782         
    369   205      387.0000  2068                    386.0000   974831         
    375   237      386.0000  2006                    386.0000   994974         
    378   239      386.0000  2149                    386.0000   997969         
    388   245      386.0000  1976                    386.0000   999946         
    396   252      386.0000  1969                    386.0000  1001875         
Elapsed time = 1607.94 sec. (945901.02 ticks, tree = 26.71 MB, solutions = 0)
    404   257      387.0000  1992                    386.0000  1005135         
    411   209      387.0000  2112                    386.0000   988252         
    427   266      387.0000  1978                    386.0000  1009842         
    444   252      386.0000  2118                    386.0000  1109614         
    454   245      387.0000  1980                    386.0000  1041878         
    461   248      387.0000  2200                    386.0000  1107543         
    469   314      387.0000  2366                    386.0000  1171954         
    473   250      387.0000  2088                    386.0000  1104400         
    483   329      387.0000  1979                    386.0000  1198395         
    497   332      387.0000  1975                    386.0000  1200047         
Elapsed time = 1688.46 sec. (990453.42 ticks, tree = 36.20 MB, solutions = 0)
    504   284      387.0000  2090                    386.0000  1145924         
    513   288      387.0000  1991                    386.0000  1148903         
    520   287      386.0000  2029                    386.0000  1163868         
    532   252      387.0000  2062                    386.0000  1120408         
    536   323      386.0000  2289                    386.0000  1193673         
    544   324      387.0000  2002                    386.0000  1195280         
    554   332      387.0000  2046                    386.0000  1197334         
    564   344      387.0000  2005                    386.0000  1246523         
    571   345    infeasible                          386.0000  1266480         
    576   337      387.0000  2256                    386.0000  1206576         
Elapsed time = 1782.23 sec. (1036310.47 ticks, tree = 37.36 MB, solutions = 0)
    583   349      387.0000  1997                    386.0000  1252975         
    590   291      386.0000  2024                    386.0000  1168017         

Cover cuts applied:  251
Implied bound cuts applied:  2766
Mixed integer rounding cuts applied:  219
Zero-half cuts applied:  93
Gomory fractional cuts applied:  7

Root node processing (before b&c):
  Real time             =  430.32 sec. (365545.26 ticks)
Parallel b&c, 8 threads:
  Real time             = 1369.87 sec. (700470.61 ticks)
  Sync time (average)   =  229.87 sec.
  Wait time (average)   =    0.00 sec.
                          ------------
Total (root+branch&cut) = 1800.19 sec. (1066015.87 ticks)
! --------------------------------------------------------
! Problem is UNKNOWN
! CPLEX Status = AbortTimeLim
! --------------------------------------------------------
