! Solving for graph /home/truongxuanhieu/CPLEX-MIP-for-MinSpanLabeling/benchmarks/cabp/X-can__715.mtx.rnd
! Target value is set to 75
! Lower bound is set to 76
! Upper bound is set to 536
! Time limit is set to 1800
! Vertices mode is set to No hole
! Target value mode is set to Cyclic Antibandwidth
Version identifier: 22.2.0.0 | 2026-05-04 | 5dff98e58
CPXPARAM_TimeLimit                               1800
Tried aggregator 2 times.
MIP Presolve eliminated 2977 rows and 1698 columns.
MIP Presolve modified 766094 coefficients.
Aggregator did 8095 substitutions.
Reduced MIP has 18987 rows, 397018 columns, and 1193697 nonzeros.
Reduced MIP has 386662 binaries, 3691 generals, 0 SOSs, and 6665 indicators.
Presolve time = 2.70 sec. (2856.45 ticks)
Probing time = 2.03 sec. (708.58 ticks)
Tried aggregator 2 times.
Detecting symmetries...
Aggregator did 3 substitutions.
Reduced MIP has 18984 rows, 397015 columns, and 1193694 nonzeros.
Reduced MIP has 386662 binaries, 4403 generals, 0 SOSs, and 6665 indicators.
Presolve time = 2.71 sec. (945.55 ticks)
Probing time = 0.47 sec. (94.01 ticks)
Clique table members: 120962.
MIP emphasis: balance optimality and feasibility.
MIP search method: dynamic search.
Parallel mode: deterministic, using up to 8 threads.
Root relaxation solution time = 2.47 sec. (953.84 ticks)

        Nodes                                         Cuts/
   Node  Left     Objective  IInf  Best Integer    Best Bound    ItCnt     Gap

      0     0      150.0000  2205                    150.0000     3841         
      0     0      150.0000  4552                  Cuts: 4846     6880         
      0     0      150.0000  4527                  Cuts: 4846     7632         
      0     0      150.0000  5113                  Cuts: 3781    11062         
      0     2      150.0000  5113                    150.0000    11062         
Elapsed time = 117.35 sec. (91465.50 ticks, tree = 0.02 MB, solutions = 0)
      2     4      150.0000  4998                    150.0000    11472         
      6     8      150.0000  4644                    150.0000    11642         
     11    12      150.0000  5222                    150.0000    12168         
     15    17      150.0000  5054                    150.0000    12474         
     25    20      150.0000  4996                    150.0000    12817         
     30     4      150.0000  4749                    150.0000    13354         
     37    33      150.0000  4256                    150.0000    18735         
     48    38      150.0000  4761                    150.0000    20976         
     53    49      150.0000  4641                    150.0000    24728         
     70    65      150.0000  4003                    150.0000    30654         
Elapsed time = 125.26 sec. (95089.78 ticks, tree = 7.79 MB, solutions = 0)
    105    90      150.0000  4325                    150.0000    32106         
    204   111      150.0000  3687                    150.0000    32866         
    262   217      204.0000  4062                    150.0000    37315         
    270   262      204.0000  4017                    150.0000    41804         
    271   256      300.0000  3928                    150.0000    42242         
    282   278      189.0000  4106                    150.0000    55380         
    316   267      254.0000  4205                    150.0000    50544         
    393   304      204.0000  4084                    150.0000    62249         
    459   393      225.0000  3545                    150.0000    79325         
    525   420      264.0000  3315                    150.0000    82838         
Elapsed time = 159.32 sec. (108084.12 ticks, tree = 94.77 MB, solutions = 0)
    570   461      204.0000  3756                    150.0000    88884         
    630   544      264.0000  3329                    150.0000    98125         
    676   595      226.0000  3482                    150.0000   104200         
    722   622      300.0000  3359                    150.0000   105851         
    777   709      300.0000  3394                    150.0000   119126         
    819   723      300.0000  3303                    150.0000   119586         
    870   751      300.0000  3491                    150.0000   123684         
    932   800      300.0000  3424                    150.0000   127903         
    991   899      375.0000  3386                    150.0000   135424         
   1047   921      300.0000  3353                    150.0000   137488         
Elapsed time = 183.24 sec. (117763.96 ticks, tree = 250.17 MB, solutions = 0)
   1095   957      375.0000  3237                    150.0000   137683         
   1154   967      375.0000  3201                    150.0000   137930         
   1217  1126      300.0000  3190                    150.0000   151067         
   1290  1201      375.0000  3292                    150.0000   157991         
   1345  1204      376.0000  3258                    150.0000   158416         
   1399  1300      300.0000  3326                    150.0000   166233         
   1441  1253      226.0000  3468                    150.0000   164187         
   1488  1406      376.0000  3221                    150.0000   175944         
   1544  1428      375.0000  3226                    150.0000   178698         
   1582  1454      376.0000  3172                    150.0000   180151         
Elapsed time = 210.15 sec. (127426.53 ticks, tree = 427.70 MB, solutions = 0)
   1628  1487      375.0000  3173                    150.0000   184492         
   1682  1509      376.0000  3098                    150.0000   186393         
   1736  1602      375.0000  3080                    150.0000   192472         
   1772  1657      376.0000  3053                    150.0000   194598         
   1804  1695      376.0000  3044                    150.0000   198142         
   1817  1719      376.0000  3304                    150.0000   201980         
   1834  1703      451.0000  3076                    150.0000   200889         
   1890  1762      376.0000  2984                    150.0000   204559         
   1934  1779      451.0000  3011                    150.0000   205801         
   1977  1806      376.0000  3200                    150.0000   207778         
Elapsed time = 233.29 sec. (137133.95 ticks, tree = 545.47 MB, solutions = 0)
   2024  1914      376.0000  3166                    150.0000   214103         
   2070  1865      414.0000  3008                    150.0000   211984         
   2109  1957      376.0000  2938                    150.0000   217504         
   2139  2002      451.0000  2896                    150.0000   219125         
   2171  2035      450.0000  2916                    150.0000   222123         
   2212  2069      414.0000  2898                    150.0000   222210         
   2250  2079      414.0000  2889                    150.0000   222486         
   2288  2100      376.0000  3025                    150.0000   225535         
   2323  2154      414.0000  2865                    150.0000   228662         
   2362  2219      450.0000  2792                    150.0000   230458         
Elapsed time = 258.36 sec. (146807.22 ticks, tree = 684.37 MB, solutions = 0)
   2404  2271      451.0000  2801                    150.0000   233926         
   2441  2329      451.0000  2815                    150.0000   238296         
   2481  2336      451.0000  2806                    150.0000   238575         
   2518  2373      451.0000  2796                    150.0000   240910         
   2554  2410      451.0000  2716                    150.0000   243024         
   2586  2437      414.0000  2699                    150.0000   243909         
   2630  2445      414.0000  2738                    150.0000   244533         
   2659  2486      376.0000  2833                    150.0000   246106         
   2702  2579      376.0000  2802                    150.0000   249798         
   2743  2616      451.0000  2642                    150.0000   251218         
Elapsed time = 284.07 sec. (156551.87 ticks, tree = 817.08 MB, solutions = 0)
   2768  2668      376.0000  2732                    150.0000   253616         
   2798  2650      451.0000  2601                    150.0000   253034         
   2828  2701      451.0000  2539                    150.0000   254547         
   2853  2749      451.0000  2529                    150.0000   256755         
   2872  2756      451.0000  2508                    150.0000   257206         
   2908  2784      376.0000  2709                    150.0000   259660         
   2945  2799      451.0000  2530                    150.0000   260222         
   2967  2847      376.0000  2662                    150.0000   261945         
   2983  2856      376.0000  2649                    150.0000   262123         
   2998  2870      451.0000  2503                    150.0000   262795         
Elapsed time = 308.32 sec. (166349.32 ticks, tree = 902.26 MB, solutions = 0)
   3020  2893      376.0000  2632                    150.0000   263848         
   3040  2905      376.0000  2613                    150.0000   264217         
   3047  2912      376.0000  2601                    150.0000   264389         
   3055  2948      376.0000  2568                    150.0000   265313         
   3068  2961      451.0000  2478                    150.0000   265430         
   3077  2983      451.0000  2688                    150.0000   267778         
   3084  2988      451.0000  2669                    150.0000   268815         
   3097  3000      451.0000  2712                    150.0000   271122         
   3106  3008      451.0000  2618                    150.0000   271312         
   3121  3016      451.0000  2590                    150.0000   271587         
Elapsed time = 334.70 sec. (177409.92 ticks, tree = 951.65 MB, solutions = 0)
   3137  3036      451.0000  2592                    150.0000   273828         
   3152  3028      451.0000  2390                    150.0000   273665         
   3166  3054      451.0000  2362                    150.0000   274648         
   3179  3076      451.0000  2573                    150.0000   276073         
   3196  3085      451.0000  2543                    150.0000   276318         
   3210  3099      451.0000  2326                    150.0000   276947         
   3222  3107      225.0000  3966                    150.0000   280629         
   3234  3112      225.0000  4380                    150.0000   283411         
   3246  3135      225.0000  4154                    150.0000   286534         
   3303  3184      264.0000  3437                    150.0000   317068         
Elapsed time = 363.06 sec. (190256.72 ticks, tree = 1007.47 MB, solutions = 0)
   3392  3271      264.0000  3256                    150.0000   345253         
   3521  3323      451.0000  2809                    150.0000   348605         
   3598  3414      451.0000  2982                    150.0000   352976         
   3672  3489      451.0000  2984                    150.0000   388176         
   3794  3597      301.0000  3429                    150.0000   399977         
   3905  3684      451.0000  2886                    150.0000   416923         
   3957  3799      414.0000  2395                    150.0000   422049         
   3988  3854      414.0000  2347                    150.0000   424505         
   4038  3896      301.0000  3279                    150.0000   444534         
   4153  3966      301.0000  3108                    150.0000   447999         
Elapsed time = 454.47 sec. (228675.63 ticks, tree = 1265.91 MB, solutions = 0)
   4249  4019      414.0000  2196                    150.0000   450872         
   4287  4081    infeasible                          150.0000   452859         
   4368  4226      301.0000  2913                    150.0000   457286         
   4483  4292      225.0000  3739                    150.0000   465240         
   4607  4414      226.0000  3513                    150.0000   471473         
   4709  4449      451.0000  2415                    150.0000   472389         
   4804  4663      451.0000  2505                    150.0000   482117         
   4887  4673      226.0000  3208                    150.0000   481681         
   4897  3379      526.0000  3300                    150.0000   375877         
   4900  3827      526.0000  3880                    150.0000   468028         
Elapsed time = 593.87 sec. (291504.67 ticks, tree = 1219.23 MB, solutions = 0)
   4901  4473      526.0000  4225                    150.0000   501243         

Performing restart 1

Repeating presolve.
Tried aggregator 1 time.
Reduced MIP has 18984 rows, 397015 columns, and 1193694 nonzeros.
Reduced MIP has 386662 binaries, 4403 generals, 0 SOSs, and 6665 indicators.
Presolve time = 1.04 sec. (487.80 ticks)
Tried aggregator 1 time.
Reduced MIP has 18984 rows, 397015 columns, and 1193694 nonzeros.
Reduced MIP has 386662 binaries, 4403 generals, 0 SOSs, and 6665 indicators.
Presolve time = 2.14 sec. (758.06 ticks)
Represolve time = 6.35 sec. (2418.81 ticks)
   4902     0      150.0000  5042                  Cuts: 4846   642764         
   4902     0      150.0000  5359                  Cuts: 4846   651895         
   4902     0      150.0000  5657                  Cuts: 4185   664439         
   4902     0      150.0000  5551                  Cuts: 4831   681809         
   4902     0      150.0000  5411                  Cuts: 3855   697656         
   4902     0      150.0000  5617                  Cuts: 4515   711788         
   4902     2      150.0000  4264                    150.0000   711788         
   4927    26      150.0000  3554                    150.0000   712987         
   5060    98      150.0000  3741                    150.0000   719022         
   5245   240      150.0000  3488                    150.0000   733012         
   5389   421      150.0000  3398                    150.0000   745344         
   5682   612      230.0000  3269                    150.0000   764213         
   5967   866      236.0000  3333                    150.0000   786394         
   6210  1090      235.0000  3170                    150.0000   795328         
   6514  1394      281.0000  3215                    150.0000   821074         
Elapsed time = 1561.63 sec. (1073122.27 ticks, tree = 366.01 MB, solutions = 0)
   6880  1588      300.0000  3303                    150.0000   833032         
   7148  1941      373.0000  3099                    150.0000   850416         
   7346  2090      346.0000  3370                    150.0000   862907         
   7537  2226      375.0000  2843                    150.0000   885087         
   7688  2406      226.0000  3336                    150.0000   914486         
   7863  2583      346.0000  3270                    150.0000   929678         
   8146  2751      346.0000  3160                    150.0000   938133         
   8325  3074      377.0000  3131                    150.0000   951459         
   8529  3211      399.0000  3406                    150.0000   965783         
   8709  3380      489.0000  2869                    150.0000   969490         
Elapsed time = 1661.46 sec. (1111434.05 ticks, tree = 983.19 MB, solutions = 0)
   8924  3498      347.0000  2989                    150.0000   976286         
   9101  3702      376.0000  3238                    150.0000   993409         
   9249  3837      450.0000  3058                    150.0000  1008045         
   9444  4012      346.0000  3441                    150.0000  1032498         
   9623  4208      376.0000  2769                    150.0000  1046399         
   9842  4409      375.0000  3205                    150.0000  1066032         
  10032  4644      302.0000  3512                    150.0000  1083477         
  10195  4758      375.0000  3158                    150.0000  1086470         
  10329  4839      450.0000  2930                    150.0000  1096348         
  10428  5026      450.0000  2887                    150.0000  1119163         
Elapsed time = 1760.40 sec. (1149710.51 ticks, tree = 1502.17 MB, solutions = 0)
  10574  5103      382.0000  3192                    150.0000  1137814         
  10668  5199      394.0000  3115                    150.0000  1147731         
  10762  5331      375.0000  3514                    150.0000  1179107         
  10914  5421      375.0000  3354                    150.0000  1198297         
  11071  5516      375.0000  3223                    150.0000  1221967         
  11078  2186      528.0000  3922                    150.0000   912797         

GUB cover cuts applied:  2
Cover cuts applied:  1277
Implied bound cuts applied:  3002
Flow cuts applied:  20
Mixed integer rounding cuts applied:  1476
Zero-half cuts applied:  43
Gomory fractional cuts applied:  6

Root node processing (before b&c):
  Real time             =  116.26 sec. (91209.54 ticks)
Parallel b&c, 8 threads:
  Real time             = 1684.59 sec. (1102665.32 ticks)
  Sync time (average)   =  164.00 sec.
  Wait time (average)   =    0.86 sec.
                          ------------
Total (root+branch&cut) = 1800.85 sec. (1193874.86 ticks)
! --------------------------------------------------------
! Problem is UNKNOWN
! CPLEX Status = AbortTimeLim
! --------------------------------------------------------
