! Solving for graph /home/truongxuanhieu/CPLEX-MIP-for-MinSpanLabeling/benchmarks/cabp/P-can__445.mtx.rnd
! Target value is set to 43
! Lower bound is set to 44
! Upper bound is set to 222
! Time limit is set to 1800
! Vertices mode is set to Has hole
! Target value mode is set to Cyclic Antibandwidth
Version identifier: 22.2.0.0 | 2026-05-04 | 5dff98e58
CPXPARAM_TimeLimit                               1800
Tried aggregator 2 times.
MIP Presolve eliminated 1683 rows and 1001 columns.
MIP Presolve modified 99124 coefficients.
Aggregator did 4699 substitutions.
Reduced MIP has 10637 rows, 106743 columns, and 223229 nonzeros.
Reduced MIP has 100806 binaries, 2128 generals, 0 SOSs, and 3809 indicators.
Presolve time = 0.41 sec. (538.05 ticks)
Probing time = 0.79 sec. (268.17 ticks)
Tried aggregator 1 time.
Detecting symmetries...
Reduced MIP has 10637 rows, 106743 columns, and 223229 nonzeros.
Reduced MIP has 100806 binaries, 2573 generals, 0 SOSs, and 3809 indicators.
Presolve time = 0.33 sec. (167.90 ticks)
Probing time = 0.11 sec. (30.41 ticks)
Clique table members: 75134.
MIP emphasis: balance optimality and feasibility.
MIP search method: dynamic search.
Parallel mode: deterministic, using up to 8 threads.
Root relaxation solution time = 0.46 sec. (243.32 ticks)

        Nodes                                         Cuts/
   Node  Left     Objective  IInf  Best Integer    Best Bound    ItCnt     Gap

      0     0       86.0000  1220                     86.0000     1725         
      0     0       86.0000  2710                  Cuts: 2759     3353         
      0     0       86.0000  1846                  Cuts: 2759     4447         
      0     0       86.0000  2114                  Cuts: 2759     6276         
Detecting symmetries...
      0     2       86.0000  2008                     86.0000     6276         
Elapsed time = 28.51 sec. (25597.08 ticks, tree = 0.02 MB, solutions = 0)
     10     3       86.0000  1997                     86.0000     6288         
     21    19       86.0000  2069                     86.0000     9187         
     46    41       86.0000  2073                     86.0000    17750         
     71    56       86.0000  2019                     86.0000    20683         
     81    53       87.0000  2894                     86.0000    24037         
     89    78      129.0000  2613                     86.0000    28912         
     93    87       86.0000  2122                     86.0000    29981         
    102    92      109.0000  1833                     86.0000    31319         
    110   100       87.0000  2098                     86.0000    33858         
    265   200       86.0000  2130                     86.0000    45406         
Elapsed time = 35.35 sec. (28843.11 ticks, tree = 14.52 MB, solutions = 0)
    406   301      130.0000  1846                     86.0000    50123         
    637   550      129.0000  1813                     86.0000    65799         
    870   721      130.0000  1761                     86.0000    75966         
   1054   890      215.0000  1688                     86.0000    80298         
   1335  1041      173.0000  1556                     86.0000    83853         
   1616  1423      173.0000  1746                     86.0000    91503         
   1893  1695      173.0000  1346                     86.0000    96587         
   2054  1890    infeasible                           86.0000   101583         
   2200  2031      173.0000  1628                     86.0000   106225         
   2470  2191      173.0000  1264                     86.0000   111106         
Elapsed time = 56.99 sec. (38566.96 ticks, tree = 277.96 MB, solutions = 0)
   2678  2489      173.0000  1196                     86.0000   117471         
   2955  2667      216.0000  1115                     86.0000   122611         
   3258  2889       86.0000  2339                     86.0000   129122         
   3575  3288      216.0000   973                     86.0000   136928         
   3859  3539      216.0000  1646                     86.0000   145813         
   4091  3747      172.0000  1730                     86.0000   151078         
   4348  3978      172.0000  1754                     86.0000   162136         
   4755  4425      173.0000  1311                     86.0000   174718         
   5103  4778      173.0000  1532                     86.0000   180454         
   5478  5107      173.0000  1394                     86.0000   186268         
Elapsed time = 75.08 sec. (48136.88 ticks, tree = 680.96 MB, solutions = 0)
   5743  5297      215.0000  1565                     86.0000   190033         
   5962  5659      173.0000  1425                     86.0000   193488         
   6366  6004      130.0000  1711                     86.0000   196981         
   6763  6139      173.0000  1070                     86.0000   197496         
   7119  6786      173.0000  1006                     86.0000   211907         
   7481  6894      173.0000  1183                     86.0000   213362         
   7922  7439      130.0000  1218                     86.0000   218326         
   8324  7828      173.0000  1495                     86.0000   227458         
   8617  7934      173.0000   908                     86.0000   227925         
   8703  8271      130.0000  1685                     86.0000   242407         
Elapsed time = 95.75 sec. (57810.94 ticks, tree = 1122.55 MB, solutions = 0)
   8924  8347      129.0000  1827                     86.0000   245102         
   9180  8557      173.0000  1571                     86.0000   248000         
   9509  9015      195.0000  1540                     86.0000   264105         
   9843  9136      131.0000  1747                     86.0000   269958         
  10224  9362      129.0000  2015                     86.0000   274021         
  10542  9931      130.0000  1709                     86.0000   291319         
  10915 10054      145.0000  1882                     86.0000   297782         
  11322 10529      129.0000  1734                     86.0000   308440         
  11699 10849      130.0000  1591                     86.0000   317795         
  12087 11105      130.0000  1546                     86.0000   321596         
Elapsed time = 112.99 sec. (67387.20 ticks, tree = 1519.09 MB, solutions = 0)
  12327 11432       86.0000  2148                     86.0000   333039         
  12364 11852      172.0000  1650                     86.0000   341226         
  12568 11863      129.0000  1889                     86.0000   343893         
  12857 12031      174.0000  1786                     86.0000   345893         
  13313 12260      129.0000  1843                     86.0000   354814         
  13756 12587      130.0000  1696                     86.0000   367514         
  14232 13197      130.0000  1881                     86.0000   376256         
  14594 13817      130.0000  1684                     86.0000   382248         
  14977 14018      130.0000  1777                     86.0000   395765         
  15459 14161      146.0000  1811                     86.0000   396789         
Elapsed time = 132.47 sec. (76952.73 ticks, tree = 1948.64 MB, solutions = 0)
  15850 15074      173.0000  1671                     86.0000   411720         
  16168 15153      173.0000  1755                     86.0000   412140         
  16604 15307      172.0000  1696                     86.0000   418483         
  17009 16042      156.0000  1855                     86.0000   436762         
  17421 16488      129.0000  1774                     86.0000   451195         
  17851 16463      130.0000  1445                     86.0000   450362         
  18279 17173      130.0000  1606                     86.0000   461676         
  18693 17416      131.0000  1536                     86.0000   466541         
  19107 18124      146.0000  1848                     86.0000   478531         
  19563 18643      130.0000  1841                     86.0000   493314         
Elapsed time = 154.14 sec. (86512.01 ticks, tree = 2584.20 MB, solutions = 0)
Nodefile size = 525.58 MB (302.17 MB after compression)
  20000 18513      130.0000  1792                     86.0000   492751         
  20315 19356      173.0000  1807                     86.0000   504966         
  20770 19857      172.0000  1709                     86.0000   520639         
  21222 20067      172.0000  1726                     86.0000   526026         
  21658 20638      173.0000  1454                     86.0000   534233         
  21948 20874      130.0000  1568                     86.0000   543733         
  22347 21138      129.0000  1761                     86.0000   560613         
  22767 21571      172.0000  1581                     86.0000   566741         
  23139 21713      173.0000  1443                     86.0000   568500         
  23446 22105      130.0000  1639                     86.0000   579881         
Elapsed time = 175.14 sec. (96078.28 ticks, tree = 3078.02 MB, solutions = 0)
Nodefile size = 1011.21 MB (581.23 MB after compression)
  23801 22310      130.0000  1705                     86.0000   583273         
  24233 22922      130.0000  1645                     86.0000   599991         
  24648 23223      130.0000  1878                     86.0000   613842         
  24986 23770      173.0000  1644                     86.0000   625676         
  25318 23828      173.0000  1619                     86.0000   626402         
  25402 24710      173.0000  1659                     86.0000   646549         
  25547 24701      173.0000  1809                     86.0000   646628         
  25911 24779      173.0000  1842                     86.0000   646760         
  26373 25178      130.0000  1908                     86.0000   653059         
  26863 25037      215.0000  1758                     86.0000   652216         
Elapsed time = 198.13 sec. (105638.40 ticks, tree = 3499.42 MB, solutions = 0)
Nodefile size = 1425.78 MB (821.49 MB after compression)
  27315 25995      173.0000  1686                     86.0000   664878         
  27825 26086      173.0000  1817                     86.0000   664941         
  28285 26351      173.0000  1707                     86.0000   669864         
  28733 27148      163.0000  1724                     86.0000   682767         
  29168 28023      163.0000  1775                     86.0000   697734         
  29543 27791      139.0000  1887                     86.0000   693967         
  30002 28444      172.0000  1678                     86.0000   702913         
  30452 28825      130.0000  1830                     86.0000   714246         
  30932 29362      172.0000  1616                     86.0000   723505         
  32867 30946      130.0000  1817                     86.0000   749019         
Elapsed time = 226.87 sec. (118052.09 ticks, tree = 4352.61 MB, solutions = 0)
Nodefile size = 2276.54 MB (1317.46 MB after compression)
  34555 33148      130.0000  1803                     86.0000   782813         
  36609 35169      215.0000  1777                     86.0000   823678         

Performing restart 1

Repeating presolve.
Tried aggregator 1 time.
Reduced MIP has 10637 rows, 106743 columns, and 223229 nonzeros.
Reduced MIP has 100806 binaries, 2573 generals, 0 SOSs, and 3809 indicators.
Presolve time = 0.18 sec. (119.88 ticks)
Tried aggregator 1 time.
Reduced MIP has 10637 rows, 106743 columns, and 223229 nonzeros.
Reduced MIP has 100806 binaries, 2573 generals, 0 SOSs, and 3809 indicators.
Presolve time = 0.35 sec. (176.87 ticks)
Represolve time = 1.98 sec. (710.90 ticks)
  37865     0       86.0000  2880                  Cuts: 2759   860908         
  37865     0       86.0000  3176                  Cuts: 2759   865199         
  37865     0       86.0000  3781                  Cuts: 2759   878075         
  37865     0       86.0000  3804                  Cuts: 2759   892060         
  37865     2       86.0000  3160                     86.0000   892060         
  37978    76       86.9773  3170                     86.0000   928014         
  38647   628      165.0000  1968                     86.0000   975743         
  39506  1406      215.0000  1821                     86.0000  1004482         
  40025  1818       86.4886  4024                     86.0000  1042462         
  40636  2387      172.0000  2073                     86.0000  1096264         
  41320  3065      172.0000  1966                     86.0000  1133586         
  41780  3505      216.0000  1530                     86.0000  1158772         
Elapsed time = 437.03 sec. (276589.66 ticks, tree = 492.52 MB, solutions = 0)
  41907  3667      192.0000  2077                     86.0000  1186202         
  41915  3748      129.0000  2764                     86.0000  1212759         
  42175  3936      172.0000  2071                     86.0000  1253104         
  42223  3814       86.0000  3642                     86.0000  1242519         

Performing restart 2

Repeating presolve.
Tried aggregator 1 time.
MIP Presolve modified 111 coefficients.
Reduced MIP has 10637 rows, 106743 columns, and 267296 nonzeros.
Reduced MIP has 100806 binaries, 2573 generals, 0 SOSs, and 3809 indicators.
Presolve time = 0.23 sec. (143.40 ticks)
Tried aggregator 1 time.
Reduced MIP has 10637 rows, 106743 columns, and 267296 nonzeros.
Reduced MIP has 100806 binaries, 2573 generals, 0 SOSs, and 3809 indicators.
Presolve time = 0.37 sec. (193.10 ticks)
Represolve time = 2.80 sec. (1427.61 ticks)
  42224     0       86.0000  3492                  Cuts: 2759  1286911         
  42224     0       86.0000  3714                  Cuts: 2759  1300317         
  42224     0       86.0000  3918                  Cuts: 2759  1320021         
  42224     0       86.0000  3975                  Cuts: 2759  1337400         
  42224     0       86.3806  4937                  Cuts: 2759  1359067         
  42224     0       86.4526  5267                  Cuts: 2759  1374575         
  42224     0       86.4526  5527                  Cuts: 2759  1390595         
  42224     0       86.4526  5044                  Cuts: 2340  1409155         
  42224     0       86.4526  5202                  Cuts: 2759  1427028         
  42224     2       86.4526  4267                     86.4526  1427028         
  42235    13      129.0000  2476                     86.4886  1429853         
  42393   109      172.0000  2119                     86.4886  1439812         
  42631   360       87.0000  3556                     86.4886  1455200         
  42912   613      172.0000  1976                     86.4886  1468409         
  43201   842      213.0000  1902                     86.4886  1474148         
Elapsed time = 923.34 sec. (651129.47 ticks, tree = 96.33 MB, solutions = 0)
  43475  1154      213.0000  1790                     86.4886  1486115         
  43737  1384      173.0000  1719                     86.4886  1491830         
  44004  1662      216.0000  1648                     86.4886  1498781         
  44264  1870      216.0000  1469                     86.4886  1503791         
  44509  2197      216.0000  1396                     86.4886  1511465         
  44808  2347      217.0000  1292                     86.4886  1515791         
  45216  2789      192.0000  2231                     86.4886  1545414         
  45355  2922      132.0000  2506                     86.4886  1579117         
  45514  3052      153.0000  2663                     86.4886  1595891         
  45673  3241      188.0000  2044                     86.4886  1623487         
Elapsed time = 1022.86 sec. (689489.41 ticks, tree = 442.00 MB, solutions = 0)
  45842  3420      215.0000  2231                     86.4886  1654272         
  46014  3560      175.0000  2017                     86.4886  1688269         
  46179  3735      220.0000  2112                     86.4886  1707323         
  46348  3864      188.0000  1946                     86.4886  1729639         
  46475  4000      172.0000  2390                     86.4886  1766853         
  46631  4065      144.0000  2801                     86.4886  1782000         
  46800  4324      180.0000  2432                     86.4886  1813523         
  46927  4448      180.0000  2279                     86.4886  1821302         
  47019  4486      172.0000  2227                     86.4886  1828049         
  47114  4634      180.0000  2152                     86.4886  1848159         
Elapsed time = 1126.67 sec. (727830.03 ticks, tree = 664.90 MB, solutions = 0)
  47244  4723      180.0000  2154                     86.4886  1880888         
  47397  4817      173.0000  2579                     86.4886  1905769         
  47569  5035      219.0000  1917                     86.4886  1934884         
  47716  5138      217.0000  2108                     86.4886  1963370         
  47842  5237      172.0000  2869                     86.4886  1979811         
  47929  5380      134.0000  3933                     86.4886  2006397         
  48029  5463      174.0000  2309                     86.4886  2015239         
  48139  5564      174.0000  2242                     86.4886  2034910         
  48255  5620      215.0000  2082                     86.4886  2049237         
  48332  5768      216.0000  2362                     86.4886  2085713         
Elapsed time = 1226.05 sec. (766137.18 ticks, tree = 855.82 MB, solutions = 0)
  48442  5868      216.0000  2111                     86.4886  2097906         
  48578  5989      130.0000  3778                     86.4886  2135584         
  48703  6059      217.0000  2142                     86.4886  2141682         
  48800  6253      177.0000  2806                     86.4886  2185805         
  48913  6352      130.0000  3041                     86.4886  2201440         
  49001  6413      172.0000  2977                     86.4886  2217638         
  49112  6543      172.0000  3091                     86.4886  2263667         
  49197  6644      131.0000  3815                     86.4886  2276155         
  49279  6694      172.0000  2483                     86.4886  2287191         
  49355  6791      181.0000  2345                     86.4886  2311327         
Elapsed time = 1323.54 sec. (804619.18 ticks, tree = 1030.50 MB, solutions = 0)
  49459  6834      173.0000  2510                     86.4886  2326366         
  49548  6962      130.0000  3273                     86.4886  2367913         
  49655  7024      216.0000  2485                     86.4886  2374811         
  49825  7140      172.0000  2956                     86.4886  2415581         
  50004  7345    infeasible                           86.4886  2433201         
  50103  7441      212.0000  2456                     86.4886  2448549         
  50210  7511      215.0000  2315                     86.4886  2452051         
  50332  7672      131.0000  3064                     86.4886  2483676         
  50441  7805      131.0000  2914                     86.4886  2520026         
  50553  7827      172.0000  2626                     86.4886  2523953         
Elapsed time = 1424.43 sec. (843144.01 ticks, tree = 1210.36 MB, solutions = 0)
  50686  7967      216.0000  2700                     86.4886  2540991         
  50787  8114      209.0000  2582                     86.4886  2570096         
  50860  8140      218.0000  2367                     86.4886  2574125         
  50947  8226      214.0000  2523                     86.4886  2616574         
  51037  8356      210.0000  2129                     86.4886  2637201         
  51142  8408      216.0000  2241                     86.4886  2652864         
  51215  8547      138.1351  3856                     86.4886  2695364         
  51269  8569      216.0000  2364                     86.4886  2709813         
  51373  8662      172.0000  2452                     86.4886  2752941         
  51512  8732      216.0000  2205                     86.4886  2762672         
Elapsed time = 1526.13 sec. (881720.38 ticks, tree = 1368.40 MB, solutions = 0)
  51664  8834      173.0000  2325                     86.4886  2800243         
  51764  8958      172.0000  2654                     86.4886  2825543         
  51879  9122      172.0000  2491                     86.4886  2860771         
  52007  9120      172.0000  2881                     86.4886  2875257         
  52149  9311      186.0000  2326                     86.4886  2897173         
  52292  9406      172.0000  2623                     86.4886  2924621         
  52456  9578      184.0000  2101                     86.4886  2948486         
  52597  9727      215.0000  2202                     86.4886  2966224         
  52727  9948      215.0000  2104                     86.4886  2985192         
  52833  9983      216.0000  2019                     86.4886  2987257         
Elapsed time = 1627.05 sec. (920115.08 ticks, tree = 1588.91 MB, solutions = 0)
  52895 10144      216.0000  1802                     86.4886  3005003         
  52928  9999       92.0513  5052                     86.4886  2990552         
  52958 10191      130.0000  3563                     86.4886  3043935         
  53005 10278      130.0000  3222                     86.4886  3078992         
  53060 10293      162.0000  2920                     86.4886  3084354         
  53154 10362      173.0000  2422                     86.4886  3096719         
  53275 10317      204.0000  3019                     86.4886  3099362         
  53424 10528      174.0000  2206                     86.4886  3137831         
  53544 10691      215.0000  2149                     86.4886  3158625         
  53683 10798      218.0000  2223                     86.4886  3172841         
Elapsed time = 1733.55 sec. (958587.84 ticks, tree = 1735.10 MB, solutions = 0)
  53816 10953    infeasible                           86.4886  3187138         
  53865 10985    infeasible                           86.4886  3188919         
  53884 11099      172.0000  3199                     86.4886  3231014         
  53943 11117      172.0000  3685                     86.4886  3251045         
  54030 11112       91.0923  5207                     86.4886  3246459         
  54158 11307      215.0000  2671                     86.4886  3314713         
  54256 11326      215.0000  2280                     86.4886  3309862         

GUB cover cuts applied:  4463
Cover cuts applied:  272
Implied bound cuts applied:  2023
Flow cuts applied:  23
Mixed integer rounding cuts applied:  1826
Zero-half cuts applied:  44
Lift and project cuts applied:  4
Gomory fractional cuts applied:  7

Root node processing (before b&c):
  Real time             =   28.31 sec. (25539.54 ticks)
Parallel b&c, 8 threads:
  Real time             = 1771.86 sec. (966075.79 ticks)
  Sync time (average)   =  238.24 sec.
  Wait time (average)   =    0.43 sec.
                          ------------
Total (root+branch&cut) = 1800.16 sec. (991615.34 ticks)
! --------------------------------------------------------
! Problem is UNKNOWN
! CPLEX Status = AbortTimeLim
! --------------------------------------------------------
