! Solving for graph /home/truongxuanhieu/CPLEX-MIP-for-MinSpanLabeling/benchmarks/cabp/W-685_bus.mtx.rnd
! Target value is set to 57
! Lower bound is set to 58
! Upper bound is set to 342
! Time limit is set to 1800
! Vertices mode is set to Has hole
! Target value mode is set to Cyclic Antibandwidth
Version identifier: 22.2.0.0 | 2026-05-04 | 5dff98e58
CPXPARAM_TimeLimit                               1800
Tried aggregator 2 times.
MIP Presolve eliminated 1283 rows and 1541 columns.
MIP Presolve modified 234784 coefficients.
Aggregator did 4619 substitutions.
Reduced MIP has 9837 rows, 241283 columns, and 491029 nonzeros.
Reduced MIP has 236066 binaries, 1968 generals, 0 SOSs, and 3249 indicators.
Presolve time = 0.83 sec. (1210.72 ticks)
Probing time = 1.23 sec. (461.14 ticks)
Tried aggregator 2 times.
Detecting symmetries...
Aggregator did 28 substitutions.
Reduced MIP has 9809 rows, 241255 columns, and 491001 nonzeros.
Reduced MIP has 236066 binaries, 2625 generals, 0 SOSs, and 3249 indicators.
Presolve time = 0.90 sec. (472.01 ticks)
Probing time = 0.22 sec. (54.16 ticks)
Clique table members: 110313.
MIP emphasis: balance optimality and feasibility.
MIP search method: dynamic search.
Parallel mode: deterministic, using up to 8 threads.
Root relaxation solution time = 0.93 sec. (383.19 ticks)

        Nodes                                         Cuts/
   Node  Left     Objective  IInf  Best Integer    Best Bound    ItCnt     Gap

      0     0      114.0000  1231                    114.0000     1117         
      0     0      114.0000  2937                  Cuts: 2552     2761         
      0     0      114.0000  2414                  Cuts: 2552     3726         
      0     0      114.0000  2432                  Cuts: 2552     5705         
      0     2      114.0000  2212                    114.0000     5705         
Elapsed time = 51.77 sec. (42078.10 ticks, tree = 0.02 MB, solutions = 0)
      7     9      114.0000  1948                    114.0000     5942         
     22    15      114.0000  2145                    114.0000     6993         
     57    43      114.0000  2055                    114.0000    12672         
    101    94      114.0000  1880                    114.0000    15405         
    153   133      114.0000  1888                    114.0000    15909         
    183   152      171.0000  1598                    114.0000    19221         
    221   208      171.0000  1575                    114.0000    26719         
    245   231      114.0000  1889                    114.0000    29554         
    280   244      171.0000  1526                    114.0000    31653         
    300   276      171.0000  1573                    114.0000    32047         
Elapsed time = 61.82 sec. (45459.95 ticks, tree = 28.14 MB, solutions = 0)
    412   364      115.0000  1916                    114.0000    42647         
    558   511      172.0000  1557                    114.0000    49376         
    670   615      228.0000  1441                    114.0000    54282         
    823   735      229.0000  1398                    114.0000    57138         
   1018   853      229.0000  1343                    114.0000    60259         
   1225  1106      229.0000  1323                    114.0000    62725         
   1383  1229      172.0000  1349                    114.0000    64319         
   1553  1392      229.0000  1224                    114.0000    66120         
   1710  1593      228.0000  1259                    114.0000    69237         
   1853  1732      229.0000  1197                    114.0000    70464         
Elapsed time = 81.50 sec. (55057.61 ticks, tree = 287.95 MB, solutions = 0)
   2084  1869      229.0000  1194                    114.0000    71963         
   2349  2070      229.0000  1146                    114.0000    73400         
   2559  2350      286.0000  1167                    114.0000    75337         
   2722  2571      333.0000  1049                    114.0000    79472         
   2872  2759      342.0000  1064                    114.0000    86134         
   3013  2880      229.0000  1032                    114.0000    90393         
   3168  2969      329.0000  1034                    114.0000    93611         
   3317  3088      303.0000  1014                    114.0000    97213         
   3490  3233      229.0000  1073                    114.0000   101248         
   3631  3372      286.0000  1037                    114.0000   104037         
Elapsed time = 100.79 sec. (64637.17 ticks, tree = 590.11 MB, solutions = 0)
   3816  3546      229.0000   971                    114.0000   107457         
   3990  3739      327.0000  1039                    114.0000   112145         
   4187  3879      229.0000   912                    114.0000   114126         
   4389  4103      229.0000  1059                    114.0000   120669         
   4584  4177      229.0000   881                    114.0000   121404         
   4727  4264    infeasible                          114.0000   123697         
   4905  4388      286.0000  1017                    114.0000   126208         
   5153  4438    infeasible                          114.0000   127085         
   5399  4510    infeasible                          114.0000   128557         
   5600  4591      229.0000   943                    114.0000   130075         
Elapsed time = 119.94 sec. (74215.60 ticks, tree = 812.88 MB, solutions = 0)
   5802  4675      229.0000   944                    114.0000   131935         
   6005  4761      285.0000   812                    114.0000   133475         
   6254  4856      229.0000   829                    114.0000   135300         
   6478  4902    infeasible                          114.0000   136813         
   6685  4905    infeasible                          114.0000   136882         
   6896  4972      229.0000   944                    114.0000   138897         
   7147  5057      229.0000   942                    114.0000   140069         
   7415  5194      229.0000   738                    114.0000   141971         
   7675  5214      229.0000   823                    114.0000   142536         
   7931  5251      229.0000   736                    114.0000   143172         
Elapsed time = 137.36 sec. (83806.23 ticks, tree = 930.24 MB, solutions = 0)
   8203  5288      229.0000   814                    114.0000   143474         
   8508  5333      229.0000   814                    114.0000   144068         
   8841  5401      286.0000   944                    114.0000   144943         
   9095  5386      285.0000   805                    114.0000   145017         
   9341  5449      229.0000   935                    114.0000   145802         
   9590  5524      229.0000   921                    114.0000   146378         
   9892  5559      229.0000   814                    114.0000   146911         
  10154  5558    infeasible                          114.0000   146935         
  10234  5570    infeasible                          114.0000   147120         
  10242  5609    infeasible                          114.0000   147714         
Elapsed time = 163.29 sec. (93544.88 ticks, tree = 989.29 MB, solutions = 0)
  10243  5588    infeasible                          114.0000   147600         
  10245  5597      171.0000  1604                    114.0000   149204         
  10279  5597      171.0000  1600                    114.0000   150581         
  10344  5611      171.0000  1561                    114.0000   150866         
  10406  5627    infeasible                          114.0000   151493         
  10510  5626    infeasible                          114.0000   152965         
  10629  5660    infeasible                          114.0000   153013         
  10852  5728      171.0000  1598                    114.0000   159198         
  11109  5871      172.0000  1338                    114.0000   161647         
  11365  5917    infeasible                          114.0000   162238         
Elapsed time = 185.16 sec. (105124.20 ticks, tree = 1045.81 MB, solutions = 0)
  11553  6346      172.0000  1518                    114.0000   166629         
  11788  6376      229.0000  1374                    114.0000   169547         
  12069  6529      174.0000  1441                    114.0000   187500         
  12366  6562    infeasible                          114.0000   187531         
  12640  6860      174.0000  1297                    114.0000   194092         
  12926  7148      172.0000  1268                    114.0000   196409         
  13212  7277      171.0000  1705                    114.0000   198431         
  13464  7437    infeasible                          114.0000   202379         
  13744  7505      114.0000  1945                    114.0000   204572         
  13990  7701      172.0000  1515                    114.0000   204460         
Elapsed time = 200.62 sec. (114694.35 ticks, tree = 1372.00 MB, solutions = 0)
  14248  7831    infeasible                          114.0000   209532         
  14533  8039      171.0000  1603                    114.0000   212474         
  14799  8307      171.0000  1494                    114.0000   215170         
  15051  8463      171.0000  1488                    114.0000   216962         
  15313  8559    infeasible                          114.0000   217641         
  15595  8713      171.0000  1671                    114.0000   221937         
  15825  8905    infeasible                          114.0000   224864         
  16046  8916      174.0000  1244                    114.0000   224855         
  16293  9194    infeasible                          114.0000   228119         
  16562  9195      174.0000  1243                    114.0000   228143         
Elapsed time = 217.50 sec. (124261.37 ticks, tree = 1646.23 MB, solutions = 0)
  16767  9534      229.0000  1196                    114.0000   232363         
  17010  9499    infeasible                          114.0000   232301         
  17284  9626      171.0000  1565                    114.0000   236617         
  17517  9998      171.0000  1565                    114.0000   239491         
  17782 10095      171.0000  1572                    114.0000   241246         
  18031 10196    infeasible                          114.0000   243180         
  18250 10520      171.0000  1478                    114.0000   244760         
  18497 10776      171.0000  1598                    114.0000   254044         
  18769 10911      171.0000  1626                    114.0000   255456         
  19729 11493    infeasible                          114.0000   266981         
Elapsed time = 240.12 sec. (136693.81 ticks, tree = 2071.92 MB, solutions = 0)
Nodefile size = 9.37 MB (4.16 MB after compression)
  20664 11911      171.0000  1733                    114.0000   270213         
  21635 12536      174.0000  1116                    114.0000   281608         
  22573 13183      172.0000  1577                    114.0000   294914         
  23600 13610    infeasible                          114.0000   303753         
  24536 14296      171.0000  1541                    114.0000   321335         
  25466 14590    infeasible                          114.0000   325187         
  26507 15232      171.0000  1498                    114.0000   338971         
  27559 16291      174.0000  1060                    114.0000   355223         
  28448 16660      171.0000  1440                    114.0000   362060         
  29564 17752      171.0000  1372                    114.0000   374661         
Elapsed time = 314.34 sec. (174868.11 ticks, tree = 3240.61 MB, solutions = 0)
Nodefile size = 1164.00 MB (519.83 MB after compression)
  30651 18374      171.0000  1620                    114.0000   382623         
  31668 18933      171.0000  1580                    114.0000   392808         
  32787 19360      171.0000  1225                    114.0000   397235         
  33872 20453      172.0000  1631                    114.0000   416951         
  34949 20704    infeasible                          114.0000   420769         
  36053 21495      172.0000  1413                    114.0000   435643         
  37094 22204    infeasible                          114.0000   444733         
  38083 22367    infeasible                          114.0000   447563         
  38959 22963      176.0000  1564                    114.0000   460060         
  39929 23257      174.0000   913                    114.0000   468552         
Elapsed time = 396.87 sec. (213050.82 ticks, tree = 4125.64 MB, solutions = 0)
Nodefile size = 2058.83 MB (888.69 MB after compression)
  40790 24038      171.0000  1648                    114.0000   482589         
  41685 24425      171.0000  1659                    114.0000   486232         
  42596 24719      171.0000  1502                    114.0000   489415         
  43424 24917      229.0000   922                    114.0000   492308         
  44098 25672    infeasible                          114.0000   504745         
  44738 26079      172.0000  1600                    114.0000   510357         
  45426 26529      171.0000  1766                    114.0000   516573         
  46023 26784      172.0000  1641                    114.0000   520998         
  46630 27032    infeasible                          114.0000   523496         
  47201 27522      229.0000   920                    114.0000   535044         
Elapsed time = 539.78 sec. (251253.56 ticks, tree = 4508.42 MB, solutions = 0)
Nodefile size = 2448.41 MB (939.94 MB after compression)
  47844 27993      171.0000  1505                    114.0000   538830         
  48469 28319      171.0000  1652                    114.0000   542341         
  49193 28584      229.0000   918                    114.0000   546078         
  49711 28905      171.0000  1530                    114.0000   552304         
  50321 29291      172.0000  1314                    114.0000   559591         
  50855 29337    infeasible                          114.0000   562004         
  51506 29876      171.0000  1708                    114.0000   570708         
  52045 30029      171.0000  1690                    114.0000   573749         
  52556 30266      172.0000  1555                    114.0000   582322         
  53127 30292      229.0000   882                    114.0000   585409         
Elapsed time = 694.20 sec. (289453.03 ticks, tree = 4771.27 MB, solutions = 0)
Nodefile size = 2710.80 MB (977.73 MB after compression)
  53654 30763      229.0000   876                    114.0000   588550         
  54190 30881      171.0000  1518                    114.0000   591981         
  54738 31160      229.0000   876                    114.0000   598982         
  55414 31348    infeasible                          114.0000   605121         
  55962 31906      171.0000  1592                    114.0000   609556         
  56543 32127      172.0000  1324                    114.0000   613968         
  57162 32325      171.0000  1672                    114.0000   616175         
  57841 32664      171.0000  1668                    114.0000   622265         
  58398 33275      171.0000  1679                    114.0000   628178         
  58948 33290      174.0000   896                    114.0000   628477         
Elapsed time = 852.92 sec. (327638.89 ticks, tree = 5052.80 MB, solutions = 0)
Nodefile size = 2993.17 MB (1019.99 MB after compression)
  59486 33537      171.0000  1485                    114.0000   631694         
  60069 33585    infeasible                          114.0000   634082         
  60668 34074    infeasible                          114.0000   639474         
  61252 34485    infeasible                          114.0000   643918         
  61788 34883      171.0000  1628                    114.0000   647248         
  62343 35028      229.0000   868                    114.0000   650258         
  62934 35335      171.0000  1296                    114.0000   653626         
  63467 35769      172.0000  1606                    114.0000   657849         
  63981 35869    infeasible                          114.0000   659637         
  64516 36105      171.0000  1639                    114.0000   662728         
Elapsed time = 1008.87 sec. (365834.78 ticks, tree = 5337.58 MB, solutions = 0)
Nodefile size = 3245.75 MB (1050.91 MB after compression)
  65032 36074      229.0000   872                    114.0000   663977         
  65597 36452      229.0000   872                    114.0000   671419         
  66123 36621    infeasible                          114.0000   676440         
  66637 36984      171.0000  1420                    114.0000   683560         
  67204 37298      171.0000  1643                    114.0000   688058         
  67758 37421      171.0000  1696                    114.0000   690307         
  68236 37498    infeasible                          114.0000   693269         
  68752 37762      229.0000   872                    114.0000   699404         
  69282 38005      171.0000  1629                    114.0000   703421         
  69862 38310      171.0000  1685                    114.0000   707262         
Elapsed time = 1170.81 sec. (404020.05 ticks, tree = 5524.27 MB, solutions = 0)
Nodefile size = 3457.26 MB (1075.40 MB after compression)
  70461 38451      171.0000  1680                    114.0000   711917         
  71062 38544    infeasible                          114.0000   712802         
  71635 38781      174.0000   830                    114.0000   718846         
  72096 39341      174.0000   830                    114.0000   724405         
  72603 39621      171.0000  1596                    114.0000   732204         
  73080 39580      174.0000   830                    114.0000   732515         
  73676 40038      229.0000  1398                    114.0000   736871         
  74245 40353      172.0000  1320                    114.0000   741968         
  74881 40806      171.0000  1707                    114.0000   747927         
  75464 40780    infeasible                          114.0000   746977         
Elapsed time = 1335.01 sec. (442217.46 ticks, tree = 5739.80 MB, solutions = 0)
Nodefile size = 3677.44 MB (1100.19 MB after compression)
  76039 40944      171.0000  1790                    114.0000   753909         
  76575 41213      171.0000  1588                    114.0000   763627         
  77150 41267      174.0000   785                    114.0000   771364         
  77691 41739      172.0000  1582                    114.0000   775789         
  78336 42126    infeasible                          114.0000   788183         
  78960 42341    infeasible                          114.0000   789139         
  79712 42650    infeasible                          114.0000   794683         
  80639 43137      171.0000  1524                    114.0000   806499         
  81714 43934      171.0000  1342                    114.0000   818228         
  82713 44361      171.0000  1555                    114.0000   822924         
Elapsed time = 1476.99 sec. (480409.06 ticks, tree = 6087.72 MB, solutions = 0)
Nodefile size = 3992.24 MB (1148.74 MB after compression)
  83670 44844      171.0000  1588                    114.0000   828313         
  84664 45328      172.0000  1339                    114.0000   838592         
  85764 45950      172.0000  1338                    114.0000   849355         
  86820 46122      172.0000  1573                    114.0000   851988         
  87836 47134      172.0000  1576                    114.0000   860980         
  88874 47137      229.0000   874                    114.0000   861234         
  89961 48032      171.0000  1095                    114.0000   871902         
  90918 48318    infeasible                          114.0000   875684         
  91928 49046      171.0000  1591                    114.0000   886298         
  92957 49275      229.0000   868                    114.0000   889514         
Elapsed time = 1585.87 sec. (518593.07 ticks, tree = 6704.03 MB, solutions = 0)
Nodefile size = 4634.45 MB (1348.38 MB after compression)
  94013 49759      172.0000  1264                    114.0000   895001         
  95068 50127      171.0000   937                    114.0000   899929         
  96199 50708      171.0000  1639                    114.0000   909083         
  97392 51351    infeasible                          114.0000   915641         
  98416 51981      172.0000  1522                    114.0000   921385         
  99405 52033    infeasible                          114.0000   922740         
 100335 53391      172.0000  1332                    114.0000   940257         
 101251 53930    infeasible                          114.0000   948299         
 102295 54357      171.0000  1692                    114.0000   953190         
 103269 54751      171.0000  1415                    114.0000   955664         
Elapsed time = 1700.02 sec. (556773.32 ticks, tree = 7408.86 MB, solutions = 0)
Nodefile size = 5317.46 MB (1563.62 MB after compression)
 104276 55136    infeasible                          114.0000   960329         
 105193 55775      172.0000  1555                    114.0000   969341         
 106148 56297      172.0000  1551                    114.0000   972526         
 107095 56792      172.0000  1483                    114.0000   977200         
 108024 57075      172.0000  1444                    114.0000   981440         
 108980 57622      172.0000  1583                    114.0000   988090         
 109933 58015      173.0000  1355                    114.0000   991639         
 110856 58909      171.0000  1728                    114.0000   999684         

Cover cuts applied:  408
Implied bound cuts applied:  2955
Mixed integer rounding cuts applied:  957
Zero-half cuts applied:  102
Gomory fractional cuts applied:  41

Root node processing (before b&c):
  Real time             =   51.39 sec. (41987.03 ticks)
Parallel b&c, 8 threads:
  Real time             = 1752.60 sec. (547462.19 ticks)
  Sync time (average)   = 1076.82 sec.
  Wait time (average)   =    0.00 sec.
                          ------------
Total (root+branch&cut) = 1803.99 sec. (589449.22 ticks)
! --------------------------------------------------------
! Problem is UNKNOWN
! CPLEX Status = AbortTimeLim
! --------------------------------------------------------
