! Solving for graph /home/truongxuanhieu/CPLEX-MIP-for-MinSpanLabeling/benchmarks/abp/N-bcsstk07.mtx.rnd
! Target value is set to 42
! Lower bound is set to 43
! Upper bound is set to 525
! Time limit is set to 1800
! Vertices mode is set to Has hole
! Target value mode is set to Antibandwidth
Version identifier: 22.2.0.0 | 2026-05-04 | 5dff98e58
CPXPARAM_TimeLimit                               1800
Tried aggregator 2 times.
MIP Presolve eliminated 3721 rows and 1102 columns.
MIP Presolve modified 220658 coefficients.
Aggregator did 8700 substitutions.
Reduced MIP has 16982 rows, 236379 columns, and 485176 nonzeros.
Reduced MIP has 224378 binaries, 4141 generals, 0 SOSs, and 7860 indicators.
Presolve time = 0.64 sec. (1556.08 ticks)
Probing time = 0.88 sec. (423.65 ticks)
Tried aggregator 2 times.
Detecting symmetries...
Aggregator did 4 substitutions.
Reduced MIP has 16978 rows, 236375 columns, and 485172 nonzeros.
Reduced MIP has 224378 binaries, 4557 generals, 0 SOSs, and 7860 indicators.
Presolve time = 0.52 sec. (407.94 ticks)
Probing time = 0.13 sec. (46.14 ticks)
Clique table members: 6893.
MIP emphasis: balance optimality and feasibility.
MIP search method: dynamic search.
Parallel mode: deterministic, using up to 8 threads.
Root relaxation solution time = 0.70 sec. (556.44 ticks)

        Nodes                                         Cuts/
   Node  Left     Objective  IInf  Best Integer    Best Bound    ItCnt     Gap

      0     0       43.0000  2266                     43.0000     4490         
      0     0       43.0000  4955                  Cuts: 4344     8355         
      0     0       43.0000  4594                  Cuts: 4344     9529         
      0     0       43.0000  4646                  Cuts: 4344    12425         
      0     2       43.0000  4646                     43.0000    12425         
Elapsed time = 18.23 sec. (24577.69 ticks, tree = 0.02 MB, solutions = 0)
      4     6       43.0000  4373                     43.0000    12904         
     10    12       43.0000  4213                     43.0000    13247         
     19     5       43.0000  4559                     43.0000    12679         
     23    20       43.0000  4062                     43.0000    15345         
     30    27       43.0000  4455                     43.0000    17736         
     57    36       43.0000  4208                     43.0000    27742         
     87    68       43.0000  4129                     43.0000    35936         
     90    41       43.0000  4229                     43.0000    30065         
    130    82       43.0000  4031                     43.0000    36031         
    192   130       98.0000  3208                     43.0000    39497         
Elapsed time = 22.89 sec. (28115.67 ticks, tree = 19.57 MB, solutions = 0)
    226   198       96.0000  3170                     43.0000    59305         
    239   229      121.0000  3545                     43.0000    72637         
    253   234      121.0000  3344                     43.0000    75020         
    322   302      121.0000  3797                     43.0000    86881         
    424   362      121.0000  3218                     43.0000    93043         
    520   430      127.0000  2725                     43.0000    96063         
    569   524      169.0000  2779                     43.0000   107652         
    602   532      127.0000  2928                     43.0000   112568         
    663   626      127.0000  2616                     43.0000   124122         
    741   685      171.0000  2611                     43.0000   131174         
Elapsed time = 34.30 sec. (37805.39 ticks, tree = 149.64 MB, solutions = 0)
    845   704    infeasible                           43.0000   135282         
    968   762      253.0000  2361                     43.0000   141195         
   1060   883      253.0000  2526                     43.0000   152259         
   1170   943      211.0000  2686                     43.0000   159680         
   1290  1036      295.0000  2270                     43.0000   164968         
   1406  1216      253.0000  2458                     43.0000   183402         
   1513  1285    infeasible                           43.0000   189666         
   1658  1288      251.0000  2427                     43.0000   190094         
   1789  1445      253.0000  2376                     43.0000   201019         
   1898  1656      253.0000  2526                     43.0000   214983         
Elapsed time = 45.87 sec. (47446.88 ticks, tree = 421.21 MB, solutions = 0)
   2050  1685      253.0000  2453                     43.0000   215031         
   2146  1717      295.0000  2283                     43.0000   217682         
   2186  1816      121.0000  3124                     43.0000   227292         
   2210  1961      127.0000  2910                     43.0000   237685         
   2273  1974      211.0000  2341                     43.0000   239065         
   2352  2001      127.0000  2670                     43.0000   242647         
   2445  1876    infeasible                           43.0000   227819         
   2566  2161      211.0000  2186                     43.0000   254569         
   2637  2202      169.0000  2384                     43.0000   257301         
   2728  2362      169.0000  2367                     43.0000   272371         
Elapsed time = 62.60 sec. (57068.46 ticks, tree = 622.04 MB, solutions = 0)
   2809  2352      169.0000  2486                     43.0000   271438         
   2901  2471      169.0000  2224                     43.0000   283414         
   2985  2540      127.0000  2751                     43.0000   296122         
   3096  2685      169.0000  2581                     43.0000   313082         
   3192  2698      169.0000  2589                     43.0000   314044         
   3310  2901      211.0000  2045                     43.0000   328676         
   3401  2978      169.0000  2546                     43.0000   335330         
   3489  2973      169.0000  2545                     43.0000   335834         
   3602  3178      169.0000  2709                     43.0000   352042         
   3669  3246      211.0000  2309                     43.0000   364636         
Elapsed time = 73.69 sec. (66688.59 ticks, tree = 874.24 MB, solutions = 0)
   3810  3277      211.0000  2250                     43.0000   364735         
   3952  3418      211.0000  2549                     43.0000   376065         
   4073  3588      211.0000  2292                     43.0000   384452         
   4212  3715      295.0000  2481                     43.0000   393678         
   4389  3881      211.0000  2267                     43.0000   398982         
   4563  4010      295.0000  2143                     43.0000   407131         
   4686  4132      211.0000  2163                     43.0000   410358         
   4776  4142      211.0000  2090                     43.0000   410930         
   4875  4391      169.0000  2577                     43.0000   436644         
   4968  4458      169.0000  2608                     43.0000   446238         
Elapsed time = 84.85 sec. (76308.01 ticks, tree = 1217.73 MB, solutions = 0)
   5038  4427      127.0000  3317                     43.0000   443437         
   5137  4602      253.0000  2019                     43.0000   465844         
   5246  4702      211.0000  2181                     43.0000   477556         
   5391  4731      211.0000  2082                     43.0000   477806         
   5521  4780      127.0000  2947                     43.0000   487037         
   5649  5033      169.0000  2779                     43.0000   498110         
   5740  5051      169.0000  2820                     43.0000   499036         
   5798  5186    infeasible                           43.0000   505679         
   5809  5340      211.0000  2001                     43.0000   516169         
   5876  5346      253.0000  1923                     43.0000   517128         
Elapsed time = 99.61 sec. (86090.62 ticks, tree = 1470.88 MB, solutions = 0)
   5958  5385       85.0000  3103                     43.0000   522465         
   6037  5398      127.0000  2851                     43.0000   522747         
   6091  5577      127.0000  3054                     43.0000   541847         
   6199  5693      127.0000  3079                     43.0000   560316         
   6253  5661      169.0000  2406                     43.0000   557773         
   6324  5801      127.0000  2848                     43.0000   580684         
   6427  5856      211.0000  2373                     43.0000   583370         
   6561  5884      211.0000  2298                     43.0000   583432         
   6709  5984      169.0000  2595                     43.0000   599417         
   6859  6114      211.0000  2364                     43.0000   611645         
Elapsed time = 110.42 sec. (95719.19 ticks, tree = 1690.26 MB, solutions = 0)
   7020  6398      127.0000  2595                     43.0000   620473         
   7153  6407      169.0000  2479                     43.0000   622107         
   7240  6635      169.0000  2405                     43.0000   633329         
   7315  6545      211.0000  2274                     43.0000   628747         
   7413  6699      211.0000  1978                     43.0000   637454         
   7489  6848      169.0000  2208                     43.0000   663665         
   7582  6909      211.0000  1876                     43.0000   665743         
   7655  6926      169.0000  2788                     43.0000   677842         
   7780  7052      169.0000  2610                     43.0000   700533         
   7893  7218      169.0000  2455                     43.0000   718306         
Elapsed time = 120.90 sec. (105360.96 ticks, tree = 2004.97 MB, solutions = 0)
   8004  7236      211.0000  2177                     43.0000   719014         
   8107  7376      211.0000  2004                     43.0000   731262         
   8213  7514      211.0000  2377                     43.0000   740546         
   8346  7565      211.0000  2300                     43.0000   746192         
   8481  7672    infeasible                           43.0000   754356         
   8630  7906      295.0000  1656                     43.0000   769544         
   8751  7863      169.0000  2677                     43.0000   768026         
   8879  8116      169.0000  2409                     43.0000   778032         
   9027  8194      169.0000  2666                     43.0000   783964         
   9601  8613      169.0000  2913                     43.0000   809150         
Elapsed time = 137.67 sec. (117836.23 ticks, tree = 2404.96 MB, solutions = 0)
Nodefile size = 336.89 MB (194.13 MB after compression)
  10256  9090      253.0000  2519                     43.0000   825001         
  10738  9861      253.0000  2233                     43.0000   871630         
  11127 10166      127.0000  3057                     43.0000   907840         
  11733 10525      211.0000  2345                     43.0000   947193         
  12272 11344      127.0000  3044                     43.0000   974497         
  12740 11610      169.0000  2916                     43.0000   991952         
  13255 12226      211.0000  2249                     43.0000  1020661         
  13539 12702      211.0000  2604                     43.0000  1044982         
  14162 12945      211.0000  2254                     43.0000  1054494         
  14517 13535      169.0000  2393                     43.0000  1095358         
Elapsed time = 189.24 sec. (156057.53 ticks, tree = 3822.57 MB, solutions = 0)
Nodefile size = 1753.79 MB (1028.82 MB after compression)
  15062 13762      169.0000  2214                     43.0000  1124909         
  15559 14574      169.0000  2175                     43.0000  1161652         
  16089 14845      169.0000  3000                     43.0000  1180454         
  16710 15433      169.0000  2622                     43.0000  1204306         
  17241 16143      211.0000  1945                     43.0000  1235865         
  17733 16312      211.0000  2395                     43.0000  1254535         
  18329 16965      211.0000  2062                     43.0000  1301715         
  18917 17316      169.0000  2500                     43.0000  1325397         
  19420 17964      211.0000  2057                     43.0000  1357080         
  19962 18425      211.0000  2239                     43.0000  1386575         
Elapsed time = 234.01 sec. (194235.04 ticks, tree = 5242.34 MB, solutions = 0)
Nodefile size = 3160.82 MB (1855.98 MB after compression)
  20510 18902      169.0000  2393                     43.0000  1418418         
  21032 19785      169.0000  2277                     43.0000  1473712         
  21518 20235      211.0000  1902                     43.0000  1504889         
  22061 20808      227.0000  2347                     43.0000  1549116         
  22466 21245      127.0000  3077                     43.0000  1584282         
  22939 21532      169.0000  1922                     43.0000  1624146         
  23367 21726      127.0000  2201                     43.0000  1638371         
  23589 22126       85.0000  3703                     43.0000  1663689         
  24070 22520      169.0000  2418                     43.0000  1683173         
  24564 22980      169.0000  2166                     43.0000  1706544         
Elapsed time = 284.07 sec. (232472.18 ticks, tree = 6568.65 MB, solutions = 0)
Nodefile size = 4467.24 MB (2621.74 MB after compression)
  25229 23268      169.0000  2179                     43.0000  1739875         
  25856 24374      169.0000  2472                     43.0000  1777966         
  26562 24796      169.0000  2574                     43.0000  1806886         
  27148 24915      211.0000  2135                     43.0000  1808485         
  27706 25933      169.0000  2074                     43.0000  1855829         
  28439 26724      211.0000  2458                     43.0000  1901170         
  29100 27058      211.0000  2387                     43.0000  1910588         
  29785 27676      211.0000  2659                     43.0000  1928567         
  30344 28358      253.0000  2096                     43.0000  1952978         
  30883 29242      211.0000  2324                     43.0000  2003739         
Elapsed time = 331.58 sec. (270675.25 ticks, tree = 8400.46 MB, solutions = 0)
Nodefile size = 6321.95 MB (3709.44 MB after compression)
  31617 29365      211.0000  2033                     43.0000  2004471         
  32206 30299      169.0000  2058                     43.0000  2044495         
  32997 30856      169.0000  2480                     43.0000  2073554         
  33599 31346      211.0000  2463                     43.0000  2099808         
  34125 32243      169.0000  2670                     43.0000  2118280         
  34757 32719      211.0000  2189                     43.0000  2147115         
  35368 33005      169.0000  2226                     43.0000  2171384         
  36157 33873      169.0000  2561                     43.0000  2214884         
  36721 35071      169.0000  2193                     43.0000  2244824         
  37199 35223      211.0000  2439                     43.0000  2255094         
Elapsed time = 377.85 sec. (308880.05 ticks, tree = 10164.58 MB, solutions = 0)
Nodefile size = 8068.97 MB (4732.17 MB after compression)
  37827 36162      211.0000  2405                     43.0000  2331664         
  38337 36532      211.0000  2665                     43.0000  2351946         
  38898 36654      211.0000  2288                     43.0000  2352858         
  39575 37705      211.0000  2270                     43.0000  2423065         
  40050 38291      169.0000  2523                     43.0000  2450348         
  40694 38824      211.0000  2320                     43.0000  2493315         
  41345 39537      169.0000  2543                     43.0000  2525491         
  42065 39357      211.0000  2256                     43.0000  2520502         
  42764 40282      169.0000  2695                     43.0000  2545963         
  43300 41406      169.0000  2400                     43.0000  2592189         
Elapsed time = 424.94 sec. (347062.35 ticks, tree = 12002.57 MB, solutions = 0)
Nodefile size = 9904.68 MB (5815.38 MB after compression)
  43798 41316      169.0000  2432                     43.0000  2591626         
  44442 42630      211.0000  2242                     43.0000  2680567         
  45148 42706      205.0000  2771                     43.0000  2685018         
  45938 43007      211.0000  2565                     43.0000  2697551         
  46569 44080      211.0000  2389                     43.0000  2727489         
  47089 44464      169.0000  2473                     43.0000  2741331         
  47323 45926      211.0000  2161                     43.0000  2803755         
  47791 46043      211.0000  2611                     43.0000  2812965         
  48525 46419      169.0000  2838                     43.0000  2828413         
  49247 47194      127.0000  3197                     43.0000  2849763         
Elapsed time = 480.94 sec. (385285.38 ticks, tree = 13751.26 MB, solutions = 0)
Nodefile size = 11667.06 MB (6853.55 MB after compression)
  49869 47456      169.0000  2488                     43.0000  2854988         
  50157 47642      169.0000  3188                     43.0000  2865052         

Performing restart 1

Repeating presolve.
Tried aggregator 1 time.
Reduced MIP has 16978 rows, 236375 columns, and 485172 nonzeros.
Reduced MIP has 224378 binaries, 4557 generals, 0 SOSs, and 7860 indicators.
Presolve time = 0.27 sec. (229.14 ticks)
Tried aggregator 1 time.
Reduced MIP has 16978 rows, 236375 columns, and 485172 nonzeros.
Reduced MIP has 224378 binaries, 4557 generals, 0 SOSs, and 7860 indicators.
Presolve time = 0.47 sec. (354.70 ticks)
Represolve time = 2.33 sec. (1262.99 ticks)
  50162     0       43.0000  5205                  Cuts: 4344  2925662         
  50162     0       43.0001  5695                  Cuts: 4344  2929801         
  50162     0       43.0014  5958                  Cuts: 4344  2933383         
  50162     0       43.7939  6106                  Cuts: 4068  2936600         
  50162     0       44.4022  6112                  Cuts: 3123  2938949         
  50162     0       44.4022  6289                  Cuts: 2196  2941346         
  50162     0       44.4022  6194                  Cuts: 2409  2945916         
  50162     0       45.9948  6072                  Cuts: 4344  2949474         
  50162     0       45.9948  6304                  Cuts: 3672  2952504         
  50162     0       45.9948  6155                  Cuts: 3313  2957461         
  50162     0       45.9948  6068                  Cuts: 4344  2961104         
  50162     0       45.9948  6361                  Cuts: 4068  2964879         
  50162     2       45.9948  5250                     45.9948  2964879         
  50210    34      127.0000  3432                     63.7470  2968025         
  50401   206       85.0000  4409                     64.0000  2981246         
  50847   506      127.0000  3216                     64.0000  3016349         
  51402  1083       85.0000  3701                     64.0000  3035256         
  51970  1532       85.0000  3371                     64.0000  3049597         
  52420  2086      115.0000  3535                     64.0000  3069128         
  52848  2492      245.0000  3140                     64.0000  3093835         
Elapsed time = 933.39 sec. (1090824.30 ticks, tree = 628.33 MB, solutions = 0)
  53202  2774      201.0000  3100                     64.0000  3117980         
  53538  3125      202.0000  2821                     64.0000  3151275         
  53737  3295      245.0000  2954                     64.0000  3187668         
  53843  3380    infeasible                           64.0000  3219720         
  53913  3464       91.0000  3787                     64.0000  3242449         
  53990  3508       92.0000  3798                     64.0000  3257142         
  54200  3653      170.0000  3332                     64.0000  3278246         
  54594  4036      170.0000  3212                     64.0000  3305352         
  54930  4318      172.0000  3494                     64.0000  3323776         
  55216  4609       85.0000  4952                     64.0000  3351790         
Elapsed time = 1003.90 sec. (1135585.17 ticks, tree = 1240.34 MB, solutions = 0)
  55581  4937      127.0000  3522                     64.0000  3375462         
  55839  5124      162.0000  2954                     64.0000  3394143         
  56147  5431      128.0000  3361                     64.0000  3433998         
  56478  5674       87.0000  4303                     64.0000  3449403         
  56885  5989      127.0000  3746                     64.0000  3474801         
  57247  6381      127.0000  3603                     64.0000  3499354         
  57513  6738      127.0000  3393                     64.0000  3523024         
  57586  6824    infeasible                           64.0000  3535503         
  57761  6897    infeasible                           64.0000  3548020         

Performing restart 2

Repeating presolve.
Tried aggregator 1 time.
Reduced MIP has 16978 rows, 236375 columns, and 508055 nonzeros.
Reduced MIP has 224378 binaries, 4557 generals, 0 SOSs, and 7860 indicators.
Presolve time = 0.29 sec. (247.56 ticks)
Tried aggregator 1 time.
Reduced MIP has 16978 rows, 236375 columns, and 508055 nonzeros.
Reduced MIP has 224378 binaries, 4557 generals, 0 SOSs, and 7860 indicators.
Presolve time = 0.46 sec. (359.13 ticks)
Represolve time = 12.47 sec. (11098.84 ticks)
  57762     0       45.9948  6207                  Cuts: 4344  3584038         
  57762     0       51.4000  5994                  Cuts: 4344  3588007         
  57762     0       51.4000  6059                  Cuts: 4344  3591358         
  57762     0       51.4000  6025                  Cuts: 4344  3595787         
  57762     0       51.4053  6181                  Cuts: 4344  3599096         
  57762     0       51.4444  6061                  Cuts: 4344  3603766         
  57762     0       51.4444  6089                  Cuts: 4344  3606923         
  57762     0       51.4444  6198                  Cuts: 4344  3611477         
  57762     0       51.4444  6017                  Cuts: 4344  3615404         
  57762     0       51.4444  6184                  Cuts: 4344  3618245         
  57762     1       51.4444  5217                     85.0000  3618245         
Elapsed time = 1675.25 sec. (2007596.13 ticks, tree = 0.02 MB, solutions = 0)
  57809    39       85.0000  4001                     85.0000  3622403         
  57888   109      127.0000  3456                     85.0000  3629547         
  57996   196       65.0000  4504                     85.0000  3641489         
  58142   350      169.0000  2628                     85.0000  3660195         
  58254   430      169.0000  2934                     85.0000  3693828         
  58407   540      169.0000  2818                     85.0000  3716590         
  58611   715      169.0000  2554                     85.0000  3730036         
  59087   893      165.0000  3334                     85.0000  3744387         
  59637  1414      127.0000  3204                     85.0000  3753592         
  59739  1899      293.0000  2800                     85.0000  3791896         
Elapsed time = 1749.05 sec. (2046037.92 ticks, tree = 434.86 MB, solutions = 0)
  59853  2003      127.0000  4163                     85.0000  3812767         
  59977  2080      129.0000  3940                     85.0000  3828787         
  60114  2242      327.0000  2767                     85.0000  3860583         
  60225  2318      327.0000  2603                     85.0000  3870373         
  60337  2411      169.0000  3448                     85.0000  3883785         
  60477  2572      253.0000  3165                     85.0000  3903657         
  60598  2459       64.0000  5677                     85.0000  3897818         

GUB cover cuts applied:  53
Clique cuts applied:  205
Cover cuts applied:  192
Implied bound cuts applied:  1591
Flow cuts applied:  133
Mixed integer rounding cuts applied:  3027
Zero-half cuts applied:  16
Gomory fractional cuts applied:  6

Root node processing (before b&c):
  Real time             =   17.92 sec. (24434.19 ticks)
Parallel b&c, 8 threads:
  Real time             = 1782.18 sec. (2048882.23 ticks)
  Sync time (average)   =  232.31 sec.
  Wait time (average)   =    1.51 sec.
                          ------------
Total (root+branch&cut) = 1800.09 sec. (2073316.42 ticks)
! --------------------------------------------------------
! Problem is UNKNOWN
! CPLEX Status = AbortTimeLim
! --------------------------------------------------------
