! Solving for graph /home/truongxuanhieu/CPLEX-MIP-for-MinSpanLabeling/benchmarks/abp/O-impcol_d.mtx.rnd
! Target value is set to 150
! Lower bound is set to 151
! Upper bound is set to 532
! Time limit is set to 1800
! Vertices mode is set to Has hole
! Target value mode is set to Antibandwidth
Version identifier: 22.2.0.0 | 2026-05-04 | 5dff98e58
CPXPARAM_TimeLimit                               1800
Tried aggregator 2 times.
MIP Presolve eliminated 1268 rows and 1116 columns.
MIP Presolve modified 226259 coefficients.
Aggregator did 3809 substitutions.
Reduced MIP has 7195 rows, 232178 columns, and 469430 nonzeros.
Reduced MIP has 227526 binaries, 1693 generals, 0 SOSs, and 2959 indicators.
Presolve time = 0.60 sec. (969.01 ticks)
Probing time = 0.90 sec. (422.50 ticks)
Tried aggregator 1 time.
Detecting symmetries...
Reduced MIP has 7195 rows, 232178 columns, and 469430 nonzeros.
Reduced MIP has 227526 binaries, 2118 generals, 0 SOSs, and 2959 indicators.
Presolve time = 0.42 sec. (337.85 ticks)
Probing time = 0.11 sec. (45.34 ticks)
Clique table members: 6438.
MIP emphasis: balance optimality and feasibility.
MIP search method: dynamic search.
Parallel mode: deterministic, using up to 8 threads.
Root relaxation solution time = 0.40 sec. (304.77 ticks)

        Nodes                                         Cuts/
   Node  Left     Objective  IInf  Best Integer    Best Bound    ItCnt     Gap

      0     0      151.0000   954                    151.0000     1401         
      0     0      151.0000  2517                  Cuts: 1898     4215         
      0     0      151.0000  2093                  Cuts: 1898     5389         
      0     0      151.0000  1977                  Cuts: 1898     6697         
      0     0      151.0000  1813                  Cuts: 1898     8756         
      0     0      151.0000  2027                  Cuts: 1705    10224         
Detecting symmetries...
Detecting symmetries...
      0     2      151.0000  2027                    151.0000    10224         
Elapsed time = 23.12 sec. (32008.72 ticks, tree = 0.02 MB, solutions = 0)
      2     4      300.0000  1712                    151.0000    12490         
     13     9      151.0000  2074                    151.0000    13003         
     32    22      300.0000  1713                    151.0000    13781         
     58    42      151.0000  1879                    151.0000    15032         
     95    68      151.0000  2004                    151.0000    16148         
    156   110      151.0000  1924                    151.0000    17550         
    216   195      301.0000  1619                    151.0000    18258         
    265   242      151.0000  1841                    151.0000    18594         
    322   281      301.0000  1572                    151.0000    19812         
    477   427      301.0000  1527                    151.0000    23052         
Elapsed time = 26.93 sec. (35333.60 ticks, tree = 52.09 MB, solutions = 0)
    513   493    infeasible                          151.0000    39841         
    515   482      451.0000  1316                    151.0000    36549         
    596   542      301.0000  1607                    151.0000    54743         
    742   637      172.1864  2393                    151.0000    64071         
    879   745      301.0000  1493                    151.0000    74438         
   1004   793      301.0000  1545                    151.0000    77329         
   1133   918      301.0000  1648                    151.0000    88115         
   1277  1005      320.0000  1477                    151.0000    90425         
   1428  1217      451.0000  1290                    151.0000   105950         
   1576  1334      301.0000  1710                    151.0000   119231         
Elapsed time = 46.16 sec. (47288.36 ticks, tree = 205.38 MB, solutions = 0)
   1726  1458      451.0000  1287                    151.0000   125213         
   1857  1480      451.0000  1242                    151.0000   125532         
   1997  1620      451.0000  1204                    151.0000   130993         
   2158  1808      451.0000  1429                    151.0000   149793         
   2299  1931      301.0000  1615                    151.0000   161589         
   2441  2020      451.0000  1104                    151.0000   169718         
   2566  2177      301.0000  1601                    151.0000   188274         
   2705  2280      376.0000  1478                    151.0000   193569         
   2848  2366      451.0000  1233                    151.0000   197058         
   2971  2450      451.0000  1238                    151.0000   206311         
Elapsed time = 58.51 sec. (56882.98 ticks, tree = 401.23 MB, solutions = 0)
   3161  2540      451.0000  1310                    151.0000   219403         
   3282  2673      301.0000  1480                    151.0000   226282         

Performing restart 1

Repeating presolve.
Tried aggregator 1 time.
MIP Presolve eliminated 0 rows and 510 columns.
Reduced MIP has 7195 rows, 231668 columns, and 468410 nonzeros.
Reduced MIP has 227016 binaries, 2118 generals, 0 SOSs, and 2959 indicators.
Presolve time = 0.25 sec. (247.48 ticks)
Tried aggregator 1 time.
Reduced MIP has 7195 rows, 231668 columns, and 468410 nonzeros.
Reduced MIP has 227016 binaries, 2118 generals, 0 SOSs, and 2959 indicators.
Presolve time = 0.44 sec. (364.86 ticks)
Represolve time = 2.15 sec. (1286.28 ticks)
   3337     0      151.0000  2529                  Cuts: 1898   253560         
   3337     0      151.0000  3017                  Cuts: 1898   256367         
   3337     0      151.0000  3004                  Cuts: 1898   258408         
   3337     0      151.0000  3009                  Cuts: 1898   260344         
   3337     0      151.0000  3116                  Cuts: 1898   263483         
   3337     2      151.0000  2331                    151.0000   263483         
   3347     7      156.1001  2603                    151.0000   264329         
   3378    30      301.0000  1553                    151.0000   267799         
   3458    79      301.0000  1641                    151.0000   277317         
   3554   150      301.0000  1589                    151.0000   289040         
   3723   306      303.0000  1461                    151.0000   293416         
   3881   419      301.0000  1519                    151.0000   300170         
   4060   580      320.0000  1324                    151.0000   304940         
Elapsed time = 171.42 sec. (208667.90 ticks, tree = 63.09 MB, solutions = 0)
   4256   697      302.0000  1294                    151.0000   307601         
   4399   843      302.0000  1239                    151.0000   310930         
   4429   842      151.0000  2580                    151.0000   312728         
   4434   981    infeasible                          151.0000   319612         
   4437  1011      301.0000  2002                    151.0000   325792         
   4440  1013    infeasible                          151.0000   324895         
   4441  1014    infeasible                          151.0000   324850         
   4442  1008    infeasible                          151.0000   323724         
   4459  1019      453.0000  1121                    151.0000   327690         
   4486  1037      453.0000   992                    151.0000   327845         
Elapsed time = 200.52 sec. (222099.50 ticks, tree = 129.16 MB, solutions = 0)
   4522  1056      453.0000   966                    151.0000   328290         
   4583  1114      301.0000  2082                    151.0000   341780         
   4702  1168    infeasible                          151.0000   345158         
   4819  1161      301.0000  1665                    151.0000   343993         
   4923  1271    infeasible                          151.0000   355517         
   5070  1323      301.0000  1587                    151.0000   357482         
   5195  1382      449.0000  1533                    151.0000   364539         
   5332  1541      451.0000  1405                    151.0000   373258         
   5465  1670      301.0000  1884                    151.0000   377642         
   5601  1848      301.0000  1331                    151.0000   387206         
Elapsed time = 216.34 sec. (231697.94 ticks, tree = 248.63 MB, solutions = 0)
   5764  1755      302.0000  1213                    151.0000   385678         
   5903  2007      384.0000  1132                    151.0000   392086         
   6070  2255      385.0000  1099                    151.0000   396765         
   6199  2221      451.0000   983                    151.0000   395433         
   6347  2415      301.0000  1147                    151.0000   399563         
   6505  2628      524.0000  1143                    151.0000   405910         
   6655  2751      513.0000  1103                    151.0000   409532         
   6790  2886      301.0000  1971                    151.0000   417779         
   6914  2960      451.0000  1380                    151.0000   421261         
   7027  3105      451.0000  1296                    151.0000   429851         
Elapsed time = 229.04 sec. (241274.57 ticks, tree = 442.26 MB, solutions = 0)
   7147  3243      421.0000  1407                    151.0000   444104         
   7283  3378      451.0000  1357                    152.0000   451943         
   7414  3489      451.0000  1033                    152.0000   455625         
   7542  3576      451.0000  1168                    152.0000   458805         
   7653  3742      326.0000  1811                    152.0000   469794         
   7793  3694      451.0000   921                    152.0000   462722         
   7910  3882      529.0000  1035                    152.0000   471572         
   8002  3979      453.0000  1306                    152.0000   477359         
   8011  4058    infeasible                          152.0000   480332         
   8012  3979      451.0000  1175                    152.0000   480147         
Elapsed time = 256.20 sec. (255717.82 ticks, tree = 573.61 MB, solutions = 0)
   8040  4151    infeasible                          152.0000   488083         
   8110  4203      301.0000  1514                    152.0000   492489         
   8197  4220      301.0000  1494                    152.0000   493124         
   8296  4290      452.0000  1065                    152.0000   493144         
   8403  4395      452.0000  1039                    152.0000   508666         
   8494  4463      451.0000  1296                    152.0000   515586         
   8600  4558      156.9455  3127                    152.0000   526544         
   8711  4653      452.0000   964                    152.0000   529883         
   8822  4697      451.0000  1112                    152.0000   531026         
   8942  4820      451.0000  1241                    152.0000   550616         
Elapsed time = 268.37 sec. (265309.07 ticks, tree = 703.19 MB, solutions = 0)
   9069  5065      451.0000  1214                    152.0000   565456         
   9192  5115      453.0000  1080                    152.0000   566214         
   9335  5111      451.0000  1032                    152.0000   566300         
   9471  5401      472.0000  1041                    152.0000   578081         
   9602  5373      451.0000   882                    152.0000   578124         
   9742  5613      301.0000  1970                    152.0000   593145         
   9879  5612      451.0000  1135                    152.0000   591533         
  10039  5730    infeasible                          152.0000   596228         
  10194  5982      452.0000   791                    152.0000   602469         
  10380  6176    infeasible                          152.0000   606072         
Elapsed time = 289.55 sec. (278818.15 ticks, tree = 918.20 MB, solutions = 0)
  10385  6272      451.0000  1237                    152.0000   609196         
  10597  6484      302.0000  1664                    152.0000   623618         
  11073  6665      301.0000  1838                    152.0000   638968         
  11557  7116    infeasible                          152.0000   659672         
  12021  7582      349.0000  1355                    152.0000   691211         
  12499  7968      451.0000  1375                    152.0000   716692         
  12852  8396    infeasible                          152.0000   741720         
  13101  8659      451.0000  1809                    152.0000   757711         

Performing restart 2

Repeating presolve.
Tried aggregator 1 time.
MIP Presolve modified 266 coefficients.
Reduced MIP has 7195 rows, 231668 columns, and 539019 nonzeros.
Reduced MIP has 227016 binaries, 2118 generals, 0 SOSs, and 2959 indicators.
Presolve time = 0.27 sec. (279.51 ticks)
Tried aggregator 1 time.
Reduced MIP has 7195 rows, 231668 columns, and 539019 nonzeros.
Reduced MIP has 227016 binaries, 2118 generals, 0 SOSs, and 2959 indicators.
Presolve time = 0.45 sec. (375.06 ticks)
Represolve time = 3.77 sec. (2763.22 ticks)
  13174     0      151.0000  2939                  Cuts: 1898   781932         
  13174     0      151.0000  2905                  Cuts: 1898   784375         
  13174     0      151.0000  3160                  Cuts: 1898   788117         
  13174     0      151.0000  3084                  Cuts: 1898   791987         
  13174     0      151.0000  3019                  Cuts: 1898   794747         
  13174     0      151.0000  3336                  Cuts: 1898   798478         
  13174     0      151.0000  3352                  Cuts: 1898   803016         
  13174     0      151.0899  3849                  Cuts: 1898   808172         
  13174     0      151.1345  3678                  Cuts: 1898   810675         
  13174     0      151.1345  3701                  Cuts: 1898   812144         
  13174     0      151.1345  3831                  Cuts: 1898   813596         
  13174     2      151.1345  3222                    153.0000   813596         
  13195    20      301.0000  1750                    153.0000   819236         
Elapsed time = 1016.88 sec. (1508941.56 ticks, tree = 1.14 MB, solutions = 0)
  13264    78      189.0000  2673                    166.0000   843030         
  13345   145      301.0000  2234                    175.9442   854933         
  13434   234      451.0000  1503                    175.9442   861646         
  13532   290      302.0000  1902                    175.9442   867412         
  13653   399      451.0000  1363                    175.9442   870914         
  13771   518      301.0000  2103                    188.2500   877627         
  13882   589      451.0000  1521                    188.4372   886434         
  13996   713      451.0000  1393                    188.4372   893493         
  14115   838      451.0000  1055                    188.4372   897690         
  14213   942      201.0000  2636                    188.4372   904581         
Elapsed time = 1068.93 sec. (1547484.20 ticks, tree = 122.74 MB, solutions = 0)
  14319   977      451.0000  1379                    188.4372   905038         
  14432  1119      451.0000  1460                    188.4372   918534         
  14544  1187      451.0000  1114                    188.4372   926479         
  14664  1304      451.0000  1424                    188.4372   933974         
  14782  1477      492.0000   904                    188.4372   937892         
  14889  1521      452.0000  1043                    188.4372   938661         
  14991  1598      301.0000  2471                    188.4372   949942         
  15090  1748      451.0000  1521                    188.4372   968637         
  15195  1846      452.0000  1647                    188.4372   984665         
  15302  1940      301.0000  1877                    188.4372   994568         
Elapsed time = 1122.23 sec. (1585929.86 ticks, tree = 282.93 MB, solutions = 0)
  15411  2032      451.0000  1403                    188.4372  1001424         
  15520  2113      452.0000   969                    188.4372  1006323         
  15626  2187      451.0000  1267                    188.4372  1013522         
  15742  2353      451.0000  1308                    188.4372  1027617         
  15850  2425      451.0000  1189                    188.4372  1030727         
  15964  2460      452.0000  1134                    188.4372  1031425         
  16068  2646      453.0000  1150                    188.4372  1040834         
  16163  2686      451.0000  1119                    188.4372  1044239         
  16260  2827      451.0000  1446                    189.0000  1056108         
  16354  2828      451.0000  1599                    189.0000  1055446         
Elapsed time = 1173.07 sec. (1624571.60 ticks, tree = 428.82 MB, solutions = 0)
  16443  2922      451.0000  1325                    189.0000  1066669         
  16528  3026      452.0000  1367                    189.0000  1079489         
  16622  3159      451.0000  1549                    189.0000  1090214         
  16708  3236      452.0000   962                    189.0000  1097883         
  16797  3320      451.0000  1985                    189.0000  1105102         
  16883  3399      451.0000  1524                    189.0000  1108112         
  16961  3427      451.0000  1980                    189.0000  1111822         
  17034  3523      451.0000  1714                    201.0000  1122115         
  17112  3606      301.0000  2432                    201.0000  1139808         
  17194  3607      452.0000  1383                    201.0000  1136321         
Elapsed time = 1222.84 sec. (1663076.10 ticks, tree = 562.03 MB, solutions = 0)
  17268  3700      451.0000  1541                    201.0000  1151040         
  17354  3829      451.0000  1634                    201.0000  1167163         
  17443  3885      301.0000  2125                    301.0000  1173841         
  17530  3909      454.0000  1310                    301.0000  1174293         
  17621  4069      451.0000  1472                    301.0000  1192615         
  17717  4060      452.0000  1337                    301.0000  1192851         
  17814  4136      451.0000  1332                    301.0000  1194520         
  17904  4244      452.0000  1257                    301.0000  1201778         
  17997  4299      451.0000  1908                    301.0000  1209150         
  18085  4479      333.8813  2614                    301.0000  1227724         
Elapsed time = 1270.67 sec. (1701587.23 ticks, tree = 715.49 MB, solutions = 0)
  18160  4487      451.0000  1722                    301.0000  1230018         
  18235  4614      451.0000  1917                    301.0000  1258237         
  18307  4706      451.0000  2063                    301.0000  1278456         
  18394  4691      451.0000  1639                    301.0000  1269606         
  18487  4819      452.0000  1507                    301.0000  1290921         
  18569  4827      452.0000  1450                    301.0000  1291102         
  18650  4917      301.0000  2527                    301.0000  1299398         
  18731  5034      451.0000  1314                    301.0000  1307289         
  18809  5172      451.0000  1291                    301.0000  1320137         
  18884  5161      451.0000  1650                    301.0000  1319616         
Elapsed time = 1318.80 sec. (1740068.60 ticks, tree = 839.06 MB, solutions = 0)
  18966  5295      451.0000  1612                    301.0000  1332560         
  19053  5290      452.0000  1262                    301.0000  1327159         
  19133  5447      451.0000  1551                    301.0000  1341296         
  19217  5404      493.0000  1110                    301.0000  1338286         
  19290  5597      458.0000  1227                    301.0000  1347170         
  19363  5604      458.0000  1148                    301.0000  1347622         
  19447  5720      452.0000  1165                    301.0000  1359685         
  19524  5700      451.0000  2025                    301.0000  1362254         
  19597  5763      459.0000  1042                    301.0000  1362052         
  19683  5852      451.0000  1668                    301.0000  1378990         
Elapsed time = 1367.52 sec. (1778664.13 ticks, tree = 965.90 MB, solutions = 0)
  19766  5928      459.0000   997                    301.0000  1388729         
  19848  6092      451.0000  1452                    301.0000  1404442         
  19934  6170      451.0000  1301                    301.0000  1407634         
  20029  6199      377.0000  2027                    301.0000  1410443         
  20119  6296      451.0000  1105                    301.0000  1420180         
  20205  6426      451.0000  1532                    301.0000  1427035         
  20296  6476      451.0000  1048                    301.0000  1436342         
  20383  6453      452.0000  1268                    301.0000  1428471         
  20458  6561      301.0000  2406                    301.0000  1441544         
  20529  6693      451.0000  1837                    301.0000  1454528         
Elapsed time = 1415.93 sec. (1817206.98 ticks, tree = 1121.86 MB, solutions = 0)
  20606  6682      453.0000  1006                    301.0000  1449836         
  20687  6780      452.0000  1174                    301.0000  1458042         
  20752  6840      301.0000  2450                    301.0000  1462240         
  20824  6912      451.0000  1872                    301.0000  1469942         
  20898  6950      451.0000  1755                    301.0000  1470198         
  20980  7086      451.0000  1514                    301.0000  1491377         
  21058  7093      451.0000  1867                    301.0000  1494349         
  21142  7238      505.0000  1414                    301.0000  1501742         
  21217  7290    infeasible                          301.0000  1513598         
  21287  7301      451.0000  1741                    301.0000  1514228         
Elapsed time = 1462.37 sec. (1855752.28 ticks, tree = 1233.84 MB, solutions = 0)
  21371  7353      451.0000  1659                    301.0000  1521161         
  21458  7393      493.0000  1045                    301.0000  1529503         
  21536  7492      301.0000  2287                    301.0000  1544380         
  21621  7563      453.0000  1738                    301.0000  1553437         
  21710  7671      451.0000  1216                    301.0000  1565771         
  21794  7808      451.0000  1404                    301.0000  1581878         
  21886  7694      527.0000  1516                    301.0000  1571987         
  21983  7930      476.0000  1460                    301.0000  1599411         
  22079  7900      527.0000  1411                    301.0000  1593592         
  22176  8053      451.0000  1196                    301.0000  1607039         
Elapsed time = 1510.05 sec. (1894289.09 ticks, tree = 1374.15 MB, solutions = 0)
  22266  8010      301.0000  2277                    301.0000  1609024         
  22353  8295      453.0000  1076                    301.0000  1625337         
  22436  8371      333.8813  2663                    301.0000  1637708         
  22524  8359      528.0000  1241                    301.0000  1631829         
  22615  8451      451.0000  1978                    301.0000  1647176         
  22691  8585      452.0000  1577                    301.0000  1661278         
  22777  8686      451.0000  1511                    301.0000  1669419         
  22841  8657      301.0000  2271                    301.0000  1670154         
  22903  8758      333.8813  2591                    301.0000  1680236         
  22973  8819      451.0000  1846                    301.0000  1697042         
Elapsed time = 1557.20 sec. (1933008.03 ticks, tree = 1518.41 MB, solutions = 0)
  23045  8792      451.0000  1854                    301.0000  1687291         
  23116  8929      451.0000  1602                    301.0000  1725427         
  23181  8902      451.0000  1172                    301.0000  1715569         
  23250  9107      451.0000  1861                    301.0000  1753532         
  23323  9051      451.0000  1532                    301.0000  1747820         
  23393  9182      451.0000  1367                    301.0000  1759767         
  23482  9197      451.0000  1829                    301.0000  1769236         
  23561  9267      451.0000  1101                    301.0000  1777764         
  23643  9385      451.0000  1137                    301.0000  1787648         
  23726  9499      451.0000  1071                    301.0000  1796059         
Elapsed time = 1604.68 sec. (1971550.36 ticks, tree = 1646.30 MB, solutions = 0)
  23813  9507      452.0000  1016                    301.0000  1796764         
  23894  9657      452.0000  1393                    301.0000  1806761         
  23979  9787      451.0000  1638                    301.0000  1823141         
  24064  9750      451.0000  1069                    301.0000  1815009         
  24146  9767      452.0000  1872                    301.0000  1819498         
  24231  9982      451.0000  2413                    301.0000  1844583         
  24303  9829      451.0000  1771                    301.0000  1833543         
  24381  9925      451.0000  1739                    301.0000  1846545         
  24460 10068      451.0000  1603                    301.0000  1850420         
  24535 10101      527.0000  1333                    301.0000  1853384         
Elapsed time = 1650.03 sec. (2010102.15 ticks, tree = 1760.33 MB, solutions = 0)
  24622 10175      451.0000  1492                    301.0000  1864279         
  24707 10215      451.0000  1656                    301.0000  1873534         
  24788 10425      451.0000  2190                    301.0000  1910341         
  24867 10356      451.0000  1493                    301.0000  1894524         
  24931 10412    infeasible                          301.0000  1906008         
  25006 10625      451.0000  1785                    301.0000  1927469         
  25080 10570      527.0000  1088                    301.0000  1920981         
  25152 10646      451.0000  1620                    301.0000  1928903         
  25223 10778      451.0000  1127                    301.0000  1956703         
  25298 10902      451.0000  1728                    301.0000  1972306         
Elapsed time = 1695.44 sec. (2048744.85 ticks, tree = 1912.42 MB, solutions = 0)
  25372 10809      526.0000   999                    301.0000  1957785         
  25447 10869      452.0000  1411                    301.0000  1961849         
  25516 10950      451.0000  1309                    301.0000  1974006         
  25587 10977      451.0000  1818                    301.0000  1990342         
  25655 11116    infeasible                          301.0000  2006145         
  25725 11216      451.0000  1576                    301.0000  2010178         
  25799 11319      527.0000  1245                    301.0000  2021321         
  25869 11331      527.0000  1217                    301.0000  2021631         
  25945 11408      453.0000  1182                    301.0000  2035000         
  26018 11471      301.0000  2347                    301.0000  2049710         
Elapsed time = 1741.09 sec. (2087384.90 ticks, tree = 2022.07 MB, solutions = 0)
  26090 11427      527.0000  1143                    301.0000  2035546         
  26159 11595    infeasible                          301.0000  2059480         
  26229 11496      451.0000  1795                    301.0000  2054563         
  26307 11606      452.0000  1251                    301.0000  2059511         
  26384 11823      451.0000  1382                    301.0000  2097019         
  26458 11791      451.0000  1873                    301.0000  2099076         
  26519 11742      451.0000  1890                    301.0000  2084569         
  26589 12009      451.0000  1621                    301.0000  2133888         
  26662 11946      451.0000  1656                    301.0000  2116407         
  26732 11956      451.0000  1784                    301.0000  2117036         
Elapsed time = 1787.58 sec. (2125895.05 ticks, tree = 2116.89 MB, solutions = 0)
Nodefile size = 53.96 MB (28.86 MB after compression)
  26800 12081      452.0000  1289                    301.0000  2135653         
  26866 12251      301.0000  2282                    301.0000  2177198         
  26926 12123      452.0000  1639                    301.0000  2148539         

GUB cover cuts applied:  176
Clique cuts applied:  135
Cover cuts applied:  638
Implied bound cuts applied:  1766
Flow cuts applied:  299
Mixed integer rounding cuts applied:  4283
Zero-half cuts applied:  118
Gomory fractional cuts applied:  27

Root node processing (before b&c):
  Real time             =   22.86 sec. (31883.99 ticks)
Parallel b&c, 8 threads:
  Real time             = 1778.01 sec. (2106073.49 ticks)
  Sync time (average)   =  170.50 sec.
  Wait time (average)   =    0.31 sec.
                          ------------
Total (root+branch&cut) = 1800.87 sec. (2137957.48 ticks)
! --------------------------------------------------------
! Problem is UNKNOWN
! CPLEX Status = AbortTimeLim
! --------------------------------------------------------
