! Solving for graph /home/truongxuanhieu/CPLEX-MIP-for-MinSpanLabeling/benchmarks/abp/P-can__445.mtx.rnd
! Target value is set to 112
! Lower bound is set to 113
! Upper bound is set to 557
! Time limit is set to 1800
! Vertices mode is set to Has hole
! Target value mode is set to Antibandwidth
Version identifier: 22.2.0.0 | 2026-05-04 | 5dff98e58
CPXPARAM_TimeLimit                               1800
Tried aggregator 2 times.
MIP Presolve eliminated 1683 rows and 1168 columns.
MIP Presolve modified 248032 coefficients.
Aggregator did 4699 substitutions.
Reduced MIP has 8955 rows, 255651 columns, and 517681 nonzeros.
Reduced MIP has 249714 binaries, 2128 generals, 0 SOSs, and 3809 indicators.
Presolve time = 0.65 sec. (1180.04 ticks)
Probing time = 0.94 sec. (452.75 ticks)
Tried aggregator 1 time.
Detecting symmetries...
Reduced MIP has 8955 rows, 255651 columns, and 517681 nonzeros.
Reduced MIP has 249714 binaries, 2573 generals, 0 SOSs, and 3809 indicators.
Presolve time = 0.50 sec. (365.93 ticks)
Probing time = 0.12 sec. (49.49 ticks)
Clique table members: 6741.
MIP emphasis: balance optimality and feasibility.
MIP search method: dynamic search.
Parallel mode: deterministic, using up to 8 threads.
Root relaxation solution time = 0.49 sec. (359.05 ticks)

        Nodes                                         Cuts/
   Node  Left     Objective  IInf  Best Integer    Best Bound    ItCnt     Gap

      0     0      113.0000  1210                    113.0000     1847         
      0     0      113.0000  3006                  Cuts: 2338     4455         
      0     0      113.0000  2677                  Cuts: 2338     5714         
      0     0      113.0000  2456                  Cuts: 2338     7380         
      0     0      113.0000  2569                  Cuts: 2338     9319         
Detecting symmetries...
      0     2      113.0000  2569                    113.0000     9319         
Elapsed time = 19.65 sec. (25096.66 ticks, tree = 0.02 MB, solutions = 0)
      7     9      113.0000  2438                    113.0000     9490         
     10     5      113.0000  2462                    113.0000     9501         
     20    20      113.0000  2453                    113.0000    10374         
     65    27      113.0000  2165                    113.0000    11152         
    106    89      113.0000  2049                    113.0000    15607         
    166   139      113.0000  1951                    113.0000    18175         
    208   188      113.0000  2054                    113.0000    19748         
    227   167      225.0000  1949                    113.0000    21719         
    234   228      113.0000  2394                    113.0000    30727         
    306   269      225.0000  2006                    113.0000    51970         
Elapsed time = 24.29 sec. (28510.87 ticks, tree = 29.55 MB, solutions = 0)
    317   317      225.0000  1646                    113.0000    61789         
    384   353      225.0000  1665                    113.0000    63568         
    476   410      337.0000  1325                    113.0000    68639         
    577   525      337.0000  1318                    113.0000    77922         
    687   622      449.0000  1210                    113.0000    81834         
    790   665      337.0000  1331                    113.0000    82713         
    894   748      449.0000  1306                    113.0000    85186         
    984   894      449.0000  1125                    113.0000    91131         
   1128   968      337.0000  1265                    113.0000   108088         
   1270  1157      449.0000  1180                    113.0000   122203         
Elapsed time = 38.28 sec. (38108.07 ticks, tree = 201.18 MB, solutions = 0)
   1401  1252      449.0000  1216                    113.0000   126342         
   1548  1313      449.0000  1102                    113.0000   128259         
   1693  1485      225.0000  1806                    113.0000   140219         
   1822  1559      225.0000  1868                    113.0000   145956         
   1943  1651      337.0000  1455                    113.0000   156413         
   2064  1822      449.0000  1220                    113.0000   168912         
   2187  1962      337.0000  1436                    113.0000   177277         
   2272  2000      225.0000  1607                    113.0000   180110         
   2381  2066      225.0000  1809                    113.0000   185228         
   2467  2163      337.0000  1578                    113.0000   194955         
Elapsed time = 50.62 sec. (47708.11 ticks, tree = 403.75 MB, solutions = 0)
   2605  2279      225.0000  1992                    113.0000   207853         
   2744  2341      449.0000  1211                    113.0000   209334         
   2898  2600      337.0000  1603                    113.0000   222675         
   3052  2629      449.0000  1360                    113.0000   226373         
   3186  2812      449.0000  1183                    113.0000   232649         
   3333  3038      225.0000  1833                    113.0000   246464         
   3487  3017      449.0000  1397                    113.0000   246007         
   3643  3200      225.0000  1690                    113.0000   254124         
   3763  3331      449.0000  1099                    113.0000   258102         
   3898  3452    infeasible                          113.0000   261576         
Elapsed time = 62.68 sec. (57294.79 ticks, tree = 665.21 MB, solutions = 0)
   4053  3520      449.0000  1227                    113.0000   268328         
   4156  3759      449.0000  1564                    113.0000   282015         
   4309  3863      225.0000  1920                    113.0000   301112         
   4440  3961      449.0000  1331                    113.0000   304407         
   4565  4138      337.0000  1342                    113.0000   317812         
   4678  4235      225.0000  1711                    113.0000   324571         
   4825  4253      225.0000  1626                    113.0000   325866         
   4956  4444      225.0000  1657                    113.0000   341165         
   5076  4648      225.0000  1578                    113.0000   352996         
   5267  4630      337.0000  1222                    113.0000   349726         
Elapsed time = 73.66 sec. (66907.47 ticks, tree = 905.60 MB, solutions = 0)
   5454  4959      337.0000  1042                    113.0000   366084         
   5697  5076      337.0000  1094                    113.0000   367895         
   5956  5216    infeasible                          113.0000   370425         
   6187  5551      337.0000  1142                    113.0000   371163         
   6337  5575      262.0000  1447                    113.0000   371366         
   6501  5843      337.0000   999                    113.0000   381284         
   6650  5955      225.0000  1716                    113.0000   388359         
   6788  6130      225.0000  1813                    113.0000   402537         
   6971  6320      225.0000  1690                    113.0000   413165         
   7165  6510      337.0000  1423                    113.0000   421039         
Elapsed time = 85.05 sec. (76490.54 ticks, tree = 1291.17 MB, solutions = 0)
   7339  6512      225.0000  1333                    113.0000   419745         
   7559  6700      225.0000  1422                    113.0000   424353         
   7743  7068      225.0000  1305                    113.0000   430959         
   7924  7329      225.0000  1795                    113.0000   442103         
   8119  7444      113.0000  2112                    113.0000   448395         
   8221  7583      225.0000  1653                    113.0000   455569         
   8353  7531      225.0000  1811                    113.0000   455051         
   8525  7790      225.0000  1757                    113.0000   470844         
   8652  7905      225.0000  1743                    113.0000   483084         
   8847  8096      225.0000  1632                    113.0000   489731         
Elapsed time = 96.05 sec. (86091.23 ticks, tree = 1619.31 MB, solutions = 0)
   9045  8278      229.0000  1258                    113.0000   493475         
   9233  8428      225.0000  1505                    113.0000   496595         
   9432  8680      449.0000  1461                    113.0000   503424         
   9647  8775      225.0000  1457                    113.0000   504525         
   9867  8886      225.0000  1257                    113.0000   504876         
  10096  9236      337.0000  1581                    113.0000   513195         
  10413  9532      449.0000  1292                    113.0000   518016         
  10704  9607      337.0000  1653                    113.0000   521795         
  10882  9981      337.0000  1597                    113.0000   533678         
  11069 10290      337.0000  1280                    113.0000   540130         
Elapsed time = 107.14 sec. (95667.35 ticks, tree = 2073.56 MB, solutions = 0)
Nodefile size = 12.60 MB (6.38 MB after compression)
  11273 10445      337.0000  1299                    113.0000   547976         
  11460 10619      225.0000  1557                    113.0000   549977         
  11617 10740      337.0000  1116                    113.0000   551454         
  11658 10753      337.0000  1479                    113.0000   554172         
  11680 11102      337.0000  1314                    113.0000   564423         
  11747 11107      252.0000  1827                    113.0000   568204         
  11870 11137      337.0000  1343                    113.0000   569531         
  12007 11174    infeasible                          113.0000   572936         
  12133 11225      225.0000  1709                    113.0000   574988         
  12298 11361      337.0000  1281                    113.0000   584107         
Elapsed time = 125.68 sec. (105297.42 ticks, tree = 2293.51 MB, solutions = 0)
Nodefile size = 233.22 MB (116.98 MB after compression)
  12448 11399      337.0000  1607                    113.0000   587347         
  12586 11479      337.0000  1659                    113.0000   591092         
  12750 11622      225.0000  1490                    113.0000   593573         
  12952 11739      337.0000  1474                    113.0000   595010         
  13201 12035      225.0000  1769                    113.0000   602543         
  13463 12255      337.0000  1553                    113.0000   607856         
  13670 12455      225.0000  1338                    113.0000   612515         
  13864 12369      337.0000  1722                    113.0000   607997         
  14031 12602      337.0000  1485                    113.0000   617673         
  14734 13454      225.0000  1442                    113.0000   643281         
Elapsed time = 143.27 sec. (117743.25 ticks, tree = 2728.78 MB, solutions = 0)
Nodefile size = 660.10 MB (329.96 MB after compression)
  15480 14193      225.0000  1338                    113.0000   670363         
  16299 14639      337.0000  1270                    113.0000   692040         
  17217 15120      225.0000  1956                    113.0000   700397         
  18075 15872      225.0000  1729                    113.0000   722580         
  18859 16825      337.0000  1313                    113.0000   754140         
  19814 17162      225.0000  1943                    113.0000   764967         
  20692 17974      337.0000  1424                    113.0000   779330         
  21421 19012      337.0000  1271                    113.0000   811064         
  22084 19462      131.7784  2982                    113.0000   833519         
  22793 20221      225.0000  1567                    113.0000   884788         
Elapsed time = 186.06 sec. (155952.86 ticks, tree = 4135.66 MB, solutions = 0)
Nodefile size = 2070.49 MB (1034.30 MB after compression)
  23489 20492      225.0000  1806                    113.0000   902288         
  24162 21051      225.0000  1650                    113.0000   927759         
  24377 21625      225.0000  1644                    113.0000   950375         
  24956 21750      337.0000  1724                    113.0000   964717         
  25684 21899      225.0000  1840                    113.0000   989563         
  26240 22492      225.0000  1780                    113.0000  1000321         
  26441 23123      337.0000  1435                    113.0000  1014480         
  27069 23162      337.0000  1870                    113.0000  1017243         
  27781 23992      225.0000  1631                    113.0000  1042084         
  28535 24649      225.0000  1349                    113.0000  1059418         
Elapsed time = 249.36 sec. (194170.15 ticks, tree = 4880.03 MB, solutions = 0)
Nodefile size = 2808.82 MB (1346.14 MB after compression)
  29245 25057      337.0000  1562                    113.0000  1072660         
  30073 25887      449.0000  1379                    113.0000  1087518         
  30744 26487      226.0000  1686                    113.0000  1111294         
  31464 27007    infeasible                          113.0000  1137187         
  32134 27494      225.0000  1994                    113.0000  1152292         
  32818 27763      337.0000  1477                    113.0000  1157120         
  33502 28558      225.0000  1775                    113.0000  1177625         
  34234 29167    infeasible                          113.0000  1195209         
  34642 29420      225.0000  2076                    113.0000  1209178         

Performing restart 1

Repeating presolve.
Tried aggregator 1 time.
Reduced MIP has 8955 rows, 255651 columns, and 517681 nonzeros.
Reduced MIP has 249714 binaries, 2573 generals, 0 SOSs, and 3809 indicators.
Presolve time = 0.26 sec. (244.89 ticks)
Tried aggregator 1 time.
Reduced MIP has 8955 rows, 255651 columns, and 517681 nonzeros.
Reduced MIP has 249714 binaries, 2573 generals, 0 SOSs, and 3809 indicators.
Presolve time = 0.47 sec. (374.34 ticks)
Represolve time = 2.19 sec. (1381.61 ticks)
  34643     0      113.0000  3430                  Cuts: 2338  1233258         
  34643     0      113.0000  3351                  Cuts: 2338  1235794         
  34643     0      113.0000  3414                  Cuts: 2338  1237988         
  34643     0      113.0000  3664                  Cuts: 2338  1241702         
  34643     0      113.0000  3482                  Cuts: 2338  1244523         
  34643     0      113.0000  3451                  Cuts: 2338  1246733         
  34643     0      113.0000  3546                  Cuts: 2338  1249033         
  34643     2      113.0000  3318                    113.0000  1249033         
Elapsed time = 460.84 sec. (468046.66 ticks, tree = 0.02 MB, solutions = 0)
  34737    86      336.0000  2189                    113.0000  1261667         
  35146   396      447.0000  1938                    120.0157  1299658         
  35834  1063      337.0000  1930                    120.0157  1314245         
  35927  1256    infeasible                          120.0157  1323385         
  36024  1303      449.0000  1825                    120.0157  1324970         
  36356  1542      167.0000  3280                    120.0157  1358812         
  36768  1967      450.0000  1701                    120.0157  1378313         
  37299  2436      381.0000  1654                    120.0157  1394364         
  37879  2877      351.0000  1779                    120.0157  1408527         
  38249  3301      337.0000  1429                    120.0157  1424592         
Elapsed time = 526.16 sec. (511225.56 ticks, tree = 631.15 MB, solutions = 0)
  38687  3718      337.0000  1748                    120.0157  1445052         
  39125  4068      337.0000  1865                    120.0157  1460515         
  39450  4377      337.0000  2183                    120.0157  1480063         
  39845  4808      337.0000  1707                    120.0157  1509893         
  40275  5120      337.0000  1958                    120.0157  1523723         
  40681  5699      337.0000  1791                    120.0157  1549326         
  41048  6027      449.0000  1779                    120.0157  1564983         
  41361  6238      337.0000  1743                    120.0157  1578746         
  41741  6598      449.0000  1778                    120.0157  1606526         
  41949  6848      449.0000  1898                    120.0157  1622093         
Elapsed time = 591.33 sec. (555733.60 ticks, tree = 1367.72 MB, solutions = 0)

Performing restart 2

Repeating presolve.
Tried aggregator 1 time.
Reduced MIP has 8955 rows, 255651 columns, and 568557 nonzeros.
Reduced MIP has 249714 binaries, 2573 generals, 0 SOSs, and 3809 indicators.
Presolve time = 0.31 sec. (278.94 ticks)
Tried aggregator 1 time.
Reduced MIP has 8955 rows, 255651 columns, and 568557 nonzeros.
Reduced MIP has 249714 binaries, 2573 generals, 0 SOSs, and 3809 indicators.
Presolve time = 0.51 sec. (401.12 ticks)
Represolve time = 5.44 sec. (4348.14 ticks)
  42037     0      113.0000  3631                  Cuts: 2338  1657697         
  42037     0      113.0000  3641                  Cuts: 2338  1660521         
  42037     0      113.0000  3667                  Cuts: 2338  1664757         
  42037     0      113.0000  3709                  Cuts: 2338  1668547         
  42037     0      113.0926  4252                  Cuts: 2338  1671774         
  42037     0      113.1599  4315                  Cuts: 2338  1673545         
  42037     0      114.1888  4006                  Cuts: 2338  1675471         
  42037     0      120.9387  4026                  Cuts: 2338  1676708         
  42037     0      120.9387  4181                  Cuts: 2338  1678703         
  42037     2      120.9387  3505                    150.4438  1678703         
  42115    72      337.0000  1798                    150.4438  1685351         
  42242   177      339.0000  2137                    150.4438  1715154         
  42384   301      337.0000  1924                    150.4438  1730923         
  42580   449      338.0000  2006                    150.4438  1743115         
  42799   710      337.0000  1940                    150.4438  1752830         
  43014   853      337.0000  1900                    150.4438  1754717         
  43200  1093      377.0000  1663                    150.4438  1767930         
  43403  1268      337.0000  1841                    150.4438  1776400         
  43605  1484      450.0000  1571                    150.4438  1783835         
Elapsed time = 1208.05 sec. (1487454.30 ticks, tree = 245.81 MB, solutions = 0)
  43801  1659      449.0000  1642                    150.4438  1790029         
  43986  1818      451.0000  1565                    150.4438  1796543         
  44158  1974    infeasible                          150.4438  1803158         
  44336  2133      376.0000  1619                    150.4438  1818388         
  44514  2248      377.0000  1618                    150.4438  1827319         
  44674  2478      449.0000  1720                    150.4438  1844031         
  44859  2565      337.0000  1827                    150.4438  1853294         
  45054  2846      450.0000  1695                    150.4438  1872177         
  45264  3036      337.0000  2051                    150.4438  1879170         
  45445  3222      449.0000  1555                    150.4438  1885645         
Elapsed time = 1277.79 sec. (1525759.42 ticks, tree = 577.82 MB, solutions = 0)
  45608  3358      449.0000  1466                    150.4438  1896408         
  45802  3564      449.0000  1410                    150.4438  1908749         
  46004  3776      337.0000  2375                    150.4438  1920549         
  46222  3901      438.0000  1929                    150.4438  1921652         
  46400  4061      438.0000  1886                    150.4438  1926506         
  46561  4263      225.0000  2531                    150.4438  1943655         
  46709  4380      449.0000  1923                    150.4438  1958820         
  46884  4590      337.0000  2138                    150.4438  1982210         
  47081  4789      431.0000  2017                    150.4438  1997836         
  47265  4933      243.7784  3014                    150.4438  2011063         
Elapsed time = 1350.83 sec. (1564084.18 ticks, tree = 914.21 MB, solutions = 0)
  47463  5162      449.0000  1738                    150.4438  2026778         
  47656  5255      341.0000  1777                    150.4438  2029023         
  47855  5509      393.0000  2177                    150.4438  2039904         
  48053  5625      337.0000  2077                    150.4438  2050827         
  48257  5784      360.0000  1944                    150.4438  2057086         
  48442  6040      337.0000  1821                    150.4438  2064132         
  48638  6168      329.0000  2427                    167.4749  2075409         
  48844  6331      393.0000  1802                    167.4749  2080119         
  49047  6548      394.0000  1705                    167.4749  2092186         
  49243  6769      412.0000  1672                    167.4749  2099460         
Elapsed time = 1422.50 sec. (1602387.34 ticks, tree = 1278.44 MB, solutions = 0)
  49431  6972      450.0000  1642                    167.4749  2108308         
  49622  7112      449.0000  1643                    167.4749  2114879         
  49801  7390      449.0000  1614                    167.4749  2130011         
  49988  7477      337.0000  2255                    167.4749  2141185         
  50170  7735      450.0000  1504                    167.4749  2153215         
  50342  7875      473.0000  1658                    168.2534  2165145         
  50503  8006      449.0000  1532                    168.2534  2173759         
  50669  8201      449.0000  1518                    168.2534  2195585         
  50865  8287      449.0000  1818                    168.2534  2204977         
  51071  8465      338.0000  1863                    168.2534  2211095         
Elapsed time = 1494.43 sec. (1640683.60 ticks, tree = 1619.29 MB, solutions = 0)
  51276  8649      486.0000  1544                    168.2534  2218061         
  51454  8831      517.0000  1643                    168.2534  2221358         
  51634  9152      557.0000  1560                    168.2534  2232104         
  51793  9184      337.0000  2077                    168.2534  2234970         
  51957  9340      449.0000  1802                    168.2534  2247555         
  52114  9648      450.0000  1803                    168.2534  2273977         
  52304  9673      521.0000  1712                    168.2534  2274773         
  52502  9842      337.0000  2118                    168.2534  2295828         
  52696 10001      342.0000  1858                    168.2534  2301023         
  52893 10180    infeasible                          168.2534  2308627         
Elapsed time = 1567.29 sec. (1678985.21 ticks, tree = 1971.51 MB, solutions = 0)
  53069 10394      449.0000  1744                    168.2534  2318535         
  53234 10694      394.0000  2378                    168.2534  2333857         
  53402 10743      449.0000  2022                    168.2534  2344519         
  53574 11002      449.0000  1965                    168.2534  2360366         
  53757 11153      450.0000  1619                    168.2534  2369426         
  53937 11392      338.0000  2236                    168.2534  2381121         
  54102 11367      360.0000  2299                    168.2534  2382667         
  54280 11630      449.0000  1945                    168.2534  2397024         
  54449 11654      449.0000  1871                    168.2534  2398323         
  54631 11839      374.0000  1876                    168.2534  2409986         
Elapsed time = 1639.93 sec. (1717275.60 ticks, tree = 2317.81 MB, solutions = 0)
Nodefile size = 254.00 MB (132.40 MB after compression)
  54819 12265      449.0000  1775                    168.2534  2432348         
  54980 12189      337.0000  2434                    168.2534  2437349         
  55152 12455      507.0000  1777                    168.2534  2440969         
  55333 12683      364.0000  1759                    168.2534  2458968         
  55504 12660      449.0000  1958                    168.2534  2462005         
  55692 13030      450.0000  1665                    168.2534  2479035         
  55873 13197      338.0000  2397                    168.2534  2492409         
  56065 13145      450.0000  1768                    168.2534  2483992         
  56233 13473      450.0000  1744                    168.2534  2502740         
  56404 13496      450.0000  1724                    168.2534  2503416         
Elapsed time = 1710.98 sec. (1755615.79 ticks, tree = 2669.91 MB, solutions = 0)
Nodefile size = 602.47 MB (316.82 MB after compression)
  56578 13747      449.0000  1751                    168.2534  2520688         
  56748 13982    infeasible                          168.2534  2535773         
  56916 14149      449.0000  2215                    168.2534  2546010         
  57109 14221      524.0000  1589                    168.2534  2547433         
  57295 14613      458.0000  1735                    168.2534  2569502         
  57461 14640      458.0000  1753                    168.2534  2569764         
  57633 14830      337.0000  2242                    168.2534  2585014         
  57765 14805      337.0000  2299                    168.2534  2583471         
  57942 15107      538.0000  1715                    168.2534  2595010         
  58122 15137      538.0000  1731                    168.2534  2595269         
Elapsed time = 1775.17 sec. (1793961.28 ticks, tree = 3018.98 MB, solutions = 0)
Nodefile size = 949.64 MB (504.46 MB after compression)
  58299 15388      449.0000  1578                    168.2534  2621163         
  58479 15512      449.0000  1688                    169.1000  2624663         
  58651 15831      449.0000  1631                    169.1000  2648734         

GUB cover cuts applied:  102
Clique cuts applied:  333
Cover cuts applied:  530
Implied bound cuts applied:  2064
Flow cuts applied:  265
Mixed integer rounding cuts applied:  3870
Zero-half cuts applied:  87
Gomory fractional cuts applied:  18

Root node processing (before b&c):
  Real time             =   19.41 sec. (24981.03 ticks)
Parallel b&c, 8 threads:
  Real time             = 1781.42 sec. (1784310.16 ticks)
  Sync time (average)   =  312.58 sec.
  Wait time (average)   =    0.48 sec.
                          ------------
Total (root+branch&cut) = 1800.83 sec. (1809291.18 ticks)
! --------------------------------------------------------
! Problem is UNKNOWN
! CPLEX Status = AbortTimeLim
! --------------------------------------------------------
