! Solving for graph /home/truongxuanhieu/CPLEX-MIP-for-MinSpanLabeling/benchmarks/abp/R-dwt__503.mtx.rnd
! Target value is set to 78
! Lower bound is set to 79
! Upper bound is set to 629
! Time limit is set to 1800
! Vertices mode is set to Has hole
! Target value mode is set to Antibandwidth
Version identifier: 22.2.0.0 | 2026-05-04 | 5dff98e58
CPXPARAM_TimeLimit                               1800
Tried aggregator 2 times.
MIP Presolve eliminated 2763 rows and 1320 columns.
MIP Presolve modified 316576 coefficients.
Aggregator did 7033 substitutions.
Reduced MIP has 13565 rows, 328631 columns, and 667055 nonzeros.
Reduced MIP has 319338 binaries, 3266 generals, 0 SOSs, and 6027 indicators.
Presolve time = 0.84 sec. (1916.07 ticks)
Probing time = 1.12 sec. (550.63 ticks)
Tried aggregator 1 time.
Detecting symmetries...
Reduced MIP has 13565 rows, 328631 columns, and 667055 nonzeros.
Reduced MIP has 319338 binaries, 3769 generals, 0 SOSs, and 6027 indicators.
Presolve time = 0.64 sec. (476.19 ticks)
Probing time = 0.16 sec. (62.37 ticks)
Clique table members: 7727.
MIP emphasis: balance optimality and feasibility.
MIP search method: dynamic search.
Parallel mode: deterministic, using up to 8 threads.
Root relaxation solution time = 0.87 sec. (551.30 ticks)

        Nodes                                         Cuts/
   Node  Left     Objective  IInf  Best Integer    Best Bound    ItCnt     Gap

      0     0       79.0000  1796                     79.0000     3132         
      0     0       79.0000  4357                  Cuts: 3491     6848         
      0     0       79.0000  3952                  Cuts: 3491     8216         
      0     0       79.0000  3939                  Cuts: 3491    10514         
      0     0       79.0000  3890                  Cuts: 3491    12761         
      0     0       79.0000  4106                  Cuts: 1788    14522         
Detecting symmetries...
Detecting symmetries...
      0     2       79.0000  4106                     79.0000    14522         
Elapsed time = 38.47 sec. (52859.54 ticks, tree = 0.02 MB, solutions = 0)
      4     6       79.0000  3895                     79.0000    14773         
      9    10       79.0000  3677                     79.0000    15136         
     16     7       79.0000  3810                     79.0000    14912         
     27    23       79.0000  3999                     79.0000    17037         
     48    31       79.0000  3674                     79.0000    18476         
     74    46       79.0000  3597                     79.0000    20920         
     95    79       79.0000  3407                     79.0000    22660         
    141   103       79.0000  3382                     79.0000    28668         
    181   112       79.0000  3221                     79.0000    28902         
    315   290       79.0000  3582                     79.0000    37179         
Elapsed time = 42.55 sec. (56032.44 ticks, tree = 49.34 MB, solutions = 0)
    363   351      157.0000  2944                     79.0000    49564         
    399   372      235.0000  2539                     79.0000    64632         
    415   396      235.0000  2671                     79.0000    81868         
    416   397      216.0000  2660                     79.0000    82211         
    417   398      235.0000  2621                     79.0000    83466         
    436   427      235.0000  2547                     79.0000    94860         
    472   451      235.0000  2507                     79.0000    96883         
    515   481      235.0000  2484                     79.0000    99944         
    588   535      235.0000  2484                     79.0000   107485         
    674   598      235.0000  2594                     79.0000   109788         
Elapsed time = 66.24 sec. (66751.11 ticks, tree = 133.54 MB, solutions = 0)
    751   673      235.0000  2432                     79.0000   115825         
    834   741      157.0000  2793                     79.0000   117270         
    921   808      157.0000  2766                     79.0000   120362         
   1017   810      235.0000  2466                     79.0000   118581         
   1115  1037      313.0000  2396                     79.0000   126718         
   1184  1002      313.0000  2383                     79.0000   126049         
   1282  1207      235.0000  2379                     79.0000   133939         
   1374  1234      313.0000  2148                     79.0000   134447         
   1480  1341      391.0000  2035                     79.0000   138020         
   1588  1399      313.0000  2097                     79.0000   141946         
Elapsed time = 78.48 sec. (76408.07 ticks, tree = 359.26 MB, solutions = 0)
   1699  1582      391.0000  2112                     79.0000   147202         
   1805  1702      625.0000  1798                     79.0000   151273         
   1917  1815      313.0000  2014                     79.0000   153426         
   2022  1895      235.0000  2200                     79.0000   158741         
   2124  1965      469.0000  1843                     79.0000   160412         
   2242  2132      469.0000  1882                     79.0000   169729         
   2327  2146      469.0000  1863                     79.0000   169904         
   2434  2250      469.0000  1780                     79.0000   173499         
   2496  2308      391.0000  1764                     79.0000   175696         
   2605  2459      235.0000  2190                     79.0000   185901         
Elapsed time = 92.47 sec. (86011.53 ticks, tree = 667.91 MB, solutions = 0)
   2717  2573      625.0000  1699                     79.0000   190647         
   2828  2502      391.0000  1760                     79.0000   188448         
   2941  2742      547.0000  1493                     79.0000   199993         
   3019  2793      157.0000  2628                     79.0000   201636         
   3111  2889      469.0000  1622                     79.0000   208598         
   3215  3007      469.0000  1729                     79.0000   216801         
   3326  3068      547.0000  1365                     79.0000   218249         
   3444  3122      157.0000  2679                     79.0000   220691         
   3569  3215      391.0000  1682                     79.0000   226704         
   3666  3449      625.0000  1250                     79.0000   234809         
Elapsed time = 105.07 sec. (95615.84 ticks, tree = 957.41 MB, solutions = 0)
   3771  3488      391.0000  1514                     79.0000   235553         
   3877  3579      391.0000  1599                     79.0000   242120         
   3970  3811      625.0000  1153                     79.0000   257860         
   4040  3859      430.0000  1501                     79.0000   262449         
   4142  3845      313.0000  1859                     79.0000   260870         
   4235  3967      469.0000  1467                     79.0000   268413         
   4328  4030      547.0000  1227                     79.0000   273504         
   4451  4157      625.0000  1295                     79.0000   279806         
   4567  4259      313.0000  1810                     79.0000   287381         
   4670  4339      391.0000  1677                     79.0000   290752         
Elapsed time = 117.81 sec. (105221.01 ticks, tree = 1218.04 MB, solutions = 0)
   4789  4460      547.0000  1279                     79.0000   294738         
   4909  4558      391.0000  1580                     79.0000   299036         
   5038  4665      547.0000  1085                     79.0000   301882         
   5171  4910      547.0000  1221                     79.0000   308162         
   5263  4853      235.0000  2156                     79.0000   307703         
   5389  5065      235.0000  2180                     79.0000   310972         
   5507  5200      313.0000  1872                     79.0000   313413         
   5628  5240      391.0000  1399                     79.0000   315119         
   5746  5445      313.0000  1821                     79.0000   325171         
   5848  5464      313.0000  1662                     79.0000   325600         
Elapsed time = 129.87 sec. (114835.20 ticks, tree = 1546.00 MB, solutions = 0)
   5961  5631      391.0000  1320                     79.0000   335674         
   6065  5774      235.0000  1878                     79.0000   340643         
   6163  5852      469.0000  1273                     79.0000   344323         
   6273  5947      625.0000  1045                     79.0000   350941         
   6376  6073      157.0000  2681                     79.0000   362907         
   6475  6093      157.0000  2554                     79.0000   363156         
   6589  6162      625.0000  1124                     79.0000   366227         
   6675  6390      391.0000  1527                     79.0000   387447         
   6745  6512      157.0000  2757                     79.0000   394244         
   6855  6442      313.0000  1888                     79.0000   389410         
Elapsed time = 141.89 sec. (124420.73 ticks, tree = 1831.25 MB, solutions = 0)
   6972  6622      313.0000  1903                     79.0000   405696         
   7096  6639      313.0000  1801                     79.0000   406400         
   7228  6777      547.0000  1149                     79.0000   408536         
   7324  6994      235.0000  2103                     79.0000   418610         
   7475  6943      547.0000   971                     79.0000   416707         
   7619  7146      469.0000  1290                     79.0000   421612         
   7791  7166      469.0000  1163                     79.0000   422181         
   7944  7449    infeasible                           79.0000   430397         
   8125  7434      469.0000  1145                     79.0000   430445         
   8293  7620      313.0000  1558                     79.0000   431945         
Elapsed time = 153.90 sec. (134029.54 ticks, tree = 2176.42 MB, solutions = 0)
Nodefile size = 99.24 MB (53.93 MB after compression)
   8439  7786      235.0000  1719                     79.0000   436175         
   8587  7902      313.0000  1604                     79.0000   437602         
   8749  8148      469.0000  1030                     79.0000   447207         
   8915  8332      235.0000  2140                     79.0000   449094         
   9071  8264      313.0000  1488                     79.0000   448232         
   9252  8662      235.0000  2016                     79.0000   454832         
   9443  8847      469.0000   942                     79.0000   456081         
   9621  8903      313.0000  1372                     79.0000   456456         
   9774  8806      235.0000  1288                     79.0000   455357         
  10436  9449    infeasible                           79.0000   460353         
Elapsed time = 169.95 sec. (146496.38 ticks, tree = 2713.87 MB, solutions = 0)
Nodefile size = 649.67 MB (351.29 MB after compression)
  11105  9885      235.0000  2229                     79.0000   476380         
  11533 10234      157.0000  2627                     79.0000   501318         
  12032 10592      235.0000  2311                     79.0000   530330         
  12627 10904      235.0000  2104                     79.0000   549430         
  13260 11279      235.0000  2334                     79.0000   576370         
  13896 11657      235.0000  2387                     79.0000   589252         
  14614 11982      235.0000  2329                     79.0000   596503         
  15035 12463      235.0000  2422                     79.0000   637664         
  15529 12829      157.0000  2802                     79.0000   663927         
  16072 13319      235.0000  1945                     79.0000   690129         
Elapsed time = 224.61 sec. (184716.73 ticks, tree = 3840.30 MB, solutions = 0)
Nodefile size = 1769.59 MB (946.75 MB after compression)
  16102 13452    infeasible                           79.0000   687343         
  16389 13822      235.0000  2502                     79.0000   702052         
  16952 13985      235.0000  2172                     79.0000   712505         
  17581 14627    infeasible                           79.0000   731062         
  18198 15032      235.0000  2471                     79.0000   748888         
  18698 15632      313.0000  2116                     79.0000   775718         
  19245 16216      235.0000  2147                     79.0000   802138         
  19748 16747      235.0000  2535                     79.0000   829010         
  20475 17286      235.0000  2442                     79.0000   848698         
  21070 17510      235.0000  2562                     79.0000   859588         
Elapsed time = 270.20 sec. (223706.51 ticks, tree = 5072.74 MB, solutions = 0)
Nodefile size = 2990.95 MB (1591.32 MB after compression)
  21685 18496      235.0000  1939                     79.0000   895819         
  22215 19133      235.0000  1746                     79.0000   912334         
  22681 19561      157.0000  2849                     79.0000   954787         
  23252 19843      235.0000  2287                     79.0000   959871         
  23806 20125      235.0000  2396                     79.0000   983512         
  24197 20547      157.0000  2506                     79.0000  1008534         
  24716 20790      235.0000  1925                     79.0000  1026604         
  25245 21226      235.0000  1874                     79.0000  1062816         
  25708 22165      235.0000  2035                     79.0000  1103981         
  26312 22343      235.0000  2368                     79.0000  1128625         
Elapsed time = 313.15 sec. (261933.86 ticks, tree = 6496.72 MB, solutions = 0)
Nodefile size = 4411.14 MB (2337.30 MB after compression)
  26997 22863      313.0000  2286                     79.0000  1139489         
  27502 23222    infeasible                           79.0000  1164861         
  28077 24287      235.0000  2112                     79.0000  1217126         
  28662 24720      235.0000  2538                     79.0000  1231545         
  29171 25070      235.0000  2352                     79.0000  1238895         
  29934 25412      313.0000  2453                     79.0000  1248200         
  30482 26085      235.0000  2580                     79.0000  1281393         
  31024 26923      235.0000  2364                     79.0000  1315261         
  31620 27323      391.0000  2137                     79.0000  1341165         
  32124 27675      235.0000  2498                     79.0000  1348099         
Elapsed time = 357.07 sec. (300132.50 ticks, tree = 8074.64 MB, solutions = 0)
Nodefile size = 5986.89 MB (3169.19 MB after compression)
  32682 28250      313.0000  2167                     79.0000  1363788         
  33332 28940      235.0000  2514                     79.0000  1400220         
  33795 29244    infeasible                           79.0000  1404744         
  34442 29716      235.0000  2511                     79.0000  1426504         
  34903 30004      235.0000  1777                     79.0000  1447451         
  34986 30018    infeasible                           79.0000  1460713         
  35065 30650      235.0000  2382                     79.0000  1484696         
  35384 30739      235.0000  2085                     79.0000  1485354         
  35900 30927      235.0000  1920                     79.0000  1511322         
  36346 31535      157.0000  3005                     79.0000  1539615         
Elapsed time = 414.55 sec. (338942.26 ticks, tree = 9218.82 MB, solutions = 0)
Nodefile size = 7136.67 MB (3778.53 MB after compression)
  36956 32178      235.0000  2057                     79.0000  1564845         
  37650 31967      313.0000  1911                     79.0000  1553516         
  38065 32697      157.0000  2841                     79.0000  1580358         
  38701 33552      313.0000  2375                     79.0000  1602561         
  39393 34112      235.0000  2379                     79.0000  1652894         
  39833 34526      196.0000  2480                     79.0000  1665242         
  40240 34652      197.0000  2586                     79.0000  1678073         
  40764 35353      198.0000  2416                     79.0000  1729717         
  41272 35482      157.0000  2509                     79.0000  1740691         
  41694 36410      235.0000  2161                     79.0000  1788721         
Elapsed time = 458.17 sec. (377164.69 ticks, tree = 10669.95 MB, solutions = 0)
Nodefile size = 8584.53 MB (4541.17 MB after compression)
  42242 36352      157.0000  2586                     79.0000  1785695         
  42768 36737      157.0000  2867                     79.0000  1800146         
  43299 37120      157.0000  2995                     79.0000  1818972         
  43851 37765    infeasible                           79.0000  1844335         
  44446 38428      157.0000  3030                     79.0000  1884810         
  45039 39265      157.0000  2918                     79.0000  1915779         
  45540 39780      235.0000  2132                     79.0000  1937901         
  46101 40273      157.0000  2976                     79.0000  1967586         
  46615 40798      157.0000  2928                     79.0000  1987677         
  47122 40583      157.0000  3083                     79.0000  1985208         
Elapsed time = 502.31 sec. (415391.01 ticks, tree = 11932.86 MB, solutions = 0)
Nodefile size = 9817.72 MB (5195.75 MB after compression)
  47769 41460      235.0000  2344                     79.0000  2010448         
  48425 42173      196.0000  2554                     79.0000  2045872         
  48986 42557    infeasible                           79.0000  2056989         
  49525 42913      235.0000  2211                     79.0000  2067361         
  50048 43608      157.0000  2916                     79.0000  2114136         
  50577 44101      235.0000  2566                     79.0000  2127861         
  51130 44187      235.0000  2427                     79.0000  2128415         
  51642 44898      157.0000  2603                     79.0000  2167950         
  52204 44978      235.0000  1963                     79.0000  2169625         
  52594 45989    infeasible                           79.0000  2206726         
Elapsed time = 554.96 sec. (453621.23 ticks, tree = 13573.68 MB, solutions = 0)
Nodefile size = 11474.53 MB (6078.56 MB after compression)
  52675 46007      235.0000  2501                     79.0000  2217298         
  52816 46590      157.0000  2863                     79.0000  2267005         
  53181 46638      157.0000  2516                     79.0000  2269652         
  53674 46737      158.0000  2472                     79.0000  2271128         
  54274 47368      313.0000  2532                     79.0000  2314909         
  54808 47603      235.0000  2479                     79.0000  2329568         
  55270 47726      157.0000  2785                     79.0000  2342699         
  55828 48616      160.0000  2675                     79.0000  2370612         
  56288 49025      157.0000  2482                     79.0000  2405420         
  56666 49457      235.0000  2066                     79.0000  2458960         
Elapsed time = 608.94 sec. (495546.98 ticks, tree = 14552.38 MB, solutions = 0)
Nodefile size = 12461.95 MB (6587.43 MB after compression)
  57260 49330      235.0000  2405                     79.0000  2427133         
  57783 50140      207.0000  2600                     79.0000  2494009         
  58144 50749      235.0000  2358                     79.0000  2520462         
  58633 50602      157.0000  2857                     79.0000  2512193         
  59038 51426      157.0000  2579                     79.0000  2566598         
  59401 52087      158.0000  2890                     79.0000  2621576         
  59787 52268      253.0000  2505                     79.0000  2625690         
  60339 52462      197.0000  2764                     79.0000  2644523         
  60836 52701      238.0000  2586                     79.0000  2684331         
  61394 53228      217.0000  2587                     79.0000  2697054         
Elapsed time = 658.99 sec. (533754.07 ticks, tree = 15576.57 MB, solutions = 0)
Nodefile size = 13470.70 MB (7107.30 MB after compression)
  61907 54081      235.0000  2337                     79.0000  2736966         
  62406 54601      234.0000  2641                     79.0000  2757107         
  62942 54613      235.0000  2411                     79.0000  2757717         
  63500 55495      331.0000  2221                     79.0000  2809375         
  64082 56001      158.0000  2549                     79.0000  2825813         
  64531 56328      157.0000  2899                     79.0000  2839014         
  65011 56664      158.0000  2450                     79.0000  2848845         
  65520 57397      158.0000  2390                     79.0000  2887190         
  65965 57694      157.0000  2770                     79.0000  2900087         
  66405 58135      236.0000  1917                     79.0000  2923045         
Elapsed time = 716.68 sec. (571951.87 ticks, tree = 16923.29 MB, solutions = 0)
Nodefile size = 14822.35 MB (7794.47 MB after compression)
  66967 58391      254.0000  2534                     79.0000  2939927         
  67439 58778      158.0000  2417                     79.0000  2957752         
  67943 59426      157.0000  2827                     79.0000  2987794         
  68436 60322      197.0000  2659                     79.0000  3026120         
  68926 60130    infeasible                           79.0000  3016656         
  69299 60894      176.0000  2635                     79.0000  3053824         
  69673 61316      157.0000  3065                     79.0000  3093073         
  70108 61216      157.0000  2980                     79.0000  3097698         
  70561 61988      159.0000  2842                     79.0000  3144633         
  71015 62583      157.0000  2753                     79.0000  3167977         
Elapsed time = 775.93 sec. (610158.46 ticks, tree = 17919.33 MB, solutions = 0)
Nodefile size = 15845.19 MB (8249.17 MB after compression)
  71526 62750      235.0000  2371                     79.0000  3175579         
  72011 63487      158.0000  2460                     79.0000  3216810         
  72423 63887      196.0000  2677                     79.0000  3235558         
  72979 63765      236.0000  2667                     79.0000  3224361         
  73478 64539      198.0000  2568                     79.0000  3269464         
  73884 65427      235.0000  2302                     79.0000  3305134         
  74468 65594      235.0000  2564                     79.0000  3314060         
  75003 65599      235.0000  2512                     79.0000  3314637         
  75475 66274      235.0000  2403                     79.0000  3357055         
  75896 66397      235.0000  2450                     79.0000  3367883         
Elapsed time = 836.72 sec. (648362.65 ticks, tree = 18589.38 MB, solutions = 0)
Nodefile size = 16494.29 MB (8441.03 MB after compression)
  76433 66667      235.0000  2363                     79.0000  3377124         
  76910 67005      235.0000  2517                     79.0000  3399873         
  77379 68295      235.0000  2422                     79.0000  3452774         
  77964 68388      313.0000  2145                     79.0000  3453451         
  78454 68811      236.0000  2515                     79.0000  3483433         
  78961 69584      229.0000  2765                     79.0000  3517902         
  79456 69691      235.0000  2623                     79.0000  3518751         
  80089 70308      236.0000  2673                     79.0000  3529911         
  80613 70973      231.0000  2746                     79.0000  3568308         
  81042 70837      157.0000  2956                     79.0000  3567926         
Elapsed time = 896.40 sec. (686573.46 ticks, tree = 19375.07 MB, solutions = 0)
Nodefile size = 17285.76 MB (8705.50 MB after compression)
  81600 71322      235.0000  2302                     79.0000  3578874         
  82118 71776      236.0000  2442                     79.0000  3596771         
  82624 72667      157.0000  3232                     79.0000  3654993         
  83242 72943      235.0000  1801                     79.0000  3654019         
  83818 73240      269.0000  2090                     79.0000  3664098         
  84453 73822    infeasible                           79.0000  3694136         
  85135 74424      313.0000  1987                     79.0000  3694465         
  85821 74725      157.0000  3108                     79.0000  3728339         
  86630 75196      235.0000  1938                     79.0000  3723838         
  87399 75911      313.0000  2154                     79.0000  3733830         
Elapsed time = 953.08 sec. (724791.78 ticks, tree = 20719.57 MB, solutions = 0)
Nodefile size = 18638.26 MB (9413.37 MB after compression)
  88081 75969      160.0000  2212                     79.0000  3735707         
  88677 75994      160.0000  2209                     79.0000  3743256         
  89368 76347      313.0000  2269                     79.0000  3743748         
  90058 76689      160.0000  2205                     79.0000  3768355         
  90807 77151    infeasible                           79.0000  3781243         
  91573 77737      313.0000  2229                     79.0000  3788193         
  92335 77658    infeasible                           79.0000  3788064         
  92987 78108    infeasible                           79.0000  3793520         
  93704 78157      313.0000  2249                     79.0000  3798818         
  94393 78624      314.0000  1982                     79.0000  3830610         
Elapsed time = 1010.12 sec. (762979.15 ticks, tree = 21356.29 MB, solutions = 0)
Nodefile size = 19281.88 MB (9708.63 MB after compression)
  95021 78534      235.0000  2299                     79.0000  3824871         
  95680 79080      235.0000  2289                     79.0000  3845205         
  96350 79741      235.0000  1762                     79.0000  3861096         
  97042 80437      313.0000  1936                     79.0000  3868708         
  97808 80536    infeasible                           79.0000  3881349         
  98574 81052      235.0000  2321                     79.0000  3882260         
  99191 81348    infeasible                           79.0000  3886081         
  99869 81990      235.0000  2272                     79.0000  3903706         
 100487 82307    infeasible                           79.0000  3913147         
 101186 82572      236.0000  1900                     79.0000  3915642         
Elapsed time = 1070.17 sec. (801193.49 ticks, tree = 22253.12 MB, solutions = 0)
Nodefile size = 20176.82 MB (10105.76 MB after compression)
 101871 83349      235.0000  2010                     79.0000  3927191         
 102626 83144      235.0000  1725                     79.0000  3927680         
 103352 83456      235.0000  2107                     79.0000  3930235         
 103965 83823      157.0000  2736                     79.0000  3936928         
 104601 83885      235.0000  2053                     79.0000  3932727         
 105343 83932      235.0000  1522                     79.0000  3933237         
 106018 84268      235.0000  1799                     79.0000  3952981         
 106719 84431      391.0000  2077                     79.0000  3961126         
 107461 84911    infeasible                           79.0000  3965627         
 108222 85281      391.0000  2142                     79.0000  3968231         
Elapsed time = 1125.99 sec. (839380.75 ticks, tree = 22807.40 MB, solutions = 0)
Nodefile size = 20665.29 MB (10289.83 MB after compression)
 108957 85502      391.0000  2178                     79.0000  3984315         
 109391 85630      391.0000  2178                     79.0000  3984332         
 109491 85545    infeasible                           79.0000  3987161         
 109499 85711    infeasible                           79.0000  3994657         
 109580 86039      313.0000  2174                     79.0000  3997538         
 109672 86130      391.0000  1853                     79.0000  3998341         
 109686 86134      235.0000  2639                     79.0000  4005226         
 109834 86204      313.0000  2221                     79.0000  4007287         
 110161 86254      391.0000  1634                     79.0000  4004289         
 110726 86441      391.0000  1490                     79.0000  4023141         
Elapsed time = 1209.82 sec. (880157.67 ticks, tree = 22982.49 MB, solutions = 0)
Nodefile size = 20891.13 MB (10366.35 MB after compression)
 111404 86482    infeasible                           79.0000  4023211         
 112115 87003      235.0000  1729                     79.0000  4046400         
 112831 88341      315.0000  2138                     79.0000  4054581         
 113554 88478      315.0000  2123                     79.0000  4054658         
 114279 88382      391.0000  1393                     79.0000  4056036         
 115092 88626      235.0000  1634                     79.0000  4065075         
 115837 89369      315.0000  2115                     79.0000  4073916         
 116409 89232      235.0000  1596                     79.0000  4078267         
 117066 90126    infeasible                           79.0000  4088564         
 117682 90480      391.0000  1677                     79.0000  4106205         
Elapsed time = 1270.29 sec. (918345.49 ticks, tree = 23728.03 MB, solutions = 0)
Nodefile size = 21635.72 MB (10627.38 MB after compression)
 118337 90564      391.0000  1441                     79.0000  4106416         
 118896 90777      313.0000  1896                     79.0000  4127351         
 119466 91424      469.0000  2355                     79.0000  4137542         
 120270 92049      235.0000  2603                     79.0000  4158487         
 121091 92185      391.0000  2477                     79.0000  4159580         
 121719 92463      313.0000  1730                     79.0000  4181924         
 122258 93125      235.0000  1973                     79.0000  4197853         
 122848 93264    infeasible                           79.0000  4208394         
 123442 93488      235.0000  1953                     79.0000  4221762         
 124097 94244    infeasible                           79.0000  4236140         
Elapsed time = 1332.12 sec. (956542.04 ticks, tree = 24365.19 MB, solutions = 0)
Nodefile size = 22291.24 MB (10833.90 MB after compression)
 124712 95130      235.0000  2210                     79.0000  4256112         
 125340 95169      235.0000  1752                     79.0000  4257082         
 125969 95585      235.0000  2469                     79.0000  4292074         
 126525 95595      313.0000  2060                     79.0000  4296412         
 127166 95596      313.0000  2060                     79.0000  4296510         
 127703 96614      235.0000  2394                     79.0000  4340408         
 128195 96689      235.0000  2183                     79.0000  4342326         
 128814 97012      391.0000  1778                     79.0000  4352633         
 129434 97625      235.0000  2495                     79.0000  4378461         
 130105 98347      391.0000  2437                     79.0000  4414861         
Elapsed time = 1395.86 sec. (994751.29 ticks, tree = 25071.44 MB, solutions = 0)
Nodefile size = 22972.60 MB (11038.94 MB after compression)
 130742 98515      235.0000  2585                     79.0000  4429909         
 131143 99229      235.0000  2612                     79.0000  4456289         
 131698 99238      313.0000  1987                     79.0000  4455702         
 132298 99538      313.0000  2557                     79.0000  4479454         
 132806 100468      313.0000  2503                     79.0000  4528299         
 133379 100654      313.0000  2301                     79.0000  4534685         
 134001 100843      235.0000  2248                     79.0000  4542056         
 134609 101430    infeasible                           79.0000  4557687         
 135229 102089      313.0000  1851                     79.0000  4585308         
 135825 102498      235.0000  2459                     79.0000  4610524         
Elapsed time = 1459.90 sec. (1032955.65 ticks, tree = 25771.40 MB, solutions = 0)
Nodefile size = 23683.93 MB (11254.44 MB after compression)
 136387 102710      235.0000  2608                     79.0000  4630088         
 136869 103091      235.0000  1988                     79.0000  4647102         
 137415 103298      313.0000  2188                     79.0000  4665473         
 137990 103743      235.0000  2151                     79.0000  4697739         
 138421 104164      235.0000  2721                     79.0000  4712294         
 138936 104363      235.0000  2272                     79.0000  4720593         
 139640 104946      313.0000  2324                     79.0000  4747031         
 140137 105547      157.0000  3102                     79.0000  4769660         
 140925 105558      235.0000  2529                     79.0000  4771896         
 141413 106222      235.0000  2618                     79.0000  4797471         
Elapsed time = 1524.28 sec. (1071135.18 ticks, tree = 26381.45 MB, solutions = 0)
Nodefile size = 24245.41 MB (11400.88 MB after compression)
 141878 106923      313.0000  2228                     79.0000  4846707         
 142522 107019      313.0000  1948                     79.0000  4847114         
 143000 107267      235.0000  2396                     79.0000  4864871         
 143427 107891      313.0000  2249                     79.0000  4894282         
 143964 108863      236.0000  2256                     79.0000  4926897         
 144462 109004      313.0000  2088                     79.0000  4933605         
 145031 109897      235.0000  2622                     79.0000  4979491         
 145777 110162      235.0000  2417                     79.0000  4999080         
 146251 110250      235.0000  2124                     79.0000  4990745         
 146769 110980      391.0000  2350                     79.0000  5047220         
Elapsed time = 1590.90 sec. (1109338.39 ticks, tree = 27160.56 MB, solutions = 0)
Nodefile size = 25085.85 MB (11657.45 MB after compression)
 147287 110782      247.0000  2244                     79.0000  5041781         
 147696 111817      235.0000  2757                     79.0000  5076185         
 148244 111961      313.0000  2030                     79.0000  5086511         
 148801 112332      235.0000  2283                     79.0000  5108046         
 149362 112984      235.0000  2414                     79.0000  5132289         
 149901 113433      235.0000  2492                     79.0000  5145399         
 150555 113614      235.0000  2206                     79.0000  5156080         
 151024 114038      235.0000  2701                     79.0000  5182644         
 151271 114621      235.0000  2295                     79.0000  5209636         

Performing restart 1

Repeating presolve.
Tried aggregator 1 time.
Reduced MIP has 13565 rows, 328631 columns, and 667055 nonzeros.
Reduced MIP has 319338 binaries, 3769 generals, 0 SOSs, and 6027 indicators.
Presolve time = 0.36 sec. (310.22 ticks)
Tried aggregator 1 time.
Reduced MIP has 13565 rows, 328631 columns, and 667055 nonzeros.
Reduced MIP has 319338 binaries, 3769 generals, 0 SOSs, and 6027 indicators.
Presolve time = 0.66 sec. (487.21 ticks)
Represolve time = 2.87 sec. (1750.08 ticks)
 151356     0       79.0000  4509                  Cuts: 3491  5268231         
 151356     0       79.0000  4460                  Cuts: 3491  5271490         
 151356     0       79.0000  4659                  Cuts: 3491  5274216         
 151356     0       79.0000  4909                  Cuts: 2829  5277098         
 151356     0       79.0000  5186                  Cuts: 2165  5281795         

GUB cover cuts applied:  36
Clique cuts applied:  65
Cover cuts applied:  29
Implied bound cuts applied:  1075
Flow cuts applied:  17
Mixed integer rounding cuts applied:  1955
Zero-half cuts applied:  190
Lift and project cuts applied:  2
Gomory fractional cuts applied:  12

Root node processing (before b&c):
  Real time             =   38.09 sec. (52650.75 ticks)
Parallel b&c, 8 threads:
  Real time             = 1763.04 sec. (1321591.48 ticks)
  Sync time (average)   =  705.20 sec.
  Wait time (average)   =    0.00 sec.
                          ------------
Total (root+branch&cut) = 1801.13 sec. (1374242.22 ticks)
! --------------------------------------------------------
! Problem is UNKNOWN
! CPLEX Status = AbortTimeLim
! --------------------------------------------------------
