! Solving for graph /home/truongxuanhieu/CPLEX-MIP-for-MinSpanLabeling/benchmarks/abp/T-dwt__592.mtx.rnd
! Target value is set to 141
! Lower bound is set to 142
! Upper bound is set to 740
! Time limit is set to 1800
! Vertices mode is set to Has hole
! Target value mode is set to Antibandwidth
Version identifier: 22.2.0.0 | 2026-05-04 | 5dff98e58
CPXPARAM_TimeLimit                               1800
Tried aggregator 2 times.
MIP Presolve eliminated 2257 rows and 1554 columns.
MIP Presolve modified 438302 coefficients.
Aggregator did 6288 substitutions.
Reduced MIP has 11986 rows, 448511 columns, and 905564 nonzeros.
Reduced MIP has 440558 binaries, 2849 generals, 0 SOSs, and 5104 indicators.
Presolve time = 1.12 sec. (2463.51 ticks)
Probing time = 1.38 sec. (713.66 ticks)
Tried aggregator 1 time.
Detecting symmetries...
Reduced MIP has 11986 rows, 448511 columns, and 905564 nonzeros.
Reduced MIP has 440558 binaries, 3441 generals, 0 SOSs, and 5104 indicators.
Presolve time = 0.87 sec. (635.39 ticks)
Probing time = 0.19 sec. (83.24 ticks)
Clique table members: 8585.
MIP emphasis: balance optimality and feasibility.
MIP search method: dynamic search.
Parallel mode: deterministic, using up to 8 threads.
Root relaxation solution time = 0.79 sec. (626.73 ticks)

        Nodes                                         Cuts/
   Node  Left     Objective  IInf  Best Integer    Best Bound    ItCnt     Gap

      0     0      142.0000  1594                    142.0000     2555         
      0     0      142.0000  4133                  Cuts: 3096     7260         
      0     0      142.0000  3832                  Cuts: 3096     8984         
      0     0      142.0000  3735                  Cuts: 3096    11234         
      0     0      142.0000  3721                  Cuts: 3096    13933         
      0     0      142.0000  4046                  Cuts: 2009    15782         
Detecting symmetries...
Detecting symmetries...
      0     2      142.0000  3291                    142.0000    15782         
Elapsed time = 56.85 sec. (81904.51 ticks, tree = 0.02 MB, solutions = 0)
      4     6      142.0000  3185                    142.0000    15859         
      9    11      142.0000  3092                    142.0000    15930         
     11    12      142.0000  3088                    142.0000    15932         
     15    12      142.0000  3280                    142.0000    17651         
     21    19      142.0000  3222                    142.0000    17852         
     33    19      142.0000  3168                    142.0000    19552         
     53    30      142.0000  3106                    142.0000    23084         
     63    55      142.0000  3072                    142.0000    30915         
     90    58      142.0000  3052                    142.0000    31094         
    206   172      142.0000  2828                    142.0000    32581         
Elapsed time = 60.93 sec. (85275.94 ticks, tree = 25.82 MB, solutions = 0)
    346   263      142.0000  2703                    142.0000    34693         
    540   381      142.0000  2699                    142.0000    34926         
    742   622      142.0000  2641                    142.0000    35175         
    900   759      142.0000  2726                    142.0000    35313         
    973   827      283.0000  2515                    142.0000    38591         
    999   981      283.0000  2564                    142.0000    49684         
   1011  1006      379.0000  2417                    142.0000    76752         
   1035  1025      379.0000  2377                    142.0000    81384         
   1074  1037      379.0000  2237                    142.0000    83179         
   1145  1055      379.0000  2447                    142.0000    88545         
Elapsed time = 75.90 sec. (95170.73 ticks, tree = 263.09 MB, solutions = 0)
   1227  1116      379.0000  2308                    142.0000    93634         
   1305  1196      424.0000  2100                    142.0000    97277         
   1392  1292      424.0000  2084                    142.0000   100406         
   1479  1377      424.0000  2068                    142.0000   104869         
   1561  1503      379.0000  2414                    142.0000   112001         
   1640  1563      565.0000  1987                    142.0000   115486         
   1720  1611      424.0000  2054                    142.0000   119783         
   1803  1661      565.0000  1963                    142.0000   120948         
   1875  1742      565.0000  1942                    142.0000   124750         
   1970  1820      424.0000  2027                    142.0000   128094         
Elapsed time = 90.66 sec. (104807.55 ticks, tree = 489.44 MB, solutions = 0)
   2048  1924      424.0000  1933                    142.0000   131645         
   2119  2005      425.0000  2196                    142.0000   134150         
   2194  2081      581.0000  1916                    142.0000   136662         
   2250  2197      425.0000  2133                    142.0000   141662         
   2336  2225      565.0000  1743                    142.0000   142231         
   2435  2268      706.0000  1671                    142.0000   144147         
   2533  2438      565.0000  1821                    142.0000   149347         
   2613  2542      706.0000  1643                    142.0000   151142         
   2718  2578      565.0000  1789                    142.0000   153602         
   2814  2652      565.0000  1842                    142.0000   155186         
Elapsed time = 103.75 sec. (114413.28 ticks, tree = 736.87 MB, solutions = 0)
   2908  2754      706.0000  1572                    142.0000   158524         
   3002  2883      706.0000  1555                    142.0000   162655         
   3096  2899      706.0000  1522                    142.0000   162850         
   3183  3039      379.0000  2428                    142.0000   176966         
   3282  3138      565.0000  1689                    142.0000   178998         
   3380  3164      565.0000  1737                    142.0000   180174         
   3480  3292      706.0000  1576                    142.0000   183491         
   3584  3432      379.0000  2328                    142.0000   185439         
   3674  3502      706.0000  1431                    142.0000   187036         
   3802  3550      707.0000  1697                    142.0000   189488         
Elapsed time = 117.12 sec. (124040.57 ticks, tree = 1003.61 MB, solutions = 0)
   3940  3664      424.0000  2165                    142.0000   190734         
   4064  3855      565.0000  1935                    142.0000   196025         
   4152  3883      283.0000  2713                    142.0000   198936         
   4229  4034      565.0000  1880                    142.0000   198501         
   4275  4039      379.0000  2358                    142.0000   206575         
   4366  4089      565.0000  1574                    142.0000   210584         
   4455  4205      379.0000  2386                    142.0000   223926         
   4560  4311      565.0000  1800                    142.0000   224987         
   4649  4328      379.0000  2272                    142.0000   225487         
   4743  4482      565.0000  1795                    142.0000   230193         
Elapsed time = 130.13 sec. (133683.11 ticks, tree = 1280.49 MB, solutions = 0)
   4824  4476      707.0000  1530                    142.0000   229085         
   4910  4546      708.0000  1475                    142.0000   232045         
   5003  4695      706.0000  1716                    142.0000   233702         
   5095  4719      379.0000  2198                    142.0000   234275         
   5213  4891      379.0000  2199                    142.0000   238161         
   5323  4985      565.0000  1696                    142.0000   240464         
   5439  5154      565.0000  1927                    142.0000   249875         
   5584  5087      379.0000  2413                    142.0000   249994         
   5671  5233      565.0000  1947                    142.0000   252357         
   5756  5321      565.0000  1838                    142.0000   255431         
Elapsed time = 143.00 sec. (143305.42 ticks, tree = 1530.12 MB, solutions = 0)
   5844  5461      142.0000  2790                    142.0000   261146         
   5932  5634      706.0000  1536                    142.0000   269332         
   6035  5619      706.0000  1730                    142.0000   269134         
   6156  5754      708.0000  1115                    142.0000   276874         
   6290  5871      565.0000  1705                    142.0000   277392         
   6443  6016      379.0000  2254                    142.0000   279162         
   6593  6100      565.0000  1643                    142.0000   279352         
   6753  6209      379.0000  2144                    142.0000   280071         
   6944  6286    infeasible                          142.0000   286143         
   7100  6305      565.0000  1656                    142.0000   286657         
Elapsed time = 156.44 sec. (152915.97 ticks, tree = 1823.13 MB, solutions = 0)
   7202  6329      379.0000  2292                    142.0000   286847         
   7287  6418      565.0000  1594                    142.0000   288314         
   7383  6472      379.0000  2307                    142.0000   294812         
   7491  6490      379.0000  2267                    142.0000   294831         
   7601  6609      379.0000  2140                    142.0000   311729         
   7697  6741      379.0000  2216                    142.0000   313762         
   7816  6775      379.0000  2348                    142.0000   314665         
   7941  6903      379.0000  2275                    142.0000   315728         
   8053  6971      565.0000  1416                    142.0000   316473         
   8165  7011      379.0000  2149                    142.0000   317337         
Elapsed time = 168.23 sec. (162541.42 ticks, tree = 2031.23 MB, solutions = 0)
   8277  7156      565.0000  1391                    142.0000   325531         
   8402  7158      565.0000  1387                    142.0000   325543         
   8511  7148      379.0000  2470                    142.0000   330831         
   8648  7220      565.0000  1383                    142.0000   339706         
   8801  7225    infeasible                          142.0000   339769         
   8932  7324      380.0000  2445                    142.0000   341139         
   9074  7380      379.0000  2165                    142.0000   341265         
   9219  7320    infeasible                          142.0000   341159         
   9362  7424    infeasible                          142.0000   341771         
   9930  7481      565.0000  1404                    142.0000   343268         
Elapsed time = 183.20 sec. (174974.71 ticks, tree = 2164.87 MB, solutions = 0)
Nodefile size = 105.40 MB (42.58 MB after compression)
  10448  7762    infeasible                          142.0000   349321         
  10996  7887      379.0000  2010                    142.0000   351317         
  11454  8104      565.0000  1362                    142.0000   359849         
  11468  8264      565.0000  2180                    142.0000   361330         
  11498  8359      424.0000  2262                    142.0000   368320         
  11567  8428      424.0000  2085                    142.0000   368517         
  11758  8541      424.0000  2260                    142.0000   369989         
  11946  8648      379.0000  2451                    142.0000   394417         
  12279  8930      379.0000  2313                    142.0000   427995         
  12779  9197      379.0000  2302                    142.0000   442995         
Elapsed time = 254.67 sec. (215156.93 ticks, tree = 2670.42 MB, solutions = 0)
Nodefile size = 600.94 MB (240.12 MB after compression)
  13305  9688      379.0000  2203                    142.0000   454948         
  13757  9857      379.0000  2460                    142.0000   460756         
  14256 10253      379.0000  2312                    142.0000   479898         
  14769 10713      379.0000  2364                    142.0000   494772         
  15242 11379      379.0000  2423                    142.0000   513877         
  15679 11623      424.0000  2343                    142.0000   536637         
  16179 11901      424.0000  2275                    142.0000   541538         
  16717 12361      424.0000  2209                    142.0000   550039         
  17267 12895      379.0000  2720                    142.0000   572803         
  17817 13247      379.0000  2319                    142.0000   583067         
Elapsed time = 299.65 sec. (253385.12 ticks, tree = 3875.79 MB, solutions = 0)
Nodefile size = 1794.68 MB (710.83 MB after compression)
  18217 13965      379.0000  2528                    142.0000   604825         
  18669 14180      379.0000  2325                    142.0000   608975         
  19272 14653      379.0000  2513                    142.0000   629757         
  19765 14966      379.0000  2544                    142.0000   636965         
  20213 15604      379.0000  2501                    142.0000   661395         
  20729 15693      379.0000  2286                    142.0000   664951         
  21274 16703      379.0000  2456                    142.0000   677725         
  21680 17040      283.0000  2397                    142.0000   699485         
  22179 17220      284.0000  2359                    142.0000   720094         
  22701 17580    infeasible                          142.0000   729550         
Elapsed time = 342.63 sec. (291586.77 ticks, tree = 5167.88 MB, solutions = 0)
Nodefile size = 3097.36 MB (1222.58 MB after compression)
  23135 17710      284.0000  2082                    142.0000   736336         
  23544 18336      379.0000  2366                    142.0000   764393         
  24126 18499      379.0000  2369                    142.0000   784099         
  24687 18482    infeasible                          142.0000   783728         
  25112 18940      379.0000  2487                    142.0000   816441         
  25641 19013      379.0000  2327                    142.0000   816536         
  26114 19713      379.0000  2470                    142.0000   837333         
  26634 20031      380.0000  2422                    142.0000   857910         
  27241 20266      283.0000  2561                    142.0000   867653         
  27698 20795      379.0000  2650                    142.0000   881608         
Elapsed time = 385.14 sec. (329813.02 ticks, tree = 6123.79 MB, solutions = 0)
Nodefile size = 4049.45 MB (1597.86 MB after compression)
  28171 21175      379.0000  2422                    142.0000   893068         
  28721 21575      284.0000  2352                    142.0000   912671         
  29256 21828      379.0000  2548                    142.0000   919186         
  29874 22105      283.0000  2795                    142.0000   932737         
  30442 22349    infeasible                          142.0000   940478         
  30937 22892      379.0000  2284                    142.0000   961661         
  31477 23075      379.0000  2384                    142.0000   969195         
  32017 23732    infeasible                          142.0000   990608         
  32568 23745    infeasible                          142.0000   990846         
  33256 24362      284.0000  2407                    142.0000  1020985         
Elapsed time = 428.56 sec. (368017.58 ticks, tree = 7192.64 MB, solutions = 0)
Nodefile size = 5110.87 MB (2018.37 MB after compression)
  33707 24608      379.0000  2526                    142.0000  1031330         
  34238 25130      424.0000  2234                    142.0000  1039066         
  34821 25616      142.0000  2903                    142.0000  1056195         
  35246 26538      283.0000  2435                    142.0000  1075680         
  35779 26842      380.0000  2392                    142.0000  1101880         
  36307 27069      284.0000  2411                    142.0000  1107540         
  36730 27235      283.0000  2561                    142.0000  1111297         
  37201 27860      283.0000  2478                    142.0000  1131152         
  37701 28144      424.0000  2073                    142.0000  1145798         
  38201 28667      379.0000  2471                    142.0000  1163892         
Elapsed time = 470.77 sec. (406234.09 ticks, tree = 8488.09 MB, solutions = 0)
Nodefile size = 6403.91 MB (2533.34 MB after compression)
  38610 28413      283.0000  2358                    142.0000  1165030         
  39074 29330      379.0000  2523                    142.0000  1191591         
  39582 29406    infeasible                          142.0000  1197156         
  39963 29578      283.0000  2463                    142.0000  1224042         
  40399 29902      379.0000  2414                    142.0000  1231523         
  40910 30055      283.0000  2165                    142.0000  1239420         
  41385 30404      379.0000  2349                    142.0000  1248995         
  41793 30946      284.0000  2390                    142.0000  1266761         
  42240 31381      284.0000  2417                    142.0000  1280793         
  42397 31432      284.0000  2397                    142.0000  1281296         
Elapsed time = 521.49 sec. (444472.26 ticks, tree = 9325.85 MB, solutions = 0)
Nodefile size = 7214.49 MB (2858.60 MB after compression)
  42410 31910      424.0000  2145                    142.0000  1307824         
  42578 31932      425.0000  2094                    142.0000  1310726         
  42925 31932      424.0000  2157                    142.0000  1312748         
  43308 32181      424.0000  2348                    142.0000  1324153         
  43932 32554      379.0000  2552                    142.0000  1332804         
  44614 33230      283.0000  2597                    142.0000  1351650         
  45069 33021      283.0000  2537                    142.0000  1350516         
  45594 34062      283.0000  2363                    142.0000  1381739         
  46129 34474      284.0000  2237                    142.0000  1400483         
  46472 34916      283.0000  2518                    142.0000  1416881         
Elapsed time = 570.70 sec. (482694.97 ticks, tree = 10399.93 MB, solutions = 0)
Nodefile size = 8305.37 MB (3290.85 MB after compression)
  46995 34986      283.0000  2351                    142.0000  1417014         
  47614 35751      283.0000  2456                    142.0000  1437546         
  48076 36378      283.0000  2469                    142.0000  1448638         
  48509 36535    infeasible                          142.0000  1450038         
  49028 37014    infeasible                          142.0000  1466634         
  49554 37350      379.0000  2464                    142.0000  1491813         
  49993 37649      283.0000  2470                    142.0000  1501259         
  50527 37889      283.0000  2285                    142.0000  1502801         
  51059 38560      379.0000  2039                    142.0000  1526610         
  51420 38604      283.0000  2420                    142.0000  1531558         
Elapsed time = 618.44 sec. (520901.18 ticks, tree = 11357.50 MB, solutions = 0)
Nodefile size = 9246.70 MB (3615.13 MB after compression)
  51856 39482      379.0000  2341                    142.0000  1537785         
  52368 39933      379.0000  2415                    142.0000  1559050         
  52801 40055      283.0000  2315                    142.0000  1565380         
  53237 40218      379.0000  2377                    142.0000  1571205         
  53843 40593      379.0000  2394                    142.0000  1589831         
  54288 40662      379.0000  2264                    142.0000  1590087         
  54677 41081      379.0000  2461                    142.0000  1604772         
  55175 41802      379.0000  2440                    142.0000  1625952         
  55638 42309      283.0000  2117                    142.0000  1637992         
  56037 42582      379.0000  2436                    142.0000  1648768         
Elapsed time = 670.17 sec. (559110.20 ticks, tree = 12336.25 MB, solutions = 0)
Nodefile size = 10258.66 MB (3922.65 MB after compression)
  56505 42595      379.0000  2454                    142.0000  1652420         
  57166 42880      283.0000  2438                    142.0000  1669312         
  57653 42810      379.0000  2422                    142.0000  1669706         
  58056 43448      379.0000  2342                    142.0000  1686956         
  58602 43520      379.0000  2192                    142.0000  1687040         
  59027 44331      379.0000  2174                    142.0000  1712988         
  59483 44830      379.0000  2443                    142.0000  1720046         
  60116 44834      379.0000  2460                    142.0000  1737694         
  60816 45288      379.0000  2511                    142.0000  1744783         
  61340 46315    infeasible                          142.0000  1772056         
Elapsed time = 721.03 sec. (597294.57 ticks, tree = 13108.53 MB, solutions = 0)
Nodefile size = 11032.63 MB (4103.18 MB after compression)
  61840 46322      284.0000  2441                    142.0000  1772253         
  62303 46897      380.0000  2403                    142.0000  1787736         
  62703 46966      380.0000  2252                    142.0000  1787929         
  63188 47255      424.0000  2104                    142.0000  1796162         
  63700 48176      424.0000  2007                    142.0000  1819581         
  64271 48577      424.0000  2148                    142.0000  1822787         
  64808 48450      283.0000  2498                    142.0000  1823976         
  65292 49015      379.0000  2428                    142.0000  1842400         
  65846 49282      379.0000  2453                    142.0000  1853231         
  66375 49561      379.0000  2694                    142.0000  1865748         
Elapsed time = 774.81 sec. (635488.47 ticks, tree = 13757.58 MB, solutions = 0)
Nodefile size = 11679.17 MB (4239.54 MB after compression)
  66833 49529      379.0000  2266                    142.0000  1862957         
  67286 50153      379.0000  2287                    142.0000  1884022         
  67706 50323      379.0000  2378                    142.0000  1888773         
  68186 50955      283.0000  2491                    142.0000  1908998         
  68633 51160      379.0000  2484                    142.0000  1910351         
  69146 51829      379.0000  2464                    142.0000  1941252         
  69716 51852    infeasible                          142.0000  1955997         
  70265 52023      379.0000  2401                    142.0000  1969436         
  70723 52312      284.0000  2507                    142.0000  1977187         
  71204 52574      283.0000  2427                    142.0000  1987312         
Elapsed time = 828.10 sec. (673699.39 ticks, tree = 14342.75 MB, solutions = 0)
Nodefile size = 12255.13 MB (4354.93 MB after compression)
  71705 53058      283.0000  2035                    142.0000  1999444         
  72201 53371      283.0000  2129                    142.0000  2005771         
  72780 53599      283.0000  2562                    142.0000  2007555         
  73314 54146      142.0000  2912                    142.0000  2027656         
  73949 54153      284.0000  2575                    142.0000  2032284         
  74465 54783    infeasible                          142.0000  2061842         
  74863 54918      380.0000  2462                    142.0000  2065766         
  75251 54983      379.0000  2238                    142.0000  2070595         
  75738 55098      283.0000  2234                    142.0000  2085323         
  76210 55889      283.0000  2410                    142.0000  2098428         
Elapsed time = 880.70 sec. (711923.49 ticks, tree = 14976.57 MB, solutions = 0)
Nodefile size = 12896.52 MB (4453.39 MB after compression)
  76680 55726      283.0000  2634                    142.0000  2099518         
  77230 56292    infeasible                          142.0000  2106830         
  77793 56529      283.0000  2690                    142.0000  2114520         
  78397 56963    infeasible                          142.0000  2136866         
  78883 57280      379.0000  2446                    142.0000  2149725         
  79362 57446      283.0000  2524                    142.0000  2154754         
  79804 57954      283.0000  2474                    142.0000  2167610         
  80267 58506      379.0000  2242                    142.0000  2185410         
  80704 58867    infeasible                          142.0000  2193854         
  81045 58998      424.0000  2321                    142.0000  2192778         
Elapsed time = 936.87 sec. (750156.69 ticks, tree = 15589.42 MB, solutions = 0)
Nodefile size = 13505.69 MB (4544.93 MB after compression)
  81096 59247      424.0000  2297                    142.0000  2194165         
  81212 59845      379.0000  2461                    142.0000  2217370         
  81649 59968      379.0000  2460                    142.0000  2217373         
  82162 60006      379.0000  2514                    142.0000  2220749         
  82805 60017      283.0000  2492                    142.0000  2224954         
  83407 60588      283.0000  2512                    142.0000  2232857         
  83814 61014      284.0000  2305                    142.0000  2244349         
  84256 61239      379.0000  2427                    142.0000  2250262         
  84708 61749      283.0000  2378                    142.0000  2268209         
  85178 61811      283.0000  2209                    142.0000  2268527         
Elapsed time = 1010.01 sec. (792551.07 ticks, tree = 16087.51 MB, solutions = 0)
Nodefile size = 13971.44 MB (4621.43 MB after compression)
  85625 62376      379.0000  2155                    142.0000  2284317         
  86210 62774      379.0000  2538                    142.0000  2289390         
  86846 63555      379.0000  2537                    142.0000  2313833         
  87376 63970      284.0000  2547                    142.0000  2334143         
  87996 64025      285.0000  2419                    142.0000  2337052         
  88473 64132      379.0000  2470                    142.0000  2346702         
  88835 64172      142.0000  3061                    142.0000  2347607         
  89283 64975      283.0000  2420                    142.0000  2369790         
  89729 64757      283.0000  2227                    142.0000  2360026         
  90185 65213      283.0000  2278                    142.0000  2380658         
Elapsed time = 1065.83 sec. (830781.85 ticks, tree = 16716.08 MB, solutions = 0)
Nodefile size = 14631.98 MB (4733.90 MB after compression)
  90669 66049    infeasible                          142.0000  2401052         
  91415 66050      284.0000  2526                    142.0000  2401121         
  91983 66349      283.0000  2872                    142.0000  2419122         
  92665 66466      283.0000  2765                    142.0000  2419229         
  93168 67120      283.0000  2493                    142.0000  2436069         
  93407 67603      379.0000  2508                    142.0000  2449677         

Performing restart 1

Repeating presolve.
Tried aggregator 1 time.
Reduced MIP has 11986 rows, 448511 columns, and 905564 nonzeros.
Reduced MIP has 440558 binaries, 3441 generals, 0 SOSs, and 5104 indicators.
Presolve time = 0.50 sec. (421.17 ticks)
Tried aggregator 1 time.
Reduced MIP has 11986 rows, 448511 columns, and 905564 nonzeros.
Reduced MIP has 440558 binaries, 3441 generals, 0 SOSs, and 5104 indicators.
Presolve time = 0.89 sec. (649.81 ticks)
Represolve time = 3.81 sec. (2296.61 ticks)
  93535     0      142.0000  4128                  Cuts: 3096  2495736         
  93535     0      142.0000  4766                  Cuts: 3096  2499750         
  93535     0      142.0000  4962                  Cuts: 3096  2502953         
  93535     0      142.0000  5201                  Cuts: 3096  2505919         
  93535     2      142.0000  5193                    142.0000  2505919         
  93581    40      283.0000  3368                    142.0000  2512507         
  93726   175      246.4622  4611                    142.0000  2548357         
  93952   370      283.0000  3813                    142.0000  2575918         
Elapsed time = 1217.59 sec. (1007190.00 ticks, tree = 68.94 MB, solutions = 0)
  94166   516      585.0000  2776                    142.0000  2591001         
  94174   616      494.0000  3651                    142.0000  2602257         
  94227   652      429.0000  2840                    142.0000  2603975         
  94308   737      429.0000  2523                    142.0000  2607782         
  94453   807      429.0000  2424                    142.0000  2610129         
  94701   931      283.0000  3866                    142.0000  2632763         
  94979  1245      177.0000  5110                    142.0000  2645814         
  95278  1528      297.0000  3504                    142.0000  2655068         
  95628  1708      565.0000  2413                    142.0000  2657268         
  95956  2031      283.0000  3259                    142.0000  2668547         
Elapsed time = 1298.19 sec. (1051704.37 ticks, tree = 546.70 MB, solutions = 0)
  96250  2318      494.0000  2379                    142.0000  2672608         
  96578  2703      455.0000  2280                    142.0000  2684228         
  96871  2907      566.0000  1979                    142.0000  2695447         
  97119  3121      283.0000  4397                    142.0000  2711302         
  97367  3414      308.0000  2593                    142.0000  2727651         
  97599  3706      616.0000  1900                    142.0000  2754746         
  97925  3880      545.0000  1909                    142.0000  2769704         
  98236  4027    infeasible                          142.0000  2777924         
  98521  4328      299.0000  2750                    142.0000  2793307         
  98810  4538      283.0000  3936                    142.0000  2807953         
Elapsed time = 1345.78 sec. (1090047.40 ticks, tree = 1301.52 MB, solutions = 0)
  99097  4635      306.0000  2738                    142.0000  2809654         
  99348  4968      707.0000  1396                    142.0000  2820657         
  99613  5140      376.0000  2437                    142.0000  2828830         
  99926  5273      351.2968  3538                    142.0000  2837700         
 100189  5433      283.0000  3776                    142.0000  2847105         
 100501  5688      424.0000  2022                    142.0000  2856977         
 100839  5851      424.0000  2376                    142.0000  2867714         
 101206  6290      283.0000  3139                    142.0000  2880771         
 101525  6656      439.0000  2244                    142.0000  2884161         
 101866  7012      439.0000  2234                    142.0000  2898430         
Elapsed time = 1391.86 sec. (1128312.13 ticks, tree = 2049.28 MB, solutions = 0)
 102218  7152      496.0000  1738                    142.0000  2901567         
 102514  7495      565.0000  1613                    142.0000  2911111         

Performing restart 2

Repeating presolve.
Tried aggregator 1 time.
Reduced MIP has 11986 rows, 448511 columns, and 963660 nonzeros.
Reduced MIP has 440558 binaries, 3441 generals, 0 SOSs, and 5104 indicators.
Presolve time = 0.53 sec. (471.82 ticks)
Tried aggregator 1 time.
Reduced MIP has 11986 rows, 448511 columns, and 963660 nonzeros.
Reduced MIP has 440558 binaries, 3441 generals, 0 SOSs, and 5104 indicators.
Presolve time = 0.94 sec. (678.48 ticks)
Represolve time = 6.69 sec. (4784.76 ticks)

Root node processing (before b&c):
  Real time             =   56.34 sec. (81654.04 ticks)
Parallel b&c, 8 threads:
  Real time             = 1744.88 sec. (1743394.46 ticks)
  Sync time (average)   =  443.55 sec.
  Wait time (average)   =    0.16 sec.
                          ------------
Total (root+branch&cut) = 1801.22 sec. (1825048.49 ticks)
! --------------------------------------------------------
! Problem is UNKNOWN
! CPLEX Status = AbortTimeLim
! --------------------------------------------------------
