! Solving for graph /home/truongxuanhieu/CPLEX-MIP-for-MinSpanLabeling/benchmarks/abp/X-can__715.mtx.rnd
! Target value is set to 145
! Lower bound is set to 146
! Upper bound is set to 894
! Time limit is set to 1800
! Vertices mode is set to Has hole
! Target value mode is set to Antibandwidth
Version identifier: 22.2.0.0 | 2026-05-04 | 5dff98e58
CPXPARAM_TimeLimit                               1800
Tried aggregator 2 times.
MIP Presolve eliminated 2976 rows and 1877 columns.
MIP Presolve modified 639478 coefficients.
Aggregator did 8095 substitutions.
Reduced MIP has 15477 rows, 652809 columns, and 1316686 nonzeros.
Reduced MIP has 642453 binaries, 3691 generals, 0 SOSs, and 6665 indicators.
Presolve time = 1.69 sec. (4187.08 ticks)
Probing time = 1.79 sec. (980.81 ticks)
Tried aggregator 2 times.
Detecting symmetries...
Aggregator did 3 substitutions.
Reduced MIP has 15474 rows, 652806 columns, and 1316683 nonzeros.
Reduced MIP has 642453 binaries, 4403 generals, 0 SOSs, and 6665 indicators.
Presolve time = 1.56 sec. (1122.25 ticks)
Probing time = 0.29 sec. (118.53 ticks)
Clique table members: 10360.
MIP emphasis: balance optimality and feasibility.
MIP search method: dynamic search.
Parallel mode: deterministic, using up to 8 threads.
Root relaxation solution time = 1.46 sec. (1065.09 ticks)

        Nodes                                         Cuts/
   Node  Left     Objective  IInf  Best Integer    Best Bound    ItCnt     Gap

      0     0      146.0000  2397                    146.0000     9313         
      0     0      146.0000  4956                  Cuts: 3968    13541         
      0     0      146.0000  4686                  Cuts: 3968    15813         
      0     0      146.0000  4383                  Cuts: 3968    18856         
      0     0      146.0000  4026                  Cuts: 3968    22372         
      0     0      146.0000  4252                  Cuts: 1792    24328         
      0     2      146.0000  4252                    146.0000    24328         
Elapsed time = 93.90 sec. (134960.03 ticks, tree = 0.02 MB, solutions = 0)
      3     5      146.0000  4224                    146.0000    24342         
      6     8      146.0000  4180                    146.0000    24395         
      7     3      146.0000  4183                    146.0000    24365         
     11     7      146.0000  4185                    146.0000    24383         
     16    12      146.0000  4300                    146.0000    25042         
     27    20      146.0000  4218                    146.0000    26353         
     43    23      146.0000  4208                    146.0000    27456         
     55    27      146.0000  4100                    146.0000    27614         
     61    52      146.0000  4032                    146.0000    32608         
    122    92      146.0000  3968                    146.0000    40651         
Elapsed time = 98.49 sec. (138748.23 ticks, tree = 19.00 MB, solutions = 0)
    179   171      146.0000  3968                    146.0000    45350         
    256   203      146.0000  3705                    146.0000    51585         
    340   277      146.0000  3972                    146.0000    52065         
    382   264      234.0000  3827                    146.0000    55092         
    416   375      436.0000  3267                    146.0000    57772         
    443   424      146.0000  3720                    146.0000    79838         
    466   421      291.0000  3704                    146.0000    80851         
    476   466      291.0000  3502                    146.0000   106107         
    485   444      291.0000  3505                    146.0000    83310         
    486   466      436.0000  3383                    146.0000   122214         
Elapsed time = 133.36 sec. (157506.88 ticks, tree = 136.41 MB, solutions = 0)
    490   487      291.0000  3581                    146.0000   123897         
    527   494      302.0000  3425                    146.0000   131641         
    587   502      581.0000  2864                    146.0000   130877         
    623   504      302.0000  3405                    146.0000   133189         
    671   592      581.0000  2846                    146.0000   135808         
    715   571      291.0000  3196                    146.0000   134626         
    751   656      291.0000  3461                    146.0000   141279         
    789   636      291.0000  3345                    146.0000   140676         
    823   769      291.0000  3410                    146.0000   155469         
    864   686      581.0000  2638                    146.0000   143831         
Elapsed time = 148.62 sec. (167271.62 ticks, tree = 226.33 MB, solutions = 0)
    903   736      302.0000  3385                    146.0000   149365         
    947   850      291.0000  3303                    146.0000   163413         
    988   835      302.0000  3420                    146.0000   161468         
   1025   891      436.0000  3078                    146.0000   166968         
   1064   917      581.0000  2661                    146.0000   167387         
   1099   940      291.0000  3482                    146.0000   179062         
   1139   943      436.0000  3422                    146.0000   180069         
   1191  1097      726.0000  2448                    146.0000   189700         
   1230  1106      726.0000  2421                    146.0000   189794         
   1284  1187      581.0000  2606                    146.0000   204848         
Elapsed time = 163.57 sec. (177028.73 ticks, tree = 432.88 MB, solutions = 0)
   1325  1192      581.0000  2613                    146.0000   205254         
   1368  1267      726.0000  2576                    146.0000   207756         
   1420  1295      581.0000  2585                    146.0000   211038         
   1457  1323      436.0000  2814                    146.0000   212163         
   1483  1353      726.0000  2520                    146.0000   213517         
   1514  1400      581.0000  2554                    146.0000   219528         
   1544  1408      581.0000  2546                    146.0000   220023         
   1591  1388      436.0000  2712                    146.0000   218863         
   1646  1448      871.0000  2518                    146.0000   221631         
   1695  1586      726.0000  2480                    146.0000   237387         
Elapsed time = 175.57 sec. (186784.11 ticks, tree = 602.91 MB, solutions = 0)
   1748  1600      291.0000  3667                    146.0000   242647         
   1809  1633      436.0000  2975                    146.0000   254092         
   1862  1691      726.0000  2391                    146.0000   261576         
   1914  1787      291.0000  3365                    146.0000   264183         
   1953  1703      726.0000  2396                    146.0000   262677         
   2003  1841      581.0000  2527                    146.0000   266995         
   2061  1864      726.0000  2322                    146.0000   269069         
   2107  1950      363.5000  4065                    146.0000   284755         
   2166  1988    infeasible                          146.0000   286471         
   2226  2119      436.0000  3100                    146.0000   295192         
Elapsed time = 188.36 sec. (196412.07 ticks, tree = 826.68 MB, solutions = 0)
   2264  2025      726.0000  2287                    146.0000   288562         
   2286  2083      291.0000  3375                    146.0000   292838         
   2327  2145      726.0000  2427                    146.0000   296684         
   2362  2163      871.0000  2143                    146.0000   300479         
   2401  2251      726.0000  2384                    146.0000   319109         
   2445  2235      291.0000  3260                    146.0000   311965         
   2482  2297      291.0000  3246                    146.0000   322040         
   2514  2328      436.0000  2825                    146.0000   330720         
   2552  2391      726.0000  2318                    146.0000   332761         
   2592  2441      436.0000  2645                    146.0000   339035         
Elapsed time = 200.64 sec. (206216.66 ticks, tree = 963.55 MB, solutions = 0)
   2648  2379      436.0000  2920                    146.0000   332244         
   2698  2456      364.0000  2918                    146.0000   339329         
   2741  2476      291.0000  3429                    146.0000   350532         
   2778  2549      726.0000  2306                    146.0000   355230         
   2836  2658      436.0000  2767                    146.0000   369177         
   2891  2627      291.0000  3384                    146.0000   363756         
   2939  2704      436.0000  2812                    146.0000   371162         
   3003  2736      726.0000  2185                    146.0000   374702         
   3060  2878      436.0000  2779                    146.0000   386419         
   3115  2888      436.0000  2726                    146.0000   386521         
Elapsed time = 213.35 sec. (215946.83 ticks, tree = 1152.41 MB, solutions = 0)
   3170  2895      436.0000  2651                    146.0000   386585         
   3225  2933      291.0000  3369                    146.0000   391195         
   3278  3022      436.0000  2831                    146.0000   395793         
   3333  3066      436.0000  2708                    146.0000   401764         
   3387  3215      436.0000  2851                    146.0000   412005         
   3437  3200      436.0000  2752                    146.0000   408562         
   3506  3238      581.0000  2428                    146.0000   412865         
   3578  3249      581.0000  2469                    146.0000   413153         
   3642  3340      726.0000  2209                    146.0000   416295         
   3698  3396      436.0000  2801                    146.0000   421083         
Elapsed time = 226.18 sec. (225646.63 ticks, tree = 1368.08 MB, solutions = 0)
   3751  3539      581.0000  2523                    146.0000   429696         
   3801  3651      436.0000  2731                    146.0000   433036         
   3860  3633      436.0000  2638                    146.0000   432735         
   3926  3667      436.0000  2687                    146.0000   433852         
   3980  3673      436.0000  2656                    146.0000   434560         
   4043  3739      581.0000  2355                    146.0000   437922         
   4091  3746      581.0000  2430                    146.0000   438514         
   4148  3826      436.0000  2626                    146.0000   444698         
   4200  3904      726.0000  1996                    146.0000   446909         
   4426  4221      581.0000  2295                    146.0000   460122         
Elapsed time = 242.12 sec. (238149.32 ticks, tree = 1718.90 MB, solutions = 0)
   4621  4260      436.0000  2523                    146.0000   461788         
   4843  4642      581.0000  2153                    146.0000   487433         
   5089  4846      291.0000  3424                    146.0000   497029         
   5316  5059      291.0000  3358                    146.0000   503857         
   5530  5288      581.0000  2156                    146.0000   508269         
   5645  5305      436.0000  3046                    146.0000   513020         
   5738  5544      726.0000  2086                    146.0000   522755         
   5917  5578      726.0000  2049                    146.0000   524037         
   6141  5897      581.0000  1951                    146.0000   552565         
   6329  5926      581.0000  1891                    146.0000   553806         
Elapsed time = 315.73 sec. (284481.37 ticks, tree = 2443.84 MB, solutions = 0)
Nodefile size = 366.27 MB (145.40 MB after compression)
   6543  6108      291.0000  3511                    146.0000   565861         
   6788  6502      726.0000  1878                    146.0000   586777         
   7052  6662      726.0000  1682                    146.0000   597885         
   7294  6973      726.0000  1638                    146.0000   611746         
   7548  7148      871.0000  1518                    146.0000   626056         
   7775  7381      436.0000  3041                    146.0000   635845         
   8044  7680      871.0000  1751                    146.0000   646162         
   8273  7745      146.0000  3674                    146.0000   651791         
   8493  8180      871.0000  1439                    146.0000   698037         
   8735  8268      415.0000  3147                    146.0000   706969         
Elapsed time = 365.40 sec. (322758.24 ticks, tree = 3441.62 MB, solutions = 0)
Nodefile size = 1366.73 MB (550.08 MB after compression)
   8929  8501      871.0000  1290                    146.0000   716175         
   9186  8759      894.0000  1084                    146.0000   729013         
   9451  9036    infeasible                          146.0000   746618         
   9680  9013    infeasible                          146.0000   746755         
  10007  9335    infeasible                          146.0000   760655         
  10326  9539      894.0000   778                    146.0000   772338         
  10637  9892      894.0000   758                    146.0000   788629         
  10982  9911      871.0000  1253                    146.0000   788660         
  11308 10286      894.0000   675                    146.0000   798281         
  11579 10392      504.0000  2995                    146.0000   799238         
Elapsed time = 410.87 sec. (360991.33 ticks, tree = 4346.41 MB, solutions = 0)
Nodefile size = 2254.87 MB (907.38 MB after compression)
  11901 10613      871.0000  1233                    146.0000   817709         
  12236 10899      291.0000  3168                    146.0000   833370         
  12579 10974      871.0000  1205                    146.0000   833027         
  12797 11259      884.0000  1180                    146.0000   870679         
  13073 11403      291.0000  3296                    146.0000   886101         
  13348 11738      292.0000  3488                    146.0000   903205         
  13631 11903      894.0000  1049                    146.0000   908629         
  13972 12125      328.0000  3213                    146.0000   918123         
  14317 12228      894.0000  1034                    146.0000   923884         
  14688 12392      542.0000  3043                    146.0000   924738         
Elapsed time = 457.03 sec. (399252.84 ticks, tree = 5194.93 MB, solutions = 0)
Nodefile size = 3079.25 MB (1235.66 MB after compression)
  15088 12634      436.0000  3200                    146.0000   934357         
  15416 12913      436.0000  3090                    146.0000   958367         
  15758 13062    infeasible                          146.0000   962222         
  16011 13392    infeasible                          146.0000   983192         
  16315 13670      291.0000  3395                    146.0000  1011779         
  16621 13728      894.0000  1024                    146.0000  1016039         
  16985 13915      291.0000  3303                    146.0000  1028820         
  17362 14007      581.0000  2754                    146.0000  1036559         
  17717 14043      436.0000  3015                    146.0000  1041197         
  18020 14251    infeasible                          146.0000  1043541         
Elapsed time = 500.82 sec. (437462.77 ticks, tree = 5976.68 MB, solutions = 0)
Nodefile size = 3901.74 MB (1559.25 MB after compression)
  18335 14654      883.0000   734                    146.0000  1076561         
  18700 14580      291.0000  3260                    146.0000  1065545         
  19032 15098      894.0000  1008                    146.0000  1083112         
  19451 15110    infeasible                          146.0000  1083321         
  19748 15489      894.0000  1008                    146.0000  1109625         
  20105 15545      292.0000  3455                    146.0000  1111173         
  20478 15679      291.0000  3241                    146.0000  1122364         
  20854 16011      291.0000  2980                    146.0000  1134698         
  21199 16147      291.0000  3008                    146.0000  1135288         
  21496 16216      291.0000  3378                    146.0000  1142797         
Elapsed time = 545.28 sec. (475747.30 ticks, tree = 6805.58 MB, solutions = 0)
Nodefile size = 4706.19 MB (1876.71 MB after compression)
  21858 16543    infeasible                          146.0000  1155786         
  22317 16543    infeasible                          146.0000  1156492         
  22612 16728      883.0000   734                    146.0000  1173440         
  22627 17148    infeasible                          146.0000  1186243         
  22632 16905      436.0000  3196                    146.0000  1179985         
  22730 17259      436.0000  3120                    146.0000  1190165         
  22866 17310      437.0000  2854                    146.0000  1203509         
  22978 17481      436.0000  2974                    146.0000  1218060         
  23116 17523      436.0000  2873                    146.0000  1218378         
  23247 17617      436.0000  2768                    146.0000  1226944         
Elapsed time = 628.44 sec. (523137.58 ticks, tree = 7396.97 MB, solutions = 0)
Nodefile size = 5306.72 MB (2114.63 MB after compression)
  23401 17856      436.0000  2838                    146.0000  1244291         
  23528 17943      436.0000  2548                    146.0000  1265621         
  23662 18004      291.0000  3489                    146.0000  1279954         
  23807 18042      291.0000  3248                    146.0000  1280384         
  24021 18430      291.0000  3031                    146.0000  1313543         
  24265 18322      436.0000  2816                    146.0000  1310071         
  24510 18599      291.0000  3165                    146.0000  1330710         
  24760 18799      146.0000  3727                    146.0000  1356768         
  25012 19126      415.0000  3126                    146.0000  1386995         
  25259 19387      436.0000  2839                    146.0000  1434960         
Elapsed time = 687.09 sec. (561407.38 ticks, tree = 8151.59 MB, solutions = 0)
Nodefile size = 6060.19 MB (2410.64 MB after compression)
  25521 19577      291.0000  3184                    146.0000  1444288         
  25793 19520      581.0000  2740                    146.0000  1445663         
  26101 20033      291.0000  3461                    146.0000  1480424         
  26380 20156      581.0000  2658                    146.0000  1488025         
  26658 20328      292.0000  3147                    146.0000  1501403         
  27024 20816      292.0000  3597                    146.0000  1526990         
  27400 20666      291.0000  3720                    146.0000  1518623         
  27822 21268      291.0000  3546                    146.0000  1546152         
  28039 21404    infeasible                          146.0000  1560566         
  28250 21863      291.0000  3402                    146.0000  1581998         
Elapsed time = 728.87 sec. (599738.01 ticks, tree = 9207.16 MB, solutions = 0)
Nodefile size = 7111.01 MB (2821.19 MB after compression)
  28509 21900      292.0000  3399                    146.0000  1582505         
  28838 22448      296.0000  3495                    146.0000  1641254         
  29184 22412      291.0000  3298                    146.0000  1641901         
  29511 22876      292.0000  3004                    146.0000  1651293         
  29726 22892      291.0000  3528                    146.0000  1654844         
  30000 22907      436.0000  3004                    146.0000  1661125         
  30336 23407      436.0000  2961                    146.0000  1691943         
  30751 23353      292.0000  3336                    146.0000  1680702         
  31107 24153      291.0000  3484                    146.0000  1724481         
  31343 24301      291.0000  3415                    146.0000  1732864         
Elapsed time = 776.12 sec. (637964.35 ticks, tree = 10156.16 MB, solutions = 0)
Nodefile size = 8070.12 MB (3169.81 MB after compression)
  31637 24318      291.0000  3274                    146.0000  1735056         
  31921 24794      291.0000  3394                    146.0000  1775721         
  32247 24702      291.0000  3029                    146.0000  1758146         
  32529 24847    infeasible                          146.0000  1771322         
  32754 25284      291.0000  2980                    146.0000  1799905         
  33012 25520      291.0000  2916                    146.0000  1809468         
  33304 25772      291.0000  3237                    146.0000  1833741         
  33583 25714      292.0000  3197                    146.0000  1829760         
  33884 26205      291.0000  3022                    146.0000  1849080         
  34130 26333      291.0000  3062                    146.0000  1855592         
Elapsed time = 821.54 sec. (676249.83 ticks, tree = 10855.11 MB, solutions = 0)
Nodefile size = 8746.06 MB (3377.30 MB after compression)
  34391 26767      436.0000  2549                    146.0000  1862140         
  34683 27143    infeasible                          146.0000  1885318         
  34965 27405      292.0000  3515                    146.0000  1901478         
  35280 27060      291.0000  3586                    146.0000  1882380         
  35557 27784      302.0000  3676                    146.0000  1941383         
  35824 28031      363.5000  4240                    146.0000  1960480         
  36073 28176      291.0000  2926                    146.0000  1967455         
  36359 27941      292.0000  3353                    146.0000  1951858         
  36622 28512      299.0000  3480                    146.0000  1980364         
  36937 28908      291.0000  3299                    146.0000  2010382         
Elapsed time = 867.82 sec. (714461.64 ticks, tree = 11495.07 MB, solutions = 0)
Nodefile size = 9412.81 MB (3472.30 MB after compression)
  37194 28715      291.0000  3606                    146.0000  2008110         
  37434 28947      316.0000  3337                    146.0000  2012127         
  37671 29282      291.0000  3558                    146.0000  2025440         
  37920 29489      291.0000  3523                    146.0000  2038708         
  38119 29516      292.0000  3520                    146.0000  2041418         
  38379 29847      436.0000  3247                    146.0000  2053215         
  38727 29847      436.0000  3247                    146.0000  2053297         
  39012 30465      436.0000  3141                    146.0000  2118952         
  39250 30518      436.0000  2988                    146.0000  2119096         
  39501 30489      291.0000  3285                    146.0000  2113110         
Elapsed time = 916.89 sec. (752741.30 ticks, tree = 11928.18 MB, solutions = 0)
Nodefile size = 9814.06 MB (3554.87 MB after compression)
  39751 30695      291.0000  3313                    146.0000  2134244         
  40071 30948      436.0000  2546                    146.0000  2135251         
  40356 31205      436.0000  2877                    146.0000  2161748         
  40662 31257      436.0000  2767                    146.0000  2161859         
  40899 32259      291.0000  2842                    146.0000  2211429         
  41106 32385      436.0000  3232                    146.0000  2220793         
  41330 32656      436.0000  3073                    146.0000  2248444         
  41629 32466      436.0000  2644                    146.0000  2221353         
  41916 33057    infeasible                          146.0000  2263461         
  42216 33386      291.0000  3116                    146.0000  2282383         
Elapsed time = 965.14 sec. (791002.43 ticks, tree = 12788.08 MB, solutions = 0)
Nodefile size = 10700.52 MB (3759.64 MB after compression)
  42469 33626      291.0000  3310                    146.0000  2296190         
  42727 33667      291.0000  3310                    146.0000  2296190         
  43074 33503      292.0000  3401                    146.0000  2286724         
  43482 33903      292.0000  3337                    146.0000  2313660         
  43791 34313      292.0000  3124                    146.0000  2330090         
  44027 34507      291.0000  3376                    146.0000  2345826         
  44259 34724      291.0000  3326                    146.0000  2357845         
  44554 34613      291.0000  3028                    146.0000  2346153         
  44824 35379      291.0000  3008                    146.0000  2385818         
  45130 35591      291.0000  3323                    146.0000  2403693         
Elapsed time = 1011.64 sec. (829297.31 ticks, tree = 13456.52 MB, solutions = 0)
Nodefile size = 11343.12 MB (3936.91 MB after compression)
  45373 35631      295.0000  3351                    146.0000  2404312         
  45634 36566      296.0000  3242                    146.0000  2443334         
  45863 36611      298.0000  3145                    146.0000  2443644         
  46132 36878      436.0000  2770                    146.0000  2491424         
  46444 36746      436.0000  2674                    146.0000  2453585         
  46807 37137      436.0000  2713                    146.0000  2505613         
  47095 37016      460.0000  2860                    146.0000  2492173         
  47358 37434      291.0000  3428                    146.0000  2517465         
  47638 38067      291.0000  3517                    146.0000  2542813         
  47932 37913      291.0000  3461                    146.0000  2528035         
Elapsed time = 1058.30 sec. (867553.32 ticks, tree = 14138.78 MB, solutions = 0)
Nodefile size = 12028.12 MB (4072.95 MB after compression)
  48218 38394      436.0000  3447                    146.0000  2572295         
  48530 38221      291.0000  3305                    146.0000  2559762         
  48801 38799    infeasible                          146.0000  2601335         
  49039 38570      295.0000  3188                    146.0000  2586367         
  49300 38793      436.0000  2645                    146.0000  2603032         
  49622 39648      436.0000  2589                    146.0000  2649616         
  49943 39758      436.0000  2917                    146.0000  2656467         
  50223 39954      348.0000  3284                    146.0000  2659245         
  50428 39967      436.0000  3133                    146.0000  2663973         
  50673 40564      436.0000  3090                    146.0000  2692500         
Elapsed time = 1106.62 sec. (905788.30 ticks, tree = 14916.42 MB, solutions = 0)
Nodefile size = 12824.21 MB (4256.84 MB after compression)
  50968 40359      305.0000  3129                    146.0000  2684885         
  51292 40902      436.0000  2792                    146.0000  2708317         
  51570 41147      436.0000  2776                    146.0000  2717868         
  51848 41337      436.0000  2776                    146.0000  2732963         
  52110 40952      364.0000  3430                    146.0000  2713684         
  52449 41771      364.0000  3443                    146.0000  2756263         
  52839 41669      291.0000  3399                    146.0000  2744988         
  53133 41986      387.0000  3509                    146.0000  2769189         
  53409 42001      291.0000  3436                    146.0000  2776320         
  53592 42214      291.0000  3530                    146.0000  2800582         
Elapsed time = 1150.78 sec. (944015.20 ticks, tree = 15435.73 MB, solutions = 0)
Nodefile size = 13315.42 MB (4379.26 MB after compression)
  53826 42468      436.0000  2691                    146.0000  2808145         
  53995 42679      436.0000  2834                    146.0000  2817786         
  54101 42733      436.0000  2712                    146.0000  2817906         
  54121 42705      436.0000  3295                    146.0000  2823441         
  54166 43513      436.0000  3022                    146.0000  2879522         
  54280 43520      436.0000  2850                    146.0000  2882096         
  54457 43510      581.0000  3008                    146.0000  2881930         
  54645 43611      436.0000  2584                    146.0000  2882401         
  54830 43606      581.0000  2766                    146.0000  2882074         
  55039 43811      436.0000  2919                    146.0000  2897968         
Elapsed time = 1258.91 sec. (993829.40 ticks, tree = 15857.10 MB, solutions = 0)
Nodefile size = 13741.21 MB (4457.23 MB after compression)
  55255 43856      436.0000  2807                    146.0000  2898064         
  55539 43975      291.0000  3129                    146.0000  2909891         
  55861 44377      146.0000  4167                    146.0000  2918771         
  56130 44740      291.0000  2984                    146.0000  2940565         
  56454 44480      436.0000  3183                    146.0000  2923430         
  56800 44951      291.0000  3658                    146.0000  2960190         
  57135 45242      387.0000  3315                    146.0000  2965128         
  57394 45113      291.0000  3585                    146.0000  2968691         
  57680 45686      398.0000  3142                    146.0000  2989526         
  57996 46195      291.0000  3496                    146.0000  3028088         
Elapsed time = 1305.25 sec. (1032090.71 ticks, tree = 16592.64 MB, solutions = 0)
Nodefile size = 14506.72 MB (4663.57 MB after compression)
  58275 45835      436.0000  2828                    146.0000  3003018         
  58580 46478      291.0000  3062                    146.0000  3043965         
  58829 46749      291.0000  3444                    146.0000  3058944         
  59052 47111      146.0000  4137                    146.0000  3071616         
  59327 47253      436.0000  2984                    146.0000  3078184         
  59619 47302      436.0000  2875                    146.0000  3078287         
  59922 47350      436.0000  2763                    146.0000  3078384         
  60168 48028      436.0000  2863                    146.0000  3118034         
  60397 48586    infeasible                          146.0000  3146682         
  60667 48970      291.0000  3577                    146.0000  3166447         
Elapsed time = 1355.52 sec. (1070369.87 ticks, tree = 17418.68 MB, solutions = 0)
Nodefile size = 15331.41 MB (4848.53 MB after compression)
  60979 48703    infeasible                          146.0000  3161370         
  61306 48896      291.0000  3705                    146.0000  3167319         
  61618 49391      291.0000  3248                    146.0000  3205187         
  61994 49423      291.0000  3548                    146.0000  3194434         
  62322 49321      291.0000  3796                    146.0000  3193513         
  62587 49546      436.0000  2633                    146.0000  3218561         
  62828 50124      291.0000  3327                    146.0000  3229930         
  63151 50429      436.0000  3290                    146.0000  3242099         
  63475 50378      436.0000  2794                    146.0000  3235173         
  63754 51015      332.0000  3264                    146.0000  3269464         
Elapsed time = 1403.47 sec. (1108593.76 ticks, tree = 18013.38 MB, solutions = 0)
Nodefile size = 15892.25 MB (4957.38 MB after compression)
  64020 51653      291.0000  2885                    146.0000  3288622         
  64287 51535      436.0000  3166                    146.0000  3292970         
  64582 51458      291.0000  3062                    146.0000  3286356         
  64911 52303      436.0000  2927                    146.0000  3305400         
  65217 52933      291.0000  3252                    146.0000  3339080         
  65644 52544      436.0000  3013                    146.0000  3323527         
  65996 53341      436.0000  3372                    146.0000  3359737         
  66288 53032      291.0000  3693                    146.0000  3345258         
  66530 53449    infeasible                          146.0000  3365627         
  66828 53587      436.0000  3002                    146.0000  3372586         
Elapsed time = 1451.12 sec. (1146818.36 ticks, tree = 18819.04 MB, solutions = 0)
Nodefile size = 16690.79 MB (5152.94 MB after compression)
  67128 53631      436.0000  2991                    146.0000  3372683         
  67422 54200      417.0000  3078                    146.0000  3420247         
  67713 54268      291.0000  3327                    146.0000  3425054         
  67952 54314      291.0000  3207                    146.0000  3425205         
  68173 54809      291.0000  3439                    146.0000  3447644         
  68447 55470      436.0000  2668                    146.0000  3461504         
  68729 55121      291.0000  3294                    146.0000  3457770         
  69046 55164      291.0000  3142                    146.0000  3458323         
  69287 56039      291.0000  3120                    146.0000  3499680         
  69523 56170      291.0000  3103                    146.0000  3507080         
Elapsed time = 1500.23 sec. (1185086.14 ticks, tree = 19586.19 MB, solutions = 0)
Nodefile size = 17484.15 MB (5331.02 MB after compression)
  69823 55981      291.0000  3630                    146.0000  3498577         
  70160 56769      436.0000  3345                    146.0000  3545529         
  70450 56861      405.0000  3401                    146.0000  3549290         
  70761 57444      291.0000  3325                    146.0000  3578740         
  71032 57284      436.0000  3033                    146.0000  3572738         
  71266 57706      291.0000  3499                    146.0000  3594210         
  71542 57751      291.0000  3366                    146.0000  3594458         
  71822 58258      436.0000  3127                    146.0000  3628118         
  72083 58375      436.0000  3104                    146.0000  3639837         
  72350 58422      436.0000  2981                    146.0000  3639955         
Elapsed time = 1547.08 sec. (1223363.79 ticks, tree = 20257.87 MB, solutions = 0)
Nodefile size = 18133.90 MB (5462.94 MB after compression)
  72614 58645      291.0000  3714                    146.0000  3652537         
  72840 59106      291.0000  2971                    146.0000  3679364         
  73153 58853      436.0000  3256                    146.0000  3658654         
  73469 59501      291.0000  3628                    146.0000  3686290         
  73781 59961      291.0000  2714                    146.0000  3719077         
  74036 59679      415.0000  3307                    146.0000  3707307         
  74375 60520      291.0000  3231                    146.0000  3748234         
  74655 60270      291.0000  3656                    146.0000  3731350         
  74997 60962      291.0000  3525                    146.0000  3780495         
  75324 61112      436.0000  2975                    146.0000  3787223         
Elapsed time = 1595.36 sec. (1261631.28 ticks, tree = 21044.23 MB, solutions = 0)
Nodefile size = 18943.13 MB (5647.18 MB after compression)
  75636 60959    infeasible                          146.0000  3771254         
  75914 61677    infeasible                          146.0000  3810126         
  76223 61465      436.0000  2747                    146.0000  3802578         
  76546 62102      291.0000  2997                    146.0000  3831103         
  76843 62043      436.0000  2777                    146.0000  3824627         
  77114 62182      291.0000  2829                    146.0000  3832922         
  77380 63167      291.0000  2812                    146.0000  3863584         
  77628 62932      291.0000  3424                    146.0000  3859425         
  77911 63326      293.0000  3478                    146.0000  3872787         
  78183 63362      293.0000  3472                    146.0000  3873030         
Elapsed time = 1643.79 sec. (1299904.48 ticks, tree = 21776.63 MB, solutions = 0)
Nodefile size = 19655.40 MB (5849.86 MB after compression)
  78530 63802      436.0000  3316                    146.0000  3903722         
  78866 64023      291.0000  3734                    146.0000  3914382         
  79203 64523      291.0000  3565                    146.0000  3929459         
  79564 64411      291.0000  3602                    146.0000  3922052         
  79904 64491      291.0000  3769                    146.0000  3929453         
  80222 64698      291.0000  3083                    146.0000  3938601         
  80557 65153      436.0000  2768                    146.0000  3961848         
  80879 65349      291.0000  3387                    146.0000  3972904         
  81049 65706      436.0000  3302                    146.0000  3987286         
  81159 65757      436.0000  3159                    146.0000  3987521         
Elapsed time = 1684.89 sec. (1338137.99 ticks, tree = 22574.54 MB, solutions = 0)
Nodefile size = 20449.80 MB (6102.03 MB after compression)

Performing restart 1

Repeating presolve.
Tried aggregator 1 time.
Reduced MIP has 15474 rows, 652806 columns, and 1316683 nonzeros.
Reduced MIP has 642453 binaries, 4403 generals, 0 SOSs, and 6665 indicators.
Presolve time = 0.69 sec. (612.58 ticks)
Tried aggregator 1 time.
Reduced MIP has 15474 rows, 652806 columns, and 1316683 nonzeros.
Reduced MIP has 642453 binaries, 4403 generals, 0 SOSs, and 6665 indicators.
Presolve time = 1.35 sec. (985.95 ticks)
Represolve time = 5.22 sec. (3286.52 ticks)
  81199     0      146.0000  5512                  Cuts: 3968  4062025         
  81199     0      146.0000  6107                  Cuts: 3968  4067062         
  81199     0      146.0000  6161                  Cuts: 3968  4071830         

GUB cover cuts applied:  25
Clique cuts applied:  245
Cover cuts applied:  15
Implied bound cuts applied:  3211
Flow cuts applied:  6
Mixed integer rounding cuts applied:  5617
Zero-half cuts applied:  406
Lift and project cuts applied:  3
Gomory fractional cuts applied:  54

Root node processing (before b&c):
  Real time             =   93.23 sec. (134598.14 ticks)
Parallel b&c, 8 threads:
  Real time             = 1707.25 sec. (1357308.52 ticks)
  Sync time (average)   =  523.05 sec.
  Wait time (average)   =    0.00 sec.
                          ------------
Total (root+branch&cut) = 1800.48 sec. (1491906.65 ticks)
! --------------------------------------------------------
! Problem is UNKNOWN
! CPLEX Status = AbortTimeLim
! --------------------------------------------------------
