! Solving for graph /home/truongxuanhieu/CPLEX-MIP-for-MinSpanLabeling/benchmarks/cabp/H-impcol_b.mtx.rnd
! Target value is set to 3
! Lower bound is set to 4
! Upper bound is set to 29
! Time limit is set to 1800
! Vertices mode is set to No hole
! Target value mode is set to Cyclic Antibandwidth
Version identifier: 22.2.0.0 | 2026-05-04 | 5dff98e58
CPXPARAM_TimeLimit                               1800
Tried aggregator 2 times.
MIP Presolve eliminated 283 rows and 132 columns.
MIP Presolve modified 3400 coefficients.
Aggregator did 739 substitutions.
Reduced MIP has 1730 rows, 2999 columns, and 9239 nonzeros.
Reduced MIP has 2037 binaries, 341 generals, 0 SOSs, and 621 indicators.
Presolve time = 0.02 sec. (13.91 ticks)
Probing time = 0.03 sec. (20.63 ticks)
Tried aggregator 1 time.
Detecting symmetries...
Reduced MIP has 1730 rows, 2999 columns, and 9239 nonzeros.
Reduced MIP has 2037 binaries, 400 generals, 0 SOSs, and 621 indicators.
Presolve time = 0.01 sec. (7.20 ticks)
Probing time = 0.01 sec. (3.50 ticks)
Clique table members: 4230.
MIP emphasis: balance optimality and feasibility.
MIP search method: dynamic search.
Parallel mode: deterministic, using up to 8 threads.
Root relaxation solution time = 0.02 sec. (9.96 ticks)

        Nodes                                         Cuts/
   Node  Left     Objective  IInf  Best Integer    Best Bound    ItCnt     Gap

      0     0        6.0000   193                      6.0000      324         
      0     0        6.0000   425                   Cuts: 532      644         
      0     0        6.0000   442                   Cuts: 532      974         
Detecting symmetries...
      0     2        6.0000   290                      6.0000      974         
Elapsed time = 0.85 sec. (391.42 ticks, tree = 0.02 MB, solutions = 0)
    788   590       13.0000   184                      6.0000    18098         
   1972  1495       13.0000   116                      6.0000    42729         
   3278  2544       18.0000   111                      6.0000    67271         
   4571  3593       14.0000   150                      6.0000    89833         
   6141  4998       19.0000   111                      6.0000   119760         

Performing restart 1

Repeating presolve.
Tried aggregator 1 time.
Reduced MIP has 1730 rows, 2999 columns, and 9239 nonzeros.
Reduced MIP has 2037 binaries, 400 generals, 0 SOSs, and 621 indicators.
Presolve time = 0.01 sec. (5.28 ticks)
Tried aggregator 1 time.
Reduced MIP has 1730 rows, 2999 columns, and 9239 nonzeros.
Reduced MIP has 2037 binaries, 400 generals, 0 SOSs, and 621 indicators.
Presolve time = 0.01 sec. (7.52 ticks)
Represolve time = 0.06 sec. (36.38 ticks)
   6724     0        6.0000   397                   Cuts: 532   141648         
   6724     0        6.0000   559                   Cuts: 532   142368         
   6724     0        6.0000   554                   Cuts: 532   143317         
   6724     0        6.0000   558                   Cuts: 532   144998         
   6724     0        7.0000   428                   Cuts: 515   146139         
   6724     0        7.0000   633                   Cuts: 532   146795         
   6724     2        7.0000   425                      7.0000   146795         
   6750    21        8.0000   273                      7.0000   147410         
   6821    73        8.0000   314                      7.0000   152536         
   7154   398       11.0000   265                      7.0000   163255         
   8129  1043        8.0355   592                      7.0000   186377         
Elapsed time = 12.12 sec. (5763.53 ticks, tree = 15.30 MB, solutions = 0)
   9192  2077       17.0000   138                      7.0000   231421         
   9869  2670       15.0000    93                      7.0000   277478         
  10638  3312       12.0000   340                      7.0000   313786         
  11424  3746        9.0000   429                      7.0000   339932         
  11542  3711        7.0000   576                      7.0000   341187         

Performing restart 2

Repeating presolve.
Tried aggregator 1 time.
Reduced MIP has 1730 rows, 2999 columns, and 9929 nonzeros.
Reduced MIP has 2037 binaries, 400 generals, 0 SOSs, and 621 indicators.
Presolve time = 0.01 sec. (5.41 ticks)
Tried aggregator 1 time.
MIP Presolve modified 1 coefficients.
Reduced MIP has 1730 rows, 2999 columns, and 9929 nonzeros.
Reduced MIP has 2037 binaries, 400 generals, 0 SOSs, and 621 indicators.
Presolve time = 0.01 sec. (7.88 ticks)
Represolve time = 0.14 sec. (76.02 ticks)
  11543     0        7.0000   616                   Cuts: 532   367048         
  11543     0        7.0000   594                   Cuts: 233   367986         
  11543     0        7.0000   620                   Cuts: 532   369128         
  11543     0        7.0000   532                   Cuts: 269   369715         
  11543     0        7.0000   570                   Cuts: 532   370510         
  11543     0        7.0000   529                   Cuts: 499   371810         
  11543     0        7.0000   562                   Cuts: 397   372828         
  11543     0        7.0000   561                   Cuts: 532   373823         
  11543     0        7.0000   536                   Cuts: 532   374837         
  11543     0        7.0000   601                   Cuts: 532   375726         
  11543     2        7.0000   354                      7.0000   375726         
  11865   291       20.0000   144                      7.0000   392729         
* 12262   615      integral     0       27.0000        7.0000   405552   74.07%
  12374   712       19.0000    94       27.0000        7.0000   409619   74.07%
  12549   829        8.0000   474       27.0000        7.0000   429259   74.07%
  12774  1058       25.0000    56       27.0000        7.0000   467280   74.07%
Elapsed time = 38.51 sec. (18517.75 ticks, tree = 2.55 MB, solutions = 2)
* 12790  1048      integral     0       25.0000        7.0000   467424   72.00%
  12908  1037       24.0000   240       25.0000        7.0000   500137   72.00%
  13125  1182       18.0000   141       25.0000        7.0000   536156   72.00%
  13378  1428       20.0000   256       25.0000        8.0000   579546   68.00%
  13587  1576       12.0000   438       25.0000        8.0000   615862   68.00%
* 13597+ 1578                           24.0000        8.0000            66.67%
  13741  1500    infeasible             24.0000        8.0000   646467   66.67%
  14171  1749       18.0000   278       24.0000        8.0000   689105   66.67%
  14483  2122       12.0000   396       24.0000        8.0000   741430   66.67%
  14817  2222        9.0000   479       24.0000        8.0000   760561   66.67%
  15059  2438       10.0000   537       24.0000        8.0000   802106   66.67%
  15214  2543        9.0000   596       24.0000        8.0000   829610   66.67%
Elapsed time = 61.05 sec. (28101.74 ticks, tree = 21.17 MB, solutions = 4)
  15312  2664       10.0000   579       24.0000        8.0000   888904   66.67%
  15468  2744       18.0000   311       24.0000        8.0000   929975   66.67%
  15563  2863       21.0000   303       24.0000        8.0000   957573   66.67%
  15692  2915       21.0000   273       24.0000        8.0000  1000713   66.67%
  15829  3023       18.0000   354       24.0000        8.0000  1038262   66.67%
  16000  3146       18.0000   281       24.0000        8.0000  1067957   66.67%
  16120  3270       22.0000   235       24.0000        8.0000  1097453   66.67%
  16291  3386       18.0000   327       24.0000        9.0000  1120502   62.50%
  16434  3443       13.0000   382       24.0000        9.0000  1156780   62.50%
  16540  3613       18.0000   398       24.0000        9.0000  1202430   62.50%
Elapsed time = 82.27 sec. (37706.86 ticks, tree = 35.52 MB, solutions = 4)
  16624  3652       22.0000   377       24.0000        9.0000  1232225   62.50%
  16696  3700       20.0000   359       24.0000        9.0000  1272103   62.50%
  16864  3788       21.0000   218       24.0000        9.0000  1306803   62.50%
  17014  3940       13.0000   499       24.0000        9.0000  1339539   62.50%
  17354  4198       15.0000   328       24.0000        9.0000  1397180   62.50%
  17493  4313       15.0000   464       24.0000        9.0000  1431653   62.50%
  17575  4362       16.0000   446       24.0000        9.0000  1452880   62.50%
  17684  4400        9.0000   634       24.0000        9.0000  1466786   62.50%
  17786  4480       21.0000   247       24.0000        9.0000  1508849   62.50%
  17886  4542       14.0000   299       24.0000        9.0000  1561446   62.50%
Elapsed time = 103.22 sec. (47332.90 ticks, tree = 51.10 MB, solutions = 4)
  18032  4600       13.0000   390       24.0000        9.0000  1592416   62.50%
  18142  4727       12.0000   570       24.0000        9.0000  1651549   62.50%
  18218  4752       10.5000   596       24.0000        9.0000  1664904   62.50%
  18344  4809       15.0000   334       24.0000        9.0000  1716721   62.50%
  18514  4901       12.0000   518       24.0000        9.0000  1751050   62.50%
  18710  4926    infeasible             24.0000        9.0000  1760408   62.50%
  18897  5166       11.0000   388       24.0000        9.0000  1831278   62.50%
  19035  5166       18.0000   369       24.0000        9.0000  1826372   62.50%
  19139  5315       14.0000   420       24.0000        9.0000  1891771   62.50%
  19242  5343       15.0000   392       24.0000        9.0000  1898436   62.50%
Elapsed time = 125.31 sec. (56974.18 ticks, tree = 68.24 MB, solutions = 4)
  19290  5409        9.0000   620       24.0000        9.0000  1933169   62.50%
  19353  5456       10.0000   581       24.0000        9.0000  1971372   62.50%
  19464  5466        cutoff             24.0000        9.0000  2005479   62.50%
  19642  5574       18.0000   327       24.0000        9.0000  2048521   62.50%
  19842  5584       21.0000   331       24.0000        9.0000  2047123   62.50%
  19993  5709       18.0000   435       24.0000        9.0000  2088963   62.50%
  20142  5924    infeasible             24.0000        9.0000  2143874   62.50%
  20279  5931       14.0000   510       24.0000        9.0000  2148143   62.50%
  20418  6042       21.0000   349       24.0000        9.0000  2187368   62.50%
  20599  6167    infeasible             24.0000        9.0000  2229800   62.50%
Elapsed time = 148.28 sec. (66705.62 ticks, tree = 87.84 MB, solutions = 4)
  20768  6238       18.0000   274       24.0000        9.0000  2243897   62.50%
  20931  6402       14.0000   421       24.0000        9.0000  2305364   62.50%
  21072  6548        9.0000   640       24.0000        9.0000  2354597   62.50%
  21272  6581       12.0000   411       24.0000        9.0000  2355425   62.50%
  21344  6752       10.0000   542       24.0000        9.0000  2425408   62.50%
  21402  6755       11.0000   587       24.0000        9.0000  2429021   62.50%
  21475  6802       18.0000   432       24.0000        9.0000  2475634   62.50%
  21642  6810       11.0000   506       24.0000        9.0000  2494175   62.50%
  21764  6853       15.0000   423       24.0000        9.0000  2514860   62.50%
  21948  6998       22.0000   277       24.0000        9.0000  2562814   62.50%
Elapsed time = 170.09 sec. (76326.53 ticks, tree = 112.67 MB, solutions = 4)
  22113  7090       13.0000   518       24.0000        9.0000  2597076   62.50%
  22203  7145       12.0000   551       24.0000        9.0000  2611839   62.50%
  22312  7231       18.0000   387       24.0000        9.0000  2646310   62.50%
  22391  7311    infeasible             24.0000        9.0000  2695130   62.50%
  22446  7343       10.0000   574       24.0000        9.0000  2726880   62.50%
  22516  7375    infeasible             24.0000        9.0000  2771044   62.50%
  22642  7399       19.0000   450       24.0000        9.0000  2793314   62.50%
  22836  7428       22.0000   346       24.0000        9.0000  2805350   62.50%
  22972  7532       18.0000   455       24.0000        9.0000  2857979   62.50%
  23099  7613       12.0000   573       24.0000        9.0000  2882839   62.50%
Elapsed time = 191.07 sec. (86043.90 ticks, tree = 129.07 MB, solutions = 4)
  23268  7712       21.0000   344       24.0000        9.0000  2911194   62.50%
  23378  7768       18.0000   425       24.0000        9.0000  2927767   62.50%
  23539  7872       22.0000   325       24.0000        9.0000  2954681   62.50%
  23657  7950       18.0000   379       24.0000        9.0000  2987380   62.50%
  23811  8153       19.0000   334       24.0000        9.2121  3026334   61.62%
  23903  8233       18.0000   379       24.0000        9.4000  3094918   60.83%
  23979  8176       18.0000   333       24.0000        9.4000  3082032   60.83%
  24040  8298       13.0000   426       24.0000       10.0000  3122576   58.33%
  24076  8331       10.1111   692       24.0000       10.0000  3158383   58.33%
  24308  8452       16.0000   280       24.0000       10.0000  3321192   58.33%
Elapsed time = 216.56 sec. (98573.41 ticks, tree = 154.23 MB, solutions = 4)
  24739  8679       13.0000   590       24.0000       10.0000  3441956   58.33%
  25257  8862       12.0000   479       24.0000       10.0000  3534916   58.33%
  25765  9162       14.0000   495       24.0000       10.0000  3685071   58.33%
  26283  9369       18.0000   318       24.0000       10.0000  3774360   58.33%
  26713  9638       15.0000   548       24.0000       10.0000  3914787   58.33%
  26968  9806       16.0000   495       24.0000       10.0000  4012353   58.33%
  27429 10007       21.0000   389       24.0000       10.0000  4141235   58.33%
  27935 10203       21.0000   325       24.0000       10.0000  4225068   58.33%
  28286 10466       17.0000   537       24.0000       10.0000  4358255   58.33%
  28549 10585       13.0000   390       24.0000       10.0000  4445933   58.33%
Elapsed time = 296.34 sec. (136845.69 ticks, tree = 223.09 MB, solutions = 4)
  29056 10707        cutoff             24.0000       10.0000  4559172   58.33%
  29420 11005       20.0000   258       24.0000       10.0000  4687133   58.33%
  29732 11182    infeasible             24.0000       10.0000  4821557   58.33%
  30165 11265       13.0000   426       24.0000       10.0000  4883910   58.33%
  30698 11518       11.0000   491       24.0000       10.0000  4996472   58.33%
  31036 11868       11.0000   427       24.0000       10.0000  5148400   58.33%
  31327 11963       12.0000   546       24.0000       10.0000  5206048   58.33%
  31742 12149       15.0000   557       24.0000       10.0000  5334612   58.33%
  32191 12459       21.0000   270       24.0000       10.0000  5496683   58.33%
  32472 12618       18.0000   308       24.0000       10.0000  5605278   58.33%
Elapsed time = 377.66 sec. (175060.95 ticks, tree = 303.11 MB, solutions = 4)
  32774 12648       14.0000   318       24.0000       10.0000  5628572   58.33%
  33111 12875       18.0000   555       24.0000       10.0000  5789069   58.33%
  33597 13067       12.0000   497       24.0000       10.0000  5898179   58.33%
  33859 13226       15.0000   491       24.0000       10.0000  5972854   58.33%
  34090 13345       21.0000   340       24.0000       10.0000  6067854   58.33%
  34316 13484    infeasible             24.0000       10.0000  6187382   58.33%
  34764 13498       10.0000   611       24.0000       10.0000  6237163   58.33%
  35060 13719       15.0000   408       24.0000       10.0000  6384727   58.33%
  35333 13839       11.0000   456       24.0000       10.0000  6456140   58.33%
  35778 14058       10.2000   575       24.0000       10.0000  6613443   58.33%
Elapsed time = 459.17 sec. (213365.08 ticks, tree = 368.84 MB, solutions = 4)
  36182 14138       12.0000   587       24.0000       10.0000  6660539   58.33%
  36567 14426       16.0000   340       24.0000       10.0000  6822697   58.33%
  37072 14663       10.0000   585       24.0000       10.0000  6946922   58.33%
  37349 14669    infeasible             24.0000       10.0000  6938973   58.33%
  37593 14856       10.0000   643       24.0000       10.0000  7054963   58.33%
  37813 15052       21.0000   523       24.0000       10.0000  7179709   58.33%
  38089 15165       10.0000   502       24.0000       10.0000  7289572   58.33%
  38483 15237       12.0000   454       24.0000       10.0000  7396206   58.33%
  38788 15482       18.0000   416       24.0000       10.0000  7529634   58.33%
  39084 15634       10.0000   687       24.0000       10.0000  7625776   58.33%
Elapsed time = 538.56 sec. (251658.92 ticks, tree = 446.36 MB, solutions = 4)
  39467 15662       21.0000   394       24.0000       10.0000  7639290   58.33%
  39820 15748       14.0000   564       24.0000       10.0000  7728148   58.33%
  40184 15995       11.0000   587       24.0000       10.0000  7905930   58.33%
  40402 16161       14.0000   519       24.0000       10.0000  8016814   58.33%
  40622 16208       11.0000   614       24.0000       10.0000  8065485   58.33%
  40906 16318       11.0000   582       24.0000       10.0000  8151232   58.33%
  41176 16359    infeasible             24.0000       10.0000  8185844   58.33%
  41417 16646       10.0000   564       24.0000       10.0000  8445019   58.33%
  41678 16738       18.0000   395       24.0000       10.0000  8515112   58.33%
  41952 16818       15.0000   552       24.0000       10.0000  8563156   58.33%
Elapsed time = 615.88 sec. (289897.63 ticks, tree = 509.05 MB, solutions = 4)
  42278 16992       18.0000   424       24.0000       10.0000  8666945   58.33%
  42637 17054       11.0000   612       24.0000       10.0000  8723892   58.33%
  42939 17159       10.0000   617       24.0000       10.0000  8814584   58.33%
  43268 17364       18.0000   387       24.0000       10.0000  8921337   58.33%
  43477 17469       12.0000   586       24.0000       10.0000  8994122   58.33%
  43647 17608       15.0000   540       24.0000       10.0000  9100360   58.33%
  43874 17670       15.0000   535       24.0000       10.0000  9173298   58.33%
  44138 17726       10.0169   713       24.0000       10.0000  9233171   58.33%
  44376 17944       13.0000   652       24.0000       10.0000  9395711   58.33%
  44515 17937       20.0000   445       24.0000       10.0000  9389201   58.33%
Elapsed time = 689.68 sec. (328149.26 ticks, tree = 569.03 MB, solutions = 4)
  44633 18151       16.0000   610       24.0000       10.0000  9557396   58.33%
  44874 18224       21.0000   437       24.0000       10.0000  9692742   58.33%
  45136 18237       16.5000   450       24.0000       10.0000  9722336   58.33%
  45388 18372       13.0000   648       24.0000       10.0000  9846086   58.33%
  45655 18482       19.0000   448       24.0000       10.0000  9942208   58.33%
  45925 18622       16.0000   556       24.0000       10.0000 10057784   58.33%
  46105 18718       19.0000   389       24.0000       10.0000 10134044   58.33%
  46311 18733    infeasible             24.0000       10.0000 10146986   58.33%
  46538 18804       13.0000   570       24.0000       10.0000 10230102   58.33%
  46715 18906       18.0000   413       24.0000       10.0000 10307416   58.33%
Elapsed time = 774.35 sec. (366447.41 ticks, tree = 623.67 MB, solutions = 4)
  46931 19053       13.0000   676       24.0000       10.0000 10438456   58.33%
  47140 19111    infeasible             24.0000       10.0000 10513932   58.33%
  47266 19203       16.0000   562       24.0000       10.0000 10610791   58.33%
  47367 19305       12.0000   503       24.0000       10.0000 10696189   58.33%
  47481 19400       14.0000   475       24.0000       10.0000 10846504   58.33%
  47675 19430       21.0000   368       24.0000       10.0000 10894195   58.33%
  47935 19436       10.0593   655       24.0000       10.0000 10905597   58.33%
  48260 19578       11.0000   571       24.0000       10.0000 11068823   58.33%
  48594 19592       13.5000   573       24.0000       10.0000 11093703   58.33%
  48873 19834       18.0000   473       24.0000       10.0119 11266792   58.28%
Elapsed time = 850.59 sec. (404798.12 ticks, tree = 675.32 MB, solutions = 4)
  49077 19934       10.0954   735       24.0000       10.0119 11358299   58.28%
  49244 20071       22.0000   364       24.0000       10.0119 11439638   58.28%
  49452 20073       20.0937   496       24.0000       10.0593 11476022   58.09%
  49589 20222       11.0000   633       24.0000       10.0623 11609374   58.07%
  49716 20289       11.0000   729       24.0000       10.0954 11682015   57.94%
  49882 20418       16.0000   525       24.0000       10.0954 11854743   57.94%
  50153 20443       10.0954   697       24.0000       10.0954 11911986   57.94%
  50482 20477       16.0000   504       24.0000       10.0954 11898369   57.94%
  50803 20613       13.0000   475       24.0000       10.0954 12038020   57.94%
  51073 20855       18.0000   470       24.0000       10.0954 12182544   57.94%
Elapsed time = 925.47 sec. (443105.58 ticks, tree = 724.28 MB, solutions = 4)
  51354 20799       18.0000   459       24.0000       10.0954 12137240   57.94%
  51695 21162       18.0000   534       24.0000       10.1111 12398082   57.87%
  52039 21267       19.0000   515       24.0000       10.1224 12478044   57.82%
  52433 21372       15.0000   516       24.0000       10.1638 12573067   57.65%
  52797 21389    infeasible             24.0000       10.2000 12586991   57.50%
  53109 21476       21.0000   385       24.0000       10.2652 12629370   57.23%
  53413 21714       18.0000   375       24.0000       10.3360 12773779   56.93%
  53710 21732       13.0000   437       24.0000       10.3631 12785745   56.82%
  54006 22007       20.0000   467       24.0000       10.5000 12990809   56.25%
  54324 22152       11.0000   647       24.0000       10.5000 13067965   56.25%
Elapsed time = 1009.36 sec. (481451.26 ticks, tree = 806.73 MB, solutions = 4)
  54652 22433       11.0000   573       24.0000       10.5517 13260116   56.03%
  54991 22388    infeasible             24.0000       10.7500 13238880   55.21%
  55301 22490       14.0000   571       24.0000       11.0000 13304997   54.17%
  55606 22753       23.0000   328       24.0000       11.0000 13454176   54.17%
  55959 22904       15.0000   378       24.0000       11.0000 13537088   54.17%
  56206 23058       16.0000   448       24.0000       11.0000 13646641   54.17%
  56440 23168       16.0000   370       24.0000       11.0000 13705299   54.17%
  56747 23233       11.0000   484       24.0000       11.0000 13745301   54.17%
  57110 23371    infeasible             24.0000       11.0000 13848348   54.17%
  57573 23596        cutoff             24.0000       11.0000 14020908   54.17%
Elapsed time = 1089.47 sec. (519660.73 ticks, tree = 887.55 MB, solutions = 4)
  57917 23924       18.0000   442       24.0000       11.0000 14209148   54.17%
  58282 23782       16.0000   470       24.0000       11.0000 14128822   54.17%
  58605 24242       21.0000   297       24.0000       11.0000 14382489   54.17%
  58940 24181       18.5000   521       24.0000       11.0000 14354281   54.17%
  59304 24321       17.0000   437       24.0000       11.0000 14420395   54.17%
  59695 24472       11.0000   662       24.0000       11.0000 14532330   54.17%
  60127 24536       21.0000   339       24.0000       11.0000 14576113   54.17%
  60400 24693       12.0000   612       24.0000       11.0000 14647183   54.17%
  60721 25034       16.0000   576       24.0000       11.0000 14854582   54.17%
  61035 25246       20.0000   520       24.0000       11.0000 14946719   54.17%
Elapsed time = 1170.94 sec. (557937.97 ticks, tree = 1005.58 MB, solutions = 4)
  61418 25264       12.0000   434       24.0000       11.0000 14958518   54.17%
  61799 25336       14.0000   511       24.0000       11.0000 15005276   54.17%
  62149 25808       21.0000   493       24.0000       11.0000 15263971   54.17%
  62529 26007       18.0000   432       24.0000       11.0000 15377280   54.17%
  62910 25847       11.0000   624       24.0000       11.0000 15288394   54.17%
  63300 26176       12.0000   627       24.0000       11.0000 15477384   54.17%
  63642 26427       18.0000   396       24.0000       11.0000 15631096   54.17%
  63967 26585       16.0000   522       24.0000       11.0000 15720999   54.17%
  64242 26545       14.0000   529       24.0000       11.0000 15675718   54.17%
  64488 26740    infeasible             24.0000       11.0000 15812396   54.17%
Elapsed time = 1248.82 sec. (596175.10 ticks, tree = 1114.60 MB, solutions = 4)
  64810 26874       12.0000   598       24.0000       11.0000 15890963   54.17%
  65040 27024       18.0000   458       24.0000       11.0000 15985272   54.17%
  65373 27035       17.0000   511       24.0000       11.0000 15996220   54.17%
  65687 27165       17.0000   376       24.0000       11.0000 16078465   54.17%
  65928 27379       15.0000   521       24.0000       11.0000 16257412   54.17%
  66161 27600       16.0000   529       24.0000       11.0000 16380827   54.17%
  66379 27546       14.0000   634       24.0000       11.0000 16357050   54.17%
  66633 27701       21.0000   320       24.0000       11.0000 16460615   54.17%
  66987 27749       13.0000   633       24.0000       11.0000 16517502   54.17%
  67329 27863       21.0000   357       24.0000       11.0000 16624645   54.17%
Elapsed time = 1329.29 sec. (634490.10 ticks, tree = 1182.06 MB, solutions = 4)
  67685 28039       13.0000   526       24.0000       11.0000 16729045   54.17%
  67960 28058       13.0000   448       24.0000       11.0000 16740472   54.17%
  68194 28363       11.0000   706       24.0000       11.0000 16914580   54.17%
  68473 28454       11.0000   634       24.0000       11.0000 16968294   54.17%
  68758 28581       21.0000   358       24.0000       11.0000 17064857   54.17%
  69025 28895       13.0000   470       24.0000       11.0000 17277238   54.17%
  69306 28963       12.0000   558       24.0000       11.0000 17312274   54.17%
  69531 28927       14.0000   514       24.0000       11.0000 17297537   54.17%
  69837 29048    infeasible             24.0000       11.0000 17379075   54.17%
  70112 29187       11.0000   618       24.0000       11.0000 17470098   54.17%
Elapsed time = 1408.84 sec. (672814.11 ticks, tree = 1279.06 MB, solutions = 4)
  70435 29209       11.7500   672       24.0000       11.0000 17482359   54.17%
  70740 29545       13.0000   560       24.0000       11.0000 17720963   54.17%
  71026 29573       14.0000   544       24.0000       11.0000 17732728   54.17%
  71359 29591       11.0000   650       24.0000       11.0000 17744148   54.17%
  71669 30096       13.0776   550       24.0000       11.0000 18073387   54.17%
  71944 30164       15.0000   582       24.0000       11.0000 18109287   54.17%
  72233 30114       19.0000   431       24.0000       11.0000 18088262   54.17%
  72610 30255    infeasible             24.0000       11.0000 18157110   54.17%
  72984 30384    infeasible             24.0000       11.0000 18252387   54.17%
  73277 30768       21.0000   367       24.0000       11.0000 18477365   54.17%
Elapsed time = 1489.97 sec. (711135.99 ticks, tree = 1399.95 MB, solutions = 4)
  73582 30940       21.0000   351       24.0000       11.0000 18568224   54.17%
  73892 30627       14.0000   632       24.0000       11.0000 18402947   54.17%
  74159 30965       13.0000   514       24.0000       11.0000 18586347   54.17%
  74434 31324       15.0000   548       24.0000       11.0000 18814601   54.17%
  74722 31336       21.0000   285       24.0000       11.0000 18825612   54.17%
  74975 31388       21.0000   335       24.0000       11.0000 18856208   54.17%
  75301 31493       15.0000   574       24.0000       11.0000 18911991   54.17%
  75602 31579       13.0000   661       24.0000       11.0000 18993346   54.17%
  75878 31775       17.0000   415       24.0000       11.0000 19123940   54.17%
  76143 31972       13.0000   590       24.0000       11.0000 19246263   54.17%
Elapsed time = 1573.92 sec. (749450.88 ticks, tree = 1495.50 MB, solutions = 4)
  76355 32225       21.0000   397       24.0000       11.0000 19441989   54.17%
  76552 32073       15.0000   584       24.0000       11.0000 19315531   54.17%
  76761 32328       16.0000   421       24.0000       11.0000 19527558   54.17%
  76946 32456       15.0000   622       24.0000       11.0000 19604327   54.17%
  77113 32495    infeasible             24.0000       11.0000 19638438   54.17%
  77319 32470       16.0000   556       24.0000       11.0000 19619888   54.17%
Starting limited solution polishing.
  77411 32525       17.0000   361       24.0000       11.0000 19685596   54.17%
  77549 32651       14.0000   642       24.0000       11.0000 19800313   54.17%
  77720 32737       21.0000   500       24.0000       11.0000 19856860   54.17%
  77941 32907       21.0000   331       24.0000       11.0000 20070689   54.17%
Elapsed time = 1652.81 sec. (787773.14 ticks, tree = 1569.77 MB, solutions = 4)
  78180 32884       14.0000   502       24.0000       11.0000 20030406   54.17%
  78417 33054       14.0000   560       24.0000       11.0000 20220696   54.17%
  78660 33000       14.0000   589       24.0000       11.0000 20172559   54.17%
  78880 33269       17.0000   487       24.0000       11.0000 20373973   54.17%
  79123 33155       17.0000   590       24.0000       11.0000 20303226   54.17%
  79353 33500       12.0000   658       24.0000       11.0000 20528165   54.17%
  79564 33341    infeasible             24.0000       11.0000 20420271   54.17%
  79739 33677       18.0000   478       24.0000       11.0000 20705143   54.17%
  79928 33743    infeasible             24.0000       11.0000 20766540   54.17%
  80097 33596       18.0000   443       24.0000       11.0000 20638000   54.17%
Elapsed time = 1732.70 sec. (826150.09 ticks, tree = 1626.46 MB, solutions = 4)
  80295 33848       22.0000   451       24.0000       11.0000 20888962   54.17%
  80433 33777       12.0000   783       24.0000       11.0000 20818613   54.17%
  80639 33985       21.0000   353       24.0000       11.0000 21048716   54.17%
  80853 33838       11.0597   732       24.0000       11.0000 20887310   54.17%
  81029 34035       11.0000   643       24.0000       11.0000 21088761   54.17%
  81284 34212       21.0000   293       24.0000       11.0000 21254117   54.17%
  81476 34210       15.0000   587       24.0000       11.0000 21280897   54.17%
  81695 34293       12.3333   775       24.0000       11.0000 21348103   54.17%

GUB cover cuts applied:  1607
Clique cuts applied:  134
Cover cuts applied:  5290
Implied bound cuts applied:  603
Flow cuts applied:  74
Mixed integer rounding cuts applied:  874
Zero-half cuts applied:  14
Gomory fractional cuts applied:  60

Root node processing (before b&c):
  Real time             =    0.85 sec. (390.52 ticks)
Parallel b&c, 8 threads:
  Real time             = 1799.18 sec. (857180.51 ticks)
  Sync time (average)   =  160.31 sec.
  Wait time (average)   =    0.03 sec.
                          ------------
Total (root+branch&cut) = 1800.02 sec. (857571.03 ticks)
! --------------------------------------------------------
! Status: FEASIBLE (time limit or other stopping criterion reached)
! Best span = 24
! Labeling: 11 13 2 7 1 1 17 3 1 11 8 13 2 1 2 4 11 6 15 11 5 5 14 6 23 24 5 2 8 18 8 2 1 8 2 2 8 9 5 10 5 5 8 5 8 21 22 17 22 2 16 12 19 14 5 5 17 20 1 
! --------------------------------------------------------
! All verification passed
