! Solving for graph /home/truongxuanhieu/CPLEX-MIP-for-MinSpanLabeling/benchmarks/cabp/O-impcol_d.mtx.rnd
! Target value is set to 52
! Lower bound is set to 53
! Upper bound is set to 212
! Time limit is set to 1800
! Vertices mode is set to Has hole
! Target value mode is set to Cyclic Antibandwidth
Version identifier: 22.2.0.0 | 2026-05-04 | 5dff98e58
CPXPARAM_TimeLimit                               1800
Tried aggregator 2 times.
MIP Presolve eliminated 1268 rows and 956 columns.
MIP Presolve modified 90419 coefficients.
Aggregator did 3809 substitutions.
Reduced MIP has 8462 rows, 96338 columns, and 200284 nonzeros.
Reduced MIP has 91686 binaries, 1693 generals, 0 SOSs, and 2959 indicators.
Presolve time = 0.38 sec. (438.25 ticks)
Probing time = 0.92 sec. (246.65 ticks)
Tried aggregator 1 time.
Detecting symmetries...
Reduced MIP has 8462 rows, 96338 columns, and 200284 nonzeros.
Reduced MIP has 91686 binaries, 2118 generals, 0 SOSs, and 2959 indicators.
Presolve time = 0.31 sec. (152.67 ticks)
Probing time = 0.14 sec. (27.41 ticks)
Clique table members: 71234.
MIP emphasis: balance optimality and feasibility.
MIP search method: dynamic search.
Parallel mode: deterministic, using up to 8 threads.
Root relaxation solution time = 0.40 sec. (197.78 ticks)

        Nodes                                         Cuts/
   Node  Left     Objective  IInf  Best Integer    Best Bound    ItCnt     Gap

      0     0      104.0000   981                    104.0000     1269         
      0     0      104.0000  2359                  Cuts: 2215     2641         
      0     0      104.0000  1586                  Cuts: 2215     3536         
      0     0      104.0000  1849                  Cuts: 2215     4691         
Detecting symmetries...
      0     2      104.0000  2448                    104.0000     4691         
Elapsed time = 24.55 sec. (19770.20 ticks, tree = 0.02 MB, solutions = 0)
     10     5      104.0000  1699                    104.0000     4752         
     44    30      156.0000  1402                    104.0000    10497         
     81    71      156.0000  1386                    104.0000    16051         
    112   101      104.0000  1837                    104.0000    18913         
    173   137      104.0000  1870                    104.0000    21719         
    229   189      105.0000  1792                    104.0000    24538         
    240   206      156.0000  1336                    104.0000    26053         
    241   242      156.0000  1334                    104.0000    30428         
    255   256      156.0000  1299                    104.0000    30781         
    507   374      157.0000  1289                    104.0000    40033         
Elapsed time = 34.11 sec. (23338.82 ticks, tree = 28.94 MB, solutions = 0)
    790   616      157.0000  1232                    104.0000    48979         
   1111   958      174.0000  1224                    104.0000    56660         
   1428  1301      174.0000  1238                    104.0000    64957         
   1728  1556      209.0000  1064                    104.0000    76873         
   2041  1822      157.0000  1435                    104.0000    88606         
   2293  2019      104.0000  1871                    104.0000    96141         
   2587  2275      104.0000  1896                    104.0000   109886         
   2832  2593      130.0000  1846                    104.0000   132082         
   3062  2756      208.0000  1246                    104.0000   148029         
   3325  2962      157.0000  1164                    104.0000   169748         
Elapsed time = 52.75 sec. (32907.32 ticks, tree = 329.92 MB, solutions = 0)
   3739  3338      183.0000  1318                    104.0000   184482         
   4231  3693      208.0000  1354                    104.0000   189416         
   4721  4242      209.0000  1052                    104.0000   195536         
   5120  4473      157.0000   989                    104.0000   203070         
   5480  4823      131.0000  1505                    104.0000   214703         
   5908  5328      131.0000  1502                    104.0000   225526         
   6275  5464      105.0000  1735                    104.0000   230636         
   6593  5924      165.0000   818                    104.0000   241061         
   6936  6071      177.0000   809                    104.0000   252841         
   7311  6388      156.0000  1314                    104.0000   267562         
Elapsed time = 70.84 sec. (42467.81 ticks, tree = 751.52 MB, solutions = 0)
   7750  7044      157.0000  1312                    104.0000   280204         
   8111  7346      157.0000  1245                    104.0000   289503         
   8467  7648      105.0000  1786                    104.0000   301054         
   8886  8074      157.0000  1124                    104.0000   314412         
   9320  8345      156.0000  1740                    104.0000   321620         
   9803  8940      156.0000  1460                    104.0000   336475         
  10212  9422      157.0000  1469                    104.0000   346263         
  10623  9831      174.0000  1496                    104.0000   356289         
  11042 10113      176.0000  1491                    104.0000   371205         
  11398 10385      157.0000  1324                    104.0000   381960         
Elapsed time = 88.41 sec. (52027.82 ticks, tree = 1253.00 MB, solutions = 0)
  11781 10837      105.0000  1711                    104.0000   401281         
  12184 11247      156.0000  1417                    104.0000   414086         
  12717 11517      156.0000  1461                    104.0000   423999         
  13243 12115      105.0000  2577                    104.0000   433186         
  13720 12591      165.0000  1499                    104.0000   435565         
  14118 13070      131.0000  1535                    104.0000   449553         
  14526 13590      131.0000  1587                    104.0000   461732         
  15009 13739      111.0000  1757                    104.0000   470595         
  15385 14024      156.0000  1639                    104.0000   475402         
  15773 14554      161.0000  1378                    104.0000   493411         
Elapsed time = 105.54 sec. (61586.68 ticks, tree = 1783.84 MB, solutions = 0)
  16248 14985      140.0000  1542                    104.0000   507024         
  16716 15537      156.0000  1434                    104.0000   519771         
  17185 15880      112.0000  1758                    104.0000   529967         
  17608 16434      111.0000  1702                    104.0000   544404         
  18054 16533      105.0000  1841                    104.0000   555734         
  18472 17020      111.0000  1591                    104.0000   562876         
  18869 17557      106.0000  1691                    104.0000   579324         
  19367 18028      156.0000  1494                    104.0000   593505         
  19872 18672      176.0000  1461                    104.0000   598118         
  20416 18866      133.0000  1576                    104.0000   603149         
Elapsed time = 125.93 sec. (71137.25 ticks, tree = 2340.30 MB, solutions = 0)
Nodefile size = 275.40 MB (164.13 MB after compression)
  20865 19197      133.0000  1603                    104.0000   611708         
  21315 20049      157.0000  1260                    104.0000   629120         
  21642 20146      105.0000  1851                    104.0000   635030         
  21931 20506      157.0000  1300                    104.0000   644826         
  21997 21084      105.0000  1786                    104.0000   669692         
  22147 21070      157.0000  1253                    104.0000   672442         
  22479 21308      157.0000  1307                    104.0000   684347         
  22869 21528      104.0000  1845                    104.0000   689565         
  23208 21703      157.0000  1203                    104.0000   696151         
  23539 22055      131.0000  1552                    104.0000   713198         
Elapsed time = 149.74 sec. (80696.17 ticks, tree = 2753.95 MB, solutions = 0)
Nodefile size = 693.84 MB (416.03 MB after compression)
  23900 22510      115.0000  1661                    104.0000   736534         
  24028 22701    infeasible                          104.0000   742825         
  24057 23049      156.0000  1338                    104.0000   758725         
  24217 23112      156.0000  1387                    104.0000   761742         
  24444 23136      158.0000  1413                    104.0000   765211         
  24795 23401      158.0000  1413                    104.0000   770190         
  25227 23415      156.0000  1327                    104.0000   773397         
  25605 24047      156.0000  1235                    104.0000   789872         
  26015 24288      156.0000  1312                    104.0000   793934         
  26395 24694      176.0000  1469                    104.0000   807723         
Elapsed time = 174.85 sec. (90349.26 ticks, tree = 3098.87 MB, solutions = 0)
Nodefile size = 1026.65 MB (619.69 MB after compression)
  26880 25067      121.0000  1633                    104.0000   839589         
  27346 25787      186.0000  1437                    104.0000   847108         
  27683 25709      156.0000  1428                    104.0000   848250         
  28115 26471      114.0000  1723                    104.0000   874141         
  28612 26523      156.0000  1415                    104.0000   875722         
  29059 27306      156.0000  1411                    104.0000   891400         
  29605 28032      156.0000  1195                    104.0000   906760         
  30284 28022      208.0000  1122                    104.0000   904303         
  30794 28904      157.0000  1406                    104.0000   923325         
  31315 28982      157.0000  1226                    104.0000   923628         
Elapsed time = 197.78 sec. (99911.46 ticks, tree = 3663.05 MB, solutions = 0)
Nodefile size = 1590.84 MB (964.53 MB after compression)
  31866 29724      156.0000  1255                    104.0000   936807         
  32342 29965      157.0000  1398                    104.0000   939393         
  32797 30682      156.0000  1382                    104.0000   968622         
  33305 30852      156.0000  1273                    104.0000   976356         
  33808 31348      156.0000  1193                    104.0000   993143         
  34460 31528      105.0000  1835                    104.0000   994444         
  35044 32267      130.0000  1552                    104.0000  1008908         
  35503 32460      130.0000  1586                    104.0000  1014024         
  36104 33074      157.0000  1229                    104.0000  1023801         
  36889 34015      130.0000  1522                    104.0000  1047965         
Elapsed time = 231.88 sec. (112338.43 ticks, tree = 4324.12 MB, solutions = 0)
Nodefile size = 2258.06 MB (1372.45 MB after compression)
  37478 34367      208.0000  1142                    104.0000  1060860         
  39773 35911      131.0000  1671                    104.0000  1091582         
  42192 37018      208.0000  1276                    104.0000  1112638         
  44138 38451      209.0000  1249                    104.0000  1142047         
  46542 40385      130.0000  1593                    104.0000  1178942         
  48575 42069    infeasible                          104.0000  1208968         
  51044 43734      156.0000  1511                    104.0000  1230337         
  53172 45497      156.0000  1380                    104.0000  1251487         
  55399 46953      130.0000  1635                    104.0000  1275184         
  57534 48195      130.0000  1598                    104.0000  1302289         
Elapsed time = 323.83 sec. (150498.67 ticks, tree = 6220.88 MB, solutions = 0)
Nodefile size = 4144.79 MB (2533.90 MB after compression)
  59394 49602      130.0000  1637                    104.0000  1330368         
  61799 51579      165.0000  1531                    104.0000  1367809         
  63872 53278      171.0000  1472                    104.0000  1402570         
  65647 54534      130.0000  1699                    104.0000  1422401         
  66883 55907      206.0000  1408                    104.0000  1451050         
  69202 57250      157.0000  1344                    104.0000  1466311         
  71234 58575      158.0000  1316                    104.0000  1497049         
  72973 60108      131.0000  1517                    104.0000  1541847         
  75307 61605      130.0000  1657                    104.0000  1568716         
  77497 63222      157.0000  1369                    104.0000  1597097         
Elapsed time = 413.19 sec. (188663.03 ticks, tree = 8246.20 MB, solutions = 0)
Nodefile size = 6170.53 MB (3777.96 MB after compression)
  79818 65191      156.0000  1507                    104.0000  1630746         
  81871 66841      136.0000  1614                    104.0000  1651200         
  84053 68871    infeasible                          104.0000  1691083         
  85356 69701      157.0000  1388                    104.0000  1707090         
  86853 70499      168.0000  1477                    104.0000  1726181         
  88750 72190      156.0000  1472                    104.0000  1760941         
  90881 73518      157.0000  1289                    104.0000  1789642         
  92993 75819      181.0000  1467                    104.0000  1823496         
  95059 76901      131.0000  1573                    104.0000  1836330         
  95983 78171      210.0000  1449                    104.0000  1860199         
Elapsed time = 508.40 sec. (226833.74 ticks, tree = 10273.87 MB, solutions = 0)
Nodefile size = 8192.51 MB (5026.75 MB after compression)
  97917 79692      157.0000  1281                    104.0000  1898275         
 100021 81058      157.0000  1323                    104.0000  1920221         
 101657 82760      157.0000  1407                    104.0000  1961933         
 103408 84784    infeasible                          104.0000  2030675         
 105305 85776      164.0000  1416                    104.0000  2054681         
 107195 87151      157.0000  1252                    104.0000  2090305         
 109281 88990      208.0000  1382                    104.0000  2127127         
 111343 90679      172.0000  1467                    104.0000  2151491         
 113164 92245      130.0000  1590                    104.0000  2176297         
 114226 93423      157.0000  1373                    104.0000  2206968         
Elapsed time = 601.71 sec. (265002.37 ticks, tree = 12359.84 MB, solutions = 0)
Nodefile size = 10285.92 MB (6334.21 MB after compression)
 116391 94622      158.0000  1473                    104.0000  2228339         
 118364 96598      156.0000  1438                    104.0000  2263416         
 120180 98259      157.0000  1216                    104.0000  2295692         
 122252 99719      157.0000  1242                    104.0000  2334104         
 124271 100774      208.0000  1112                    104.0000  2357541         
 126461 103175      157.0000  1446                    104.0000  2401024         
 128598 104196      156.0000  1294                    104.0000  2418041         
 129562 105803      156.0000  1369                    104.0000  2443126         
 131581 107184      157.0000  1432                    104.0000  2464118         
 133493 108519      209.0000  1000                    104.0000  2491254         
Elapsed time = 695.95 sec. (303162.36 ticks, tree = 14462.42 MB, solutions = 0)
Nodefile size = 12391.65 MB (7664.51 MB after compression)
 135631 110150      179.0000  1459                    104.0000  2526723         
 137853 111367      157.0000  1292                    104.0000  2559759         
 139943 112324      156.0000  1454                    104.0000  2575212         
 141579 114585    infeasible                          104.0000  2612614         
 143163 115798      208.0000  1130                    104.0000  2639452         
 145334 117423      208.0000  1413                    104.0000  2663095         
 147589 119146      167.0000  1422                    104.0000  2694993         
 149504 120460      156.0000  1493                    104.0000  2721227         
 151782 122519      157.0000  1460                    104.0000  2757091         
 153809 124545      157.0000  1093                    104.0000  2795273         
Elapsed time = 790.11 sec. (341488.87 ticks, tree = 16740.27 MB, solutions = 0)
Nodefile size = 14671.14 MB (9120.69 MB after compression)
 155867 126395      157.0000  1337                    104.0000  2824984         
 157847 127398      157.0000  1373                    104.0000  2842201         

Performing restart 1

Repeating presolve.
Tried aggregator 1 time.
Reduced MIP has 8462 rows, 96338 columns, and 200284 nonzeros.
Reduced MIP has 91686 binaries, 2118 generals, 0 SOSs, and 2959 indicators.
Presolve time = 0.18 sec. (106.53 ticks)
Tried aggregator 1 time.
Reduced MIP has 8462 rows, 96338 columns, and 200284 nonzeros.
Reduced MIP has 91686 binaries, 2118 generals, 0 SOSs, and 2959 indicators.
Presolve time = 0.31 sec. (160.00 ticks)
Represolve time = 2.05 sec. (651.60 ticks)
 157904     0      104.0000  1802                  Cuts: 2215  2859247         
 157904     0      104.0000  2487                  Cuts: 2215  2864672         
 157904     0      104.0000  3002                  Cuts: 2215  2874365         
 157904     0      104.0000  3085                  Cuts: 2215  2884924         
 157904     2      104.0000  2575                    104.0000  2884924         
 158455   500      164.0000  1576                    104.0000  2932096         
 159702  1534      155.0000  1593                    104.0000  2961005         
 160780  2519      130.0000  2051                    104.0000  3011869         
 162003  3380      157.0000  1571                    104.0000  3041300         
 163273  4507      205.0000  1470                    104.0000  3069656         
 163545  4890    infeasible                          104.0000  3095169         
 163561  4889      157.0000  2005                    104.0000  3099024         
Elapsed time = 967.50 sec. (461120.37 ticks, tree = 545.37 MB, solutions = 0)
 163574  4896      184.0000  1668                    104.0000  3123977         
 164365  5360      212.0000  1407                    104.0000  3136096         
 165853  6687      212.0000  1512                    104.0000  3156211         
 167206  7946      210.0000  1421                    104.0000  3184620         
 167882  8766    infeasible                          104.0000  3202772         
 167895  8878      210.0000  1545                    104.0000  3206033         

Performing restart 2

Repeating presolve.
Tried aggregator 1 time.
MIP Presolve modified 106 coefficients.
Reduced MIP has 8462 rows, 96338 columns, and 266040 nonzeros.
Reduced MIP has 91686 binaries, 2118 generals, 0 SOSs, and 2959 indicators.
Presolve time = 0.41 sec. (135.96 ticks)
Tried aggregator 1 time.
Reduced MIP has 8462 rows, 96338 columns, and 266040 nonzeros.
Reduced MIP has 91686 binaries, 2118 generals, 0 SOSs, and 2959 indicators.
Presolve time = 0.54 sec. (185.33 ticks)
Represolve time = 4.33 sec. (1197.75 ticks)
 168440     0      104.0000  2972                  Cuts: 2215  3243050         
 168440     0      104.0000  3043                  Cuts: 2215  3255097         
 168440     0      104.0000  3254                  Cuts: 2215  3270263         
 168440     0      104.0000  3376                  Cuts: 2215  3287770         
 168440     0      104.0000  3325                  Cuts: 2215  3305442         
 168440     0      104.0000  3323                  Cuts: 2215  3320786         
 168440     0      104.0000  3363                  Cuts: 2215  3341974         
 168440     2      104.0000  2560                    104.0000  3341974         
 168560    91      150.0000  1738                    104.0000  3356931         
 168853   381      156.0000  1550                    104.0000  3378592         
 169166   685      156.0000  1511                    104.0000  3392407         
Elapsed time = 1263.10 sec. (683691.87 ticks, tree = 61.91 MB, solutions = 0)
 169513   984      156.0000  1521                    104.0000  3401796         
 169866  1248      157.0000  1411                    104.0000  3408731         
 170172  1628      156.0000  1845                    104.0000  3436773         
 170481  1934      210.0000  1262                    104.0000  3455933         
 170733  2166      157.0000  2036                    104.0000  3467322         
 170959  2382      156.0000  1924                    104.0000  3496405         
 171254  2541      209.0000  1632                    104.0000  3506776         
 171529  2828      208.0000  1587                    104.0000  3519237         
 171756  3090      209.0000  1434                    104.0000  3545961         
 171942  3297      208.0000  1413                    104.0000  3576192         
Elapsed time = 1362.59 sec. (722008.19 ticks, tree = 378.69 MB, solutions = 0)
 172133  3449      208.0000  1662                    104.0000  3596114         
 172305  3636      156.0000  2050                    104.0000  3633467         
 172497  3835      209.0000  1688                    104.0000  3647647         
 172690  3980      168.0000  1809                    104.0000  3685910         
 172843  4156      156.0000  1966                    104.0000  3706969         
 173050  4282      158.0000  1857                    104.0000  3722385         
 173298  4486      156.0000  1959                    104.0000  3745800         
 173462  4720      208.0000  1640                    104.0000  3760830         
 173601  4885      209.0000  1569                    104.0000  3793669         
 173770  5028      157.0000  1932                    104.0000  3833971         
Elapsed time = 1460.83 sec. (760269.65 ticks, tree = 606.46 MB, solutions = 0)
 173928  5216      208.0000  1753                    104.0000  3862267         
 174123  5332      209.0000  1716                    104.0000  3874095         
 174270  5483      157.0000  2271                    104.0000  3919829         
 174413  5638      161.0000  2017                    104.0000  3963108         
 174629  5804      174.0000  1636                    104.0000  3997548         
 174818  6047      199.0000  1902                    104.0000  4023060         
 174936  6117      208.0000  1650                    104.0000  4039750         
 175028  6221      208.0000  1682                    104.0000  4054175         
 175130  6344      165.0000  1873                    104.0000  4098615         
 175245  6421      157.0000  2099                    104.0000  4128710         
Elapsed time = 1558.50 sec. (798624.48 ticks, tree = 795.88 MB, solutions = 0)
 175429  6577      176.0000  1752                    104.0000  4169441         
 175653  6646      208.0000  1693                    104.0000  4177394         
 175863  6919      156.0000  2126                    104.0000  4206071         
 175987  7148      156.0000  1961                    104.0000  4228259         
 176154  7191      156.0000  2323                    104.0000  4235731         
 176375  7276      156.0000  2056                    104.0000  4288170         
 176616  7617      208.0000  1793                    104.0000  4358403         
 176818  7867      208.0000  1680                    104.0000  4382151         
 177017  8062      208.0000  1699                    104.4815  4410878         
 177228  8172      157.0000  1809                    104.4815  4428579         
Elapsed time = 1655.66 sec. (837028.76 ticks, tree = 1040.91 MB, solutions = 0)
 177445  8506      212.0000  1433                    104.4815  4473652         
 177674  8495      156.0000  1929                    104.4815  4474019         
 177855  8741      157.0000  1870                    104.4815  4508303         
 178051  8999      164.0000  2089                    104.4815  4551440         
 178188  9066      208.0000  1818                    104.4815  4560025         
 178366  9324      206.0000  1721                    104.4815  4601120         
 178550  9370      209.0000  1800                    104.4815  4622389         
 178774  9648      159.0000  1954                    104.4815  4667705         
 178975  9932      209.0000  1771                    104.4815  4712978         
 179093 10053      158.0000  1920                    104.4815  4733406         
Elapsed time = 1755.25 sec. (875350.81 ticks, tree = 1312.36 MB, solutions = 0)
 179170 10149      158.0000  1819                    104.4815  4749805         
 179258 10156      156.6667  3434                    104.4815  4774473         
 179425 10334      157.0000  2137                    105.0000  4813816         
 179639 10456      208.0000  1787                    105.0000  4864296         

GUB cover cuts applied:  3103
Cover cuts applied:  395
Implied bound cuts applied:  1609
Flow cuts applied:  3
Mixed integer rounding cuts applied:  1243
Zero-half cuts applied:  31
Lift and project cuts applied:  5
Gomory fractional cuts applied:  9

Root node processing (before b&c):
  Real time             =   24.31 sec. (19724.83 ticks)
Parallel b&c, 8 threads:
  Real time             = 1775.80 sec. (874942.44 ticks)
  Sync time (average)   =  426.36 sec.
  Wait time (average)   =    0.29 sec.
                          ------------
Total (root+branch&cut) = 1800.11 sec. (894667.27 ticks)
! --------------------------------------------------------
! Problem is UNKNOWN
! CPLEX Status = AbortTimeLim
! --------------------------------------------------------
