! Solving for graph /home/truongxuanhieu/CPLEX-MIP-for-MinSpanLabeling/benchmarks/cabp/R-dwt__503.mtx.rnd
! Target value is set to 31
! Lower bound is set to 32
! Upper bound is set to 251
! Time limit is set to 1800
! Vertices mode is set to Has hole
! Target value mode is set to Cyclic Antibandwidth
Version identifier: 22.2.0.0 | 2026-05-04 | 5dff98e58
CPXPARAM_TimeLimit                               1800
Tried aggregator 2 times.
MIP Presolve eliminated 2763 rows and 1131 columns.
MIP Presolve modified 126631 coefficients.
Aggregator did 7033 substitutions.
Reduced MIP has 16327 rows, 138686 columns, and 292689 nonzeros.
Reduced MIP has 129393 binaries, 3266 generals, 0 SOSs, and 6027 indicators.
Presolve time = 0.55 sec. (885.86 ticks)
Probing time = 0.92 sec. (331.77 ticks)
Tried aggregator 1 time.
Detecting symmetries...
Reduced MIP has 16327 rows, 138686 columns, and 292689 nonzeros.
Reduced MIP has 129393 binaries, 3769 generals, 0 SOSs, and 6027 indicators.
Presolve time = 0.45 sec. (229.31 ticks)
Probing time = 0.22 sec. (39.42 ticks)
Clique table members: 86895.
MIP emphasis: balance optimality and feasibility.
MIP search method: dynamic search.
Parallel mode: deterministic, using up to 8 threads.
Root relaxation solution time = 1.00 sec. (413.22 ticks)

        Nodes                                         Cuts/
   Node  Left     Objective  IInf  Best Integer    Best Bound    ItCnt     Gap

      0     0       62.0000  1844                     62.0000     3007         
      0     0       62.0000  3549                  Cuts: 4181     5391         
      0     0       62.0000  2536                  Cuts: 4181     7275         
      0     0       62.0000  2855                  Cuts: 4181     9405         
Detecting symmetries...
      0     2       62.0000  2642                     62.0000     9405         
Elapsed time = 22.67 sec. (15819.01 ticks, tree = 0.02 MB, solutions = 0)
      6     8       62.0000  2587                     62.0000    10118         
     11     4       62.0000  2610                     62.0000     9417         
     20    19       62.0000  2804                     62.0000    14885         
     40    21       62.0000  2745                     62.0000    17145         
     56    46       62.0000  2733                     62.0000    34447         
     68    67       62.0000  2711                     62.0000    42226         
     95    69       63.0000  3796                     62.0000    45079         
    130   101       62.0000  2694                     62.0000    56778         
    170   106       62.0000  3316                     62.0000    58447         
    206   196       94.0000  2544                     62.0000    77300         
Elapsed time = 30.98 sec. (19119.01 ticks, tree = 4.47 MB, solutions = 0)
    351   257      120.0000  2520                     62.0000    87320         
    519   409      156.0000  2439                     62.0000    98287         
    691   546      155.0000  2398                     62.0000   108082         
    936   768      125.0000  2322                     62.0000   115790         
   1191   952      155.0000  2330                     62.0000   121249         
   1428  1251      124.0000  2389                     62.0000   135142         
   1679  1458      124.0000  2344                     62.0000   145785         

Performing restart 1

Repeating presolve.
Tried aggregator 1 time.
Reduced MIP has 16327 rows, 138686 columns, and 292689 nonzeros.
Reduced MIP has 129393 binaries, 3769 generals, 0 SOSs, and 6027 indicators.
Presolve time = 0.22 sec. (164.11 ticks)
Tried aggregator 1 time.
Reduced MIP has 16327 rows, 138686 columns, and 292689 nonzeros.
Reduced MIP has 129393 binaries, 3769 generals, 0 SOSs, and 6027 indicators.
Presolve time = 0.46 sec. (243.46 ticks)
Represolve time = 1.88 sec. (909.25 ticks)
   1744     0       62.0000  3715                  Cuts: 4181   160468         
   1744     0       62.0000  4237                  Cuts: 4181   166186         
   1744     0       62.0000  4530                  Cuts: 4181   175422         
   1744     0       62.0000  4748                  Cuts: 4074   189124         
   1744     2       62.0000  3527                     62.0000   189124         
   1752     9       93.0000  2824                     62.0000   192390         
   1767    22       93.0000  2749                     62.0000   192947         
Elapsed time = 185.38 sec. (135432.07 ticks, tree = 0.60 MB, solutions = 0)
   1823    49    infeasible                           62.0000   197256         
   1951   167      124.0000  2959                     62.0000   207076         
   2071   274      124.0000  2891                     62.0000   232637         
   2171   361       93.0000  3021                     62.0000   237184         
   2341   478       93.0000  2714                     62.0000   251597         
   2567   663       93.0000  2936                     62.0000   260209         
   2803   908       97.0000  2754                     62.0000   266882         
   3052   996      125.0000  2844                     62.0000   268777         
   3236  1274      162.0000  2656                     62.0000   278342         
   3360  1374      157.0000  2660                     62.0000   279917         
Elapsed time = 207.34 sec. (145014.36 ticks, tree = 81.78 MB, solutions = 0)
   3515  1551      137.0000  2714                     62.0000   292717         
   3713  1634      162.0000  2603                     62.0000   307426         
   3907  1814       93.0000  3017                     62.0000   325297         
   4138  1990       93.0000  2952                     62.0000   336505         
   4342  2302      201.0000  2674                     62.0000   352146         
   4578  2376      124.0000  2957                     62.0000   354599         
   4796  2655      189.0000  2482                     62.0000   360938         
   4954  2870      124.0000  2682                     62.0000   379386         
   5051  2974      156.0000  2574                     62.0000   392622         
   5199  3111      124.0000  2729                     62.0000   402784         
Elapsed time = 228.56 sec. (154594.03 ticks, tree = 172.53 MB, solutions = 0)
   5325  3213      124.0000  2766                     62.0000   416646         
   5468  3258       62.0000  3562                     62.0000   434557         
   5593  3471      155.0000  2503                     62.0000   452838         
   5731  3560      156.0000  2277                     62.0000   467804         
   5885  3681      155.0000  2463                     62.0000   477495         
   6016  3737      141.0000  2751                     62.0000   484433         
   6186  3847      124.0000  2897                     62.0000   494806         
   6357  4030      125.0000  2819                     62.0000   504401         
   6525  4291      155.0000  2252                     62.0000   527523         
   6706  4456      155.0000  2242                     62.0000   536579         
Elapsed time = 249.26 sec. (164173.75 ticks, tree = 240.94 MB, solutions = 0)
   6879  4530      105.0000  3053                     62.0000   545532         
   7032  4704      124.0000  2920                     62.0000   549914         
   7143  4840      155.0000  2068                     62.0000   557929         
   7232  4959      155.0000  2694                     62.0000   578379         
   7320  4988      167.0000  2077                     62.0000   579040         
   7386  5077       93.0000  3337                     62.0000   610521         
   7439  5145       93.0000  3187                     62.0000   630057         
   7447  5108       62.0000  4137                     62.0000   612358         

Performing restart 2

Repeating presolve.
Tried aggregator 1 time.
Reduced MIP has 16327 rows, 138686 columns, and 314745 nonzeros.
Reduced MIP has 129393 binaries, 3769 generals, 0 SOSs, and 6027 indicators.
Presolve time = 0.26 sec. (171.96 ticks)
Tried aggregator 1 time.
Reduced MIP has 16327 rows, 138686 columns, and 314745 nonzeros.
Reduced MIP has 129393 binaries, 3769 generals, 0 SOSs, and 6027 indicators.
Presolve time = 0.44 sec. (242.20 ticks)
Represolve time = 3.60 sec. (2110.82 ticks)
   7448     0       62.0000  3816                  Cuts: 4181   668714         
   7448     0       62.0000  4573                  Cuts: 4181   681115         
   7448     0       62.0051  6197                  Cuts: 4181   711046         
   7448     0       63.0000  5173                  Cuts: 3402   718509         
   7448     0       63.0000  5396                  Cuts: 4181   728686         
   7448     0       63.0006  5738                  Cuts: 3045   735680         
   7448     0       64.0000  5513                  Cuts: 4181   742871         
   7448     0       64.0000  5525                  Cuts: 4181   752362         
   7448     0       64.0000  5133                  Cuts: 2408   759852         
   7448     0       64.0013  5925                  Cuts: 4181   769260         
   7448     0       64.1679  6293                  Cuts: 4181   777479         
   7448     0       64.3402  6405                  Cuts: 4181   785888         
   7448     0       64.4502  6587                  Cuts: 4181   795159         
   7448     0       64.4502  6658                  Cuts: 3733   805449         
   7448     0       64.4502  5832                  Cuts: 2003   811737         
   7448     0       64.4502  5937                  Cuts: 4181   817683         
   7448     0       64.4502  5737                  Cuts: 2710   823729         
   7448     0       64.4502  5971                  Cuts: 4181   829640         
   7448     2       64.4502  4967                     64.4502   829640         
   7452     5       65.0000  4248                     65.0000   831275         
Elapsed time = 1049.60 sec. (774118.92 ticks, tree = 0.05 MB, solutions = 0)
   7455     8       65.0000  3913                     65.0000   833810         
   7456     2       68.2000  4702                     65.0000   831233         
   7463    13       65.0000  3603                     65.0000   835800         
   7482    28       65.0000  3620                     65.0000   838942         
   7500    28       69.0000  4164                     65.0000   838125         
   7521    54       65.0000  4328                     65.0000   853570         
   7546    60       66.0000  3860                     65.0000   858166         
   7579    95       65.0000  3834                     65.0000   874878         
   7600   110       91.0000  3154                     65.0000   885480         
   7634    98       93.0000  2992                     65.0000   881167         
Elapsed time = 1078.85 sec. (784699.07 ticks, tree = 5.15 MB, solutions = 0)
   7665   179       65.0000  3870                     65.0000   916399         
   7706   184       94.0000  3160                     65.0000   926128         
   7752   259      125.0000  2854                     65.0000   934262         
   7807   264      125.0000  2845                     65.0000   934275         
   7860   314      101.0000  2896                     65.0000   944396         
   7908   417       94.0000  2889                     65.0000   951243         
   7955   400      138.0000  2850                     65.0000   951223         
   8008   448      184.0000  2712                     65.0000   952802         
   8064   523      138.0000  2787                     65.0000   956113         
   8115   521       94.0000  3186                     65.0000   956074         
Elapsed time = 1105.84 sec. (794390.22 ticks, tree = 25.05 MB, solutions = 0)
   8171   618      138.0000  2788                     65.0000   959446         
   8228   641       94.0000  3111                     65.0000   961334         
   8285   692      125.0000  2755                     65.0000   962763         
   8341   789      181.0000  2673                     65.0000   966993         
   8399   766       95.0000  2968                     65.0000   965049         
   8455   803      181.0000  2638                     65.0000   967698         
   8516   978      138.0000  2744                     65.0000   976045         
   8570   935      181.0000  2568                     65.0000   973786         
   8626  1087      123.0000  2732                     65.0000   982301         
   8683  1029      138.0000  2615                     65.0000   978333         
Elapsed time = 1132.57 sec. (804160.54 ticks, tree = 49.79 MB, solutions = 0)
   8737  1176       98.0000  2973                     65.0000   986297         
   8791  1154      105.0000  2871                     65.0000   986733         
   8841  1218      181.0000  2462                     65.0000   989388         
   8892  1351      186.0000  2506                     65.0000   997257         
   8948  1373      125.0000  2568                     65.0000   997999         
   8998  1422      157.0000  2605                     65.0000  1000727         
   9052  1429      157.0000  2601                     65.0000  1000892         
   9107  1526      125.0000  2505                     65.0000  1004844         
   9158  1619      186.0000  2285                     65.0000  1007264         
   9360  1747      186.0000  2148                     65.0000  1014237         
Elapsed time = 1165.70 sec. (816794.20 ticks, tree = 88.15 MB, solutions = 0)
   9532  2001      142.0000  2574                     65.0000  1025928         
   9744  2155      172.0000  2185                     65.0000  1040982         
   9941  2323      188.0000  1837                     65.0000  1051750         
  10149  2556      187.0000  1979                     65.0000  1071138         
  10344  2673      124.0000  2820                     65.0000  1076425         
  10994  2908      187.0000  2011                     65.0000  1087853         
  11587  3896      157.0000  2408                     65.0000  1129508         
  11785  4124      132.0000  2846                     65.0000  1191003         
  12192  4255      216.0000  2564                     65.0000  1205840         
  12781  4728      186.0000  2569                     65.0000  1243428         
Elapsed time = 1278.34 sec. (855131.13 ticks, tree = 250.15 MB, solutions = 0)
  13000  5259      169.0000  2271                     65.0000  1282677         
  13410  5455      125.0000  2653                     65.0000  1313755         
  14206  5821      125.0000  2550                     65.0000  1339371         
  14422  6625      124.0000  2747                     65.0000  1402927         
  14631  6854      125.0000  2990                     65.0000  1441127         
  14886  7081      125.0000  2830                     65.0000  1467998         
  15547  7266      249.0000  1687                     65.0000  1474152         
  16141  7876      249.0000  2234                     65.0000  1507790         
  16351  8457      138.0000  2918                     65.0000  1553063         
  16561  8738      125.0000  3008                     65.0000  1622181         
Elapsed time = 1393.03 sec. (893489.88 ticks, tree = 461.62 MB, solutions = 0)
  17094  8921      218.0000  2592                     65.0000  1633888         
  17740  9322      124.0000  2982                     65.0000  1671741         
  17948 10024      125.0000  3151                     65.0000  1748161         
  18169 10157      186.0000  2769                     65.0000  1790418         
  18411 10474      166.0000  2743                     65.0000  1829354         
  19142 10680      126.0000  2741                     65.0000  1840648         
  19626 10725       65.0000  4735                     65.0000  1855065         
  19776 11769      138.0000  2966                     65.0000  1928391         
  19988 11928      169.0000  2935                     65.0000  1970121         
  20215 12207      186.0000  2828                     65.0000  2033458         
Elapsed time = 1488.60 sec. (931769.97 ticks, tree = 643.90 MB, solutions = 0)
  20447 12433      186.0000  2742                     65.0000  2054863         
  20955 12707      156.0000  2857                     65.0000  2076590         
  21642 12937      140.0000  3086                     65.0000  2097736         
  22095 13930      125.0000  3107                     65.0000  2173509         
  22229 14189       94.0000  3499                     65.0000  2213756         
  22402 14385      186.0000  2617                     65.0000  2278531         
  22592 14500      125.0000  3339                     65.0000  2311112         
  22777 14597      187.0000  2486                     65.0000  2330935         
  23122 14960      218.0000  2703                     65.0000  2392876         
  23744 15262      158.0000  2785                     65.0000  2414254         
Elapsed time = 1603.03 sec. (970012.33 ticks, tree = 805.39 MB, solutions = 0)
  24071 15323      156.0000  2990                     65.0000  2442753         
  24215 16158      156.0000  3074                     65.0000  2515300         
  24420 16228      125.0000  3178                     65.0000  2539714         
  24645 16554      125.0000  2924                     65.0000  2602823         
  24858 16600      138.0000  3200                     65.0000  2616166         
  25291 16931      125.0000  2921                     65.0000  2641685         
  25997 17035      125.0000  3010                     65.0000  2650445         
  26457 17559      130.0000  2683                     65.0000  2672924         
  26643 17993      249.0000  3202                     65.0000  2762422         
  26805 18466      187.0000  3021                     65.0000  2804519         
Elapsed time = 1713.85 sec. (1008275.99 ticks, tree = 975.43 MB, solutions = 0)
  26985 18830      127.0000  2921                     65.0000  2896372         
  27208 18917      187.0000  2711                     65.0000  2926862         
  27409 19165      155.0000  3446                     65.0000  2969060         
  27670 19446      152.0000  3171                     65.0000  2995161         
  28136 19553      152.0000  2765                     65.0000  2999495         
  28634 20123       81.0000  3808                     65.0000  3075221         
  29248 20039      156.0000  2750                     65.0000  3056200         
  29446 21072      188.0000  2784                     65.0000  3176818         

GUB cover cuts applied:  1132
Clique cuts applied:  2
Cover cuts applied:  1147
Implied bound cuts applied:  3471
Flow cuts applied:  56
Mixed integer rounding cuts applied:  2580
Zero-half cuts applied:  113
Lift and project cuts applied:  4
Gomory fractional cuts applied:  9

Root node processing (before b&c):
  Real time             =   22.33 sec. (15720.15 ticks)
Parallel b&c, 8 threads:
  Real time             = 1777.87 sec. (1025204.65 ticks)
  Sync time (average)   =  176.90 sec.
  Wait time (average)   =    0.87 sec.
                          ------------
Total (root+branch&cut) = 1800.21 sec. (1040924.80 ticks)
! --------------------------------------------------------
! Problem is UNKNOWN
! CPLEX Status = AbortTimeLim
! --------------------------------------------------------
