! Solving for graph /home/truongxuanhieu/CPLEX-MIP-for-MinSpanLabeling/benchmarks/cabp/U-662_bus.mtx.rnd
! Target value is set to 82
! Lower bound is set to 83
! Upper bound is set to 331
! Time limit is set to 1800
! Vertices mode is set to Has hole
! Target value mode is set to Cyclic Antibandwidth
Version identifier: 22.2.0.0 | 2026-05-04 | 5dff98e58
CPXPARAM_TimeLimit                               1800
Tried aggregator 2 times.
MIP Presolve eliminated 907 rows and 1489 columns.
MIP Presolve modified 219619 coefficients.
Aggregator did 3798 substitutions.
Reduced MIP has 7842 rows, 224568 columns, and 455650 nonzeros.
Reduced MIP has 220525 binaries, 1569 generals, 0 SOSs, and 2474 indicators.
Presolve time = 0.75 sec. (1028.36 ticks)
Probing time = 1.33 sec. (431.82 ticks)
Tried aggregator 2 times.
Detecting symmetries...
Aggregator did 76 substitutions.
Reduced MIP has 7766 rows, 224492 columns, and 455574 nonzeros.
Reduced MIP has 220525 binaries, 2155 generals, 0 SOSs, and 2474 indicators.
Presolve time = 0.89 sec. (460.16 ticks)
Probing time = 0.22 sec. (50.45 ticks)
Clique table members: 106618.
MIP emphasis: balance optimality and feasibility.
MIP search method: dynamic search.
Parallel mode: deterministic, using up to 8 threads.
Root relaxation solution time = 0.77 sec. (335.48 ticks)

        Nodes                                         Cuts/
   Node  Left     Objective  IInf  Best Integer    Best Bound    ItCnt     Gap

      0     0      164.0000  1026                    164.0000      833         
      0     0      164.0000  2213                  Cuts: 2041     2345         
      0     0      164.0000  1649                  Cuts: 2041     3855         
      0     0      164.0000  1669                  Cuts: 2041     5252         
      0     2      164.0000  1502                    164.0000     5252         
Elapsed time = 46.21 sec. (35904.59 ticks, tree = 0.02 MB, solutions = 0)
      9    11      164.0000  1410                    164.0000     5346         
     24    16      164.0000  1547                    164.0000     5986         
     79    49      164.0000  1455                    164.0000     9678         
    138   119      164.0000  1410                    164.0000    10876         
    156   152      164.0000  1397                    164.0000    19038         
    170   153      246.0000  1368                    164.0000    20297         
    193   174      246.0000  1284                    164.0000    29040         
    222   197      246.0000  1360                    164.0000    39127         
    229   198      246.0000  1360                    164.0000    39131         
    341   269      246.0000  1289                    164.0000    39904         
Elapsed time = 55.77 sec. (39679.24 ticks, tree = 24.11 MB, solutions = 0)
    542   430      246.0000  1285                    164.0000    41658         
    679   579      246.0000  1199                    164.0000    43895         
    847   687      247.0000  1129                    164.0000    44700         
   1043   952      247.0000  1098                    164.0000    49814         
   1319  1091      329.0000   993                    164.0000    53156         
   1517  1290      331.0000   980                    164.0000    56278         
   1713  1469      331.0000   961                    164.0000    62072         
   1933  1588      331.0000   939                    164.0000    65055         
   2145  1683      331.0000   916                    164.0000    67893         
   2342  1842    infeasible                          164.0000    71514         
Elapsed time = 75.66 sec. (49240.36 ticks, tree = 271.84 MB, solutions = 0)
   2568  1936      331.0000   892                    164.0000    73268         
   2810  2018      331.0000   826                    164.0000    74613         
   3014  2136      331.0000   888                    164.0000    77850         
   3278  2203      331.0000   875                    164.0000    79654         
   3527  2360      331.0000   873                    164.0000    83821         
   3727  2439      331.0000   872                    164.0000    86189         
   3982  2501    infeasible                          164.0000    87521         
   4235  2617    infeasible                          164.0000    91783         
   4488  2707    infeasible                          164.0000    95334         
   4798  2755      331.0000   810                    164.0000    96013         
Elapsed time = 93.19 sec. (58831.53 ticks, tree = 417.54 MB, solutions = 0)
   5071  2841      331.0000   849                    164.0000    99666         
   5332  2920      331.0000   829                    164.0000   103621         
   5648  3046      331.0000   811                    164.0000   107698         
   5944  3084      247.0000  1173                    164.0000   109918         
   6206  3158      331.0000   836                    164.0000   111621         
   6514  3178      331.0000   812                    164.0000   112022         
   6842  3250      331.0000   826                    164.0000   112735         
   7101  3334    infeasible                          164.0000   116971         
   7381  3415      331.0000   831                    164.0000   120666         
   7688  3483    infeasible                          164.0000   121680         
Elapsed time = 108.27 sec. (68389.46 ticks, tree = 529.93 MB, solutions = 0)
   8013  3545      325.0000  1152                    164.0000   124468         
   8273  3588    infeasible                          164.0000   125376         
   8536  3657      331.0000   805                    164.0000   127437         
   8829  3768      331.0000   812                    164.0000   128302         
   9179  3797      287.0000   933                    164.0000   129555         
   9461  3839    infeasible                          164.0000   131047         
   9717  3893    infeasible                          164.0000   133875         
   9972  3961      329.0000  1131                    164.0000   135701         
  10285  4053      247.0000   963                    164.0000   137588         
  10586  4110      331.0000   799                    164.0000   137366         
Elapsed time = 124.00 sec. (77955.66 ticks, tree = 626.21 MB, solutions = 0)
  10834  4214      331.0000   759                    164.0000   139134         
  11077  4230      331.0000   798                    164.0000   139077         
  11365  4357      331.0000   809                    164.0000   144955         
  11675  4402      331.0000   755                    164.0000   145141         
  11891  4465      331.0000   803                    164.0000   148426         
  12114  4487    infeasible                          164.0000   148555         
  12400  4627    infeasible                          164.0000   151346         
  12688  4727      246.0000  1247                    164.0000   152893         
  12981  4866      331.0000   645                    164.0000   154833         
  13256  4975      331.0000   803                    164.0000   157662         
Elapsed time = 140.89 sec. (87519.18 ticks, tree = 761.40 MB, solutions = 0)
  13509  5043      247.0000  1181                    164.0000   158665         
  13745  5131    infeasible                          164.0000   163479         
  14007  5218    infeasible                          164.0000   166562         
  14308  5226      331.0000   754                    164.0000   166648         
  14584  5399      247.0000  1136                    164.0000   173777         
  14814  5426    infeasible                          164.0000   175516         
  15040  5478      247.0000  1134                    164.0000   181040         
  15295  5486      331.0000   661                    164.0000   181481         
  15594  5558      247.0000  1120                    164.0000   184796         
  15938  5628      321.0000  1199                    164.0000   185926         
Elapsed time = 159.75 sec. (97080.68 ticks, tree = 863.34 MB, solutions = 0)
  16272  5655      247.0000   907                    164.0000   187725         
  16518  5797    infeasible                          164.0000   191290         
  16773  5809    infeasible                          164.0000   194679         
  17033  6019      329.0000  1144                    164.0000   199344         
  17306  6047      246.0000  1327                    164.0000   200713         
  17561  6104      331.0000   973                    164.0000   199674         
  17846  6226      247.0000  1103                    164.0000   203631         
  18156  6486    infeasible                          164.0000   206848         
  18425  6631      247.0000  1194                    164.0000   209261         
  18674  6708      247.0000  1120                    164.0000   209596         
Elapsed time = 176.88 sec. (106649.72 ticks, tree = 1033.91 MB, solutions = 0)
  18908  6682    infeasible                          164.0000   209656         
  19196  6894      247.0000  1042                    164.0000   211464         
  19529  6880      247.0000  1108                    164.0000   211573         
  19856  7075      247.0000  1130                    164.0000   212169         
  20133  7217      247.0000  1093                    164.0000   212664         
  20397  7217      247.0000  1093                    164.0000   212698         
  20650  7517      247.0000  1296                    164.0000   218962         
  20916  7533      247.0000  1296                    164.0000   218962         
  21186  7718      247.0000   901                    164.0000   220007         
  21468  7626      247.0000  1085                    164.0000   219691         
Elapsed time = 193.99 sec. (116222.04 ticks, tree = 1180.02 MB, solutions = 0)
  21765  7787      247.0000  1081                    164.0000   220534         
  22080  7811      331.0000   795                    164.0000   220671         
  22365  8161      247.0000   747                    164.0000   226722         
  22627  8055    infeasible                          164.0000   223299         
  22883  8288      247.0000   749                    164.0000   228466         
  23142  8229      331.0000   790                    164.0000   227468         
  23440  8359    infeasible                          164.0000   228723         
  23759  8376    infeasible                          164.0000   228985         
  24062  8564      252.0000   969                    164.0000   230077         
  25244  8881      331.0000   492                    164.0000   237161         
Elapsed time = 214.66 sec. (128666.02 ticks, tree = 1378.19 MB, solutions = 0)
  26443  9090      247.0000   749                    164.0000   239817         
  27243  9327    infeasible                          164.0000   241324         
  27343  9296      246.0000  1331                    164.0000   242316         
  27494  9549      246.0000  1346                    164.0000   264297         
  28172  9920      248.0000  1230                    164.0000   302640         
  29134 10547      247.0000  1110                    164.0000   339617         
  30321 11832      246.0000  1374                    164.0000   367665         
  31439 12358      247.0000   958                    164.0000   374433         
  32623 12776      247.0000   987                    164.0000   384280         
  33699 14092      247.0000  1292                    164.0000   411217         
Elapsed time = 303.94 sec. (168756.39 ticks, tree = 2223.28 MB, solutions = 0)
Nodefile size = 157.35 MB (67.96 MB after compression)
  34722 14457      246.0000  1268                    164.0000   425553         
  35827 15292    infeasible                          164.0000   440619         
  37002 16041    infeasible                          164.0000   445005         
  37958 16603      246.0000  1346                    164.0000   462579         
  38860 16870      247.0000  1168                    164.0000   468031         
  39912 17440      247.0000  1252                    164.0000   498947         
  40865 18363      329.0000  1203                    164.0000   515888         
  41878 18732      247.0000  1308                    164.0000   522143         
  42906 19358      247.0000  1072                    164.0000   537748         
  43929 20551      331.0000  1082                    164.0000   565562         
Elapsed time = 378.32 sec. (206941.38 ticks, tree = 3284.28 MB, solutions = 0)
Nodefile size = 1209.68 MB (527.71 MB after compression)
  45104 21071      311.0000  1342                    164.0000   578339         
  46140 21538      329.0000  1183                    164.0000   585078         
  47194 22264      310.0000  1165                    164.0000   599415         
  48274 23278      328.0000  1260                    164.0000   625431         
  49352 23689      246.0000  1393                    164.0000   629800         
  50431 24755      247.0000  1214                    164.0000   654483         
  51529 25710      247.0000  1235                    164.0000   669426         
  52583 26547      246.0000  1351                    164.0000   677833         
  53616 27127      246.0000  1187                    164.0000   687097         
  54573 27675      247.0000  1276                    164.0000   697782         
Elapsed time = 453.46 sec. (245109.63 ticks, tree = 4472.60 MB, solutions = 0)
Nodefile size = 2385.85 MB (1068.03 MB after compression)
  55528 28782      246.0000  1394                    164.0000   726946         
  56536 29036      247.0000  1355                    164.0000   728169         
  57558 29910      247.0000  1113                    164.0000   752432         
  58617 30530      328.0000  1045                    164.0000   763136         
  59693 31789      247.0000  1322                    164.0000   788976         
  60781 32380      246.0000  1123                    164.0000   796831         
  61823 33185      246.0000  1409                    164.0000   806546         
  62868 33936      246.0000  1344                    164.0000   823412         
  64009 34918      247.0000  1312                    164.0000   840161         
  65105 35917      247.0000  1273                    164.0000   853833         
Elapsed time = 529.42 sec. (283273.91 ticks, tree = 5848.74 MB, solutions = 0)
Nodefile size = 3776.08 MB (1714.62 MB after compression)
  65981 36805      247.0000  1055                    164.0000   874831         
  67000 37300    infeasible                          164.0000   897863         
  68241 38008      247.0000  1282                    164.0000   907353         
  69135 39115      247.0000  1116                    164.0000   917501         

Performing restart 1

Repeating presolve.
Tried aggregator 1 time.
Reduced MIP has 7766 rows, 224492 columns, and 455574 nonzeros.
Reduced MIP has 220525 binaries, 2155 generals, 0 SOSs, and 2474 indicators.
Presolve time = 0.35 sec. (240.15 ticks)
Tried aggregator 1 time.
Reduced MIP has 7766 rows, 224492 columns, and 455574 nonzeros.
Reduced MIP has 220525 binaries, 2155 generals, 0 SOSs, and 2474 indicators.
Presolve time = 0.77 sec. (372.00 ticks)
Represolve time = 3.64 sec. (1324.77 ticks)
  69202     0      164.0000  2326                  Cuts: 2041   935746         
  69202     0      164.0000  2655                  Cuts: 2041   939271         
  69202     0      164.0000  2690                  Cuts: 2041   944550         
  69202     0      164.0000  2593                  Cuts: 1889   950636         
  69202     0      164.0000  2877                  Cuts: 1920   957769         
  69202     2      164.0000  1734                    164.0000   957769         
  69599   346      164.0000  1489                    164.0000   970332         
  70148   866      164.0000  1383                    164.0000  1026318         
  70556  1229      171.0000  1381                    164.0000  1085394         
  70678  1368      221.0000  1456                    164.0000  1111801         
  71195  1764      246.0000  1194                    164.0000  1142019         
Elapsed time = 728.75 sec. (421826.24 ticks, tree = 231.89 MB, solutions = 0)
  71850  2514      328.0000  1109                    164.0000  1157313         
  72468  3020      328.0000  1079                    164.0000  1169085         
  73187  3716      289.0000  1229                    164.0000  1177972         
  73669  4124      248.0000  1307                    164.0000  1195548         
  74325  4665      331.0000  1208                    164.0000  1210336         
  74994  5289      328.0000  1161                    164.0000  1222113         
  75522  5851      329.0000  1208                    164.0000  1234113         
  76022  6361      329.0000  1062                    164.0000  1242654         
  76697  6868      330.0000  1280                    164.0000  1258137         
  77322  7650      331.0000  1139                    164.0000  1274678         
Elapsed time = 828.69 sec. (463727.65 ticks, tree = 1094.33 MB, solutions = 0)

Performing restart 2

Repeating presolve.
Tried aggregator 1 time.
MIP Presolve modified 166 coefficients.
Reduced MIP has 7766 rows, 224492 columns, and 564262 nonzeros.
Reduced MIP has 220525 binaries, 2155 generals, 0 SOSs, and 2474 indicators.
Presolve time = 0.48 sec. (293.76 ticks)
Tried aggregator 1 time.
Reduced MIP has 7766 rows, 224492 columns, and 564262 nonzeros.
Reduced MIP has 220525 binaries, 2155 generals, 0 SOSs, and 2474 indicators.
Presolve time = 0.83 sec. (397.67 ticks)
Represolve time = 5.13 sec. (2091.86 ticks)
  77878     0      164.0000  2645                  Cuts: 2041  1296778         
  77878     0      164.0000  3049                  Cuts: 2041  1301059         
  77878     0      164.0000  3096                  Cuts: 2041  1307078         
  77878     0      164.0000  2800                  Cuts: 2041  1312825         
  77878     0      164.0000  2939                  Cuts: 2041  1319967         
  77878     0      164.0000  2842                  Cuts: 2041  1326340         
  77878     0      164.0000  2938                  Cuts: 2041  1332506         
  77878     0      164.0000  2927                  Cuts: 1990  1338863         
  77878     0      164.0000  2966                  Cuts: 1924  1345904         
  77878     2      164.0000  1969                    164.0000  1345904         
  77919    26      218.0000  2118                    164.0000  1351696         
  78069   147      302.0000  1663                    164.0000  1406136         
  78288   362      246.0000  1776                    164.0000  1419477         
  78624   531      328.0000  1534                    164.0000  1421453         
  79073  1108      328.0000  1278                    164.0000  1441833         
  79301  1350      246.0000  1700                    164.0000  1459314         
  79521  1534      329.0000  1375                    164.0000  1464178         
  79740  1743      328.0000  1204                    164.0000  1470666         
  79973  1951      329.0000  1161                    164.0000  1479760         
Elapsed time = 1183.21 sec. (764380.87 ticks, tree = 274.05 MB, solutions = 0)
  80204  2219      329.0000  1252                    164.0000  1482177         
  80432  2434      328.0000  1256                    164.0000  1484313         
  80652  2677      329.0000  1135                    164.0000  1487797         
  80869  2877      329.0000  1050                    164.0000  1489951         
  81082  3041      329.0000  1045                    164.0000  1491967         
  81309  3186      329.0000   967                    164.0000  1494152         
  81549  3433      330.0000   953                    164.0000  1497003         
  81778  3563      329.0000  1118                    164.0000  1498515         
  82004  3796      329.0000   882                    164.0000  1507274         
  82233  3995      328.0000  1106                    164.0000  1514295         
Elapsed time = 1268.31 sec. (802638.48 ticks, tree = 590.71 MB, solutions = 0)
  82476  4278      328.0000  1550                    164.0000  1522952         
  82720  4400      330.0000   772                    164.0000  1524252         
  82981  4573      329.0000   949                    164.0000  1526723         
  83313  5001      331.0000   425                    164.0000  1531010         
  83625  5228      331.0000   391                    164.0000  1536911         
  83941  5486      331.0000   365                    164.0000  1538598         
  84263  5804      331.0000   362                    164.0000  1540945         
  84587  6173      331.0000   287                    164.0000  1543758         
  84937  6378      331.0000    75                    164.0000  1545116         
  85334  6789    infeasible                          164.0000  1549687         
Elapsed time = 1351.86 sec. (840877.43 ticks, tree = 1031.70 MB, solutions = 0)
  85737  7024    infeasible                          164.0000  1552242         
  86121  7185      331.0000    66                    164.0000  1553070         
* 86403  7348      integral     0      331.0000      164.0000  1555381   50.45%
  86475  7472      329.0000   710      331.0000      164.0000  1556613   50.45%
  86684  5460      329.0000   690      331.0000      164.0000  1562916   50.45%
  86903  5576      246.0000  1945      331.0000      164.0000  1588408   50.45%
  87158  5900      247.0000  1592      331.0000      164.0000  1618875   50.45%
  87421  6007      328.0000  1469      331.0000      164.0000  1620729   50.45%
  87686  6238      328.0000  1398      331.0000      164.0000  1623130   50.45%
  87958  6630      330.0000   456      331.0000      164.0000  1628077   50.45%
  88223  6798      330.0000   290      331.0000      164.0000  1630062   50.45%
Elapsed time = 1443.52 sec. (879098.13 ticks, tree = 1022.85 MB, solutions = 1)
  88482  7095      248.0000  1444      331.0000      164.0000  1633281   50.45%
  88768  7336      330.0000   275      331.0000      164.0000  1637516   50.45%
  89058  7495      247.0000  1424      331.0000      164.0000  1643037   50.45%
  89334  7680      330.0000   240      331.0000      164.0000  1643808   50.45%
  89649  8061      330.0000  1072      331.0000      164.0000  1648318   50.45%
  89975  8238      330.0000   155      331.0000      164.0000  1649339   50.45%
  90244  8578      247.0000  1895      331.0000      164.0000  1656982   50.45%
  90499  8807      330.0000   259      331.0000      164.0000  1656370   50.45%
  90742  8977      330.0000   782      331.0000      164.0000  1661154   50.45%
  90942  9282      330.0000   854      331.0000      164.0000  1664299   50.45%
Elapsed time = 1537.17 sec. (917439.87 ticks, tree = 1421.12 MB, solutions = 1)
  91219  9545      330.0000   643      331.0000      164.0000  1667191   50.45%
  91502  9577      250.0000  1234      331.0000      164.0000  1673290   50.45%
  91833 10102      330.0000    24      331.0000      164.0000  1694983   50.45%
* 91891 10070      integral     0      330.0000      164.0000  1695016   50.30%
  92051  7128      288.0000  1187      330.0000      164.0000  1711109   50.30%
  92247  7201      328.0000  1588      330.0000      164.0000  1730317   50.30%
  92505  7397      329.0000  1239      330.0000      164.0000  1752721   50.30%
  92770  7515      329.0000  1373      330.0000      164.0000  1763840   50.30%
  92967  7951      329.0000  1361      330.0000      164.0000  1780497   50.30%
Starting limited solution polishing.
  93194  8150      329.0000  1213      330.0000      164.0000  1789601   50.30%
  93429  8183      247.0000  1922      330.0000      164.0000  1799278   50.30%
Elapsed time = 1638.15 sec. (955707.51 ticks, tree = 1236.80 MB, solutions = 2)
  93652  8602      329.0000  1180      330.0000      164.0000  1806984   50.30%
  93895  8542      257.0000  1711      330.0000      164.0000  1807083   50.30%
  94163  8955      329.0000  1080      330.0000      164.0000  1820111   50.30%
  94425  9178      329.0000   970      330.0000      164.0000  1823416   50.30%
  94699  9539      329.0000   909      330.0000      164.0000  1827677   50.30%
  94896  9699      329.0000   880      330.0000      164.0000  1831010   50.30%
  95067  9814      247.0000  1862      330.0000      164.0000  1845578   50.30%
  95238 10093      329.0000  1054      330.0000      164.0000  1868485   50.30%
  95431 10226      328.0000  1264      330.0000      164.0000  1891705   50.30%
  95590 10511      328.0000  1203      330.0000      164.0000  1935469   50.30%
Elapsed time = 1731.57 sec. (994036.37 ticks, tree = 1618.51 MB, solutions = 2)
  95748 10481      328.0000  1502      330.0000      164.0000  1935355   50.30%
  95970 10720      329.0000  1457      330.0000      164.0000  1965852   50.30%
  96203 10931      328.0000  1394      330.0000      164.0000  1978391   50.30%
  96443 11062    infeasible            330.0000      164.0000  1980639   50.30%
  96692 11300      328.0000  1405      330.0000      164.0000  1983989   50.30%
  96967 11617      329.0000  1244      330.0000      164.0000  2001757   50.30%
  97245 11943      329.0000  1332      330.0000      164.0000  2011808   50.30%

GUB cover cuts applied:  641
Clique cuts applied:  2
Cover cuts applied:  173
Implied bound cuts applied:  983
Flow cuts applied:  10
Mixed integer rounding cuts applied:  1772
Zero-half cuts applied:  83
Gomory fractional cuts applied:  11

Root node processing (before b&c):
  Real time             =   45.84 sec. (35830.27 ticks)
Parallel b&c, 8 threads:
  Real time             = 1754.53 sec. (986583.08 ticks)
  Sync time (average)   =  300.19 sec.
  Wait time (average)   =    0.41 sec.
                          ------------
Total (root+branch&cut) = 1800.37 sec. (1022413.35 ticks)
! --------------------------------------------------------
! Status: FEASIBLE (time limit or other stopping criterion reached)
! Best span = 330
! Labeling: 166 83 137 189 166 246 330 222 167 249 1 163 164 171 1 270 238 246 137 247 127 229 1 146 85 330 288 83 84 238 247 167 300 1 211 330 136 129 164 246 330 221 247 83 166 82 164 1 302 158 219 246 268 83 72 20 270 330 330 330 302 213 136 330 248 164 106 147 330 165 83 249 102 246 330 248 1 249 85 221 4 304 220 328 211 84 82 330 330 82 164 164 83 180 1 330 168 1 305 166 54 247 139 249 164 327 248 220 330 247 166 89 330 211 248 220 139 248 330 1 83 221 17 166 56 131 166 1 246 95 248 248 129 83 218 85 330 165 330 303 1 83 247 49 219 155 166 167 164 107 170 164 104 1 83 248 1 164 330 83 165 137 35 165 301 1 293 301 164 293 249 330 137 20 328 247 330 165 1 166 137 137 83 83 221 184 222 1 83 164 248 261 248 248 321 154 304 1 330 1 164 137 330 83 165 220 211 248 238 301 82 166 17 220 260 165 82 165 247 136 152 248 329 138 330 249 1 164 325 164 330 83 248 83 166 84 297 81 83 164 330 83 102 248 165 329 139 249 251 247 248 232 247 84 54 136 248 83 165 83 83 219 164 83 301 295 166 249 246 178 1 328 248 6 82 219 247 1 329 248 1 3 1 186 165 246 312 221 55 268 165 239 247 83 270 166 1 166 164 221 165 84 55 1 247 82 229 56 1 219 167 248 246 165 83 219 83 84 1 165 135 330 82 246 329 165 1 135 245 55 330 330 47 84 247 83 84 245 128 104 82 1 330 186 251 83 236 45 330 165 137 167 164 330 246 14 83 330 208 135 330 1 1 259 166 82 156 165 1 83 166 84 184 83 135 167 330 248 86 80 55 330 151 247 221 165 164 84 167 165 248 165 82 246 1 1 81 330 164 82 219 330 83 131 1 248 1 165 83 83 327 330 330 83 82 165 248 220 164 1 163 83 169 219 164 248 330 248 22 168 55 1 165 164 83 234 248 164 1 84 1 330 1 83 246 247 85 248 165 139 1 330 165 83 83 84 247 330 211 330 262 86 145 165 330 248 138 137 83 1 1 1 247 165 1 98 1 248 164 247 188 262 330 165 248 165 164 220 82 248 135 83 166 85 330 82 88 137 330 1 138 302 330 83 83 1 165 247 248 330 99 53 165 248 221 165 84 167 1 82 219 45 136 164 168 22 83 165 249 181 1 1 330 83 1 247 83 131 330 219 1 146 185 212 82 1 252 165 137 49 1 166 189 164 1 220 138 83 1 136 330 220 137 1 248 164 1 330 164 328 82 246 1 302 164 84 330 235 83 22 166 1 82 330 1 167 167 166 154 300 330 83 1 84 139 82 247 329 330 166 83 249 165 248 290 330 213 266 82 248 248 82 83 246 164 70 295 165 96 330 218 145 330 1 65 85 330 248 82 218 13 301 1 322 328 84 99 266 165 329 165 166 1 330 83 217 1 164 329 165 136 217 250 82 248 247 154 236 329 63 330 83 
! --------------------------------------------------------
! All verification passed
