! Solving for graph /home/truongxuanhieu/CPLEX-MIP-for-MinSpanLabeling/benchmarks/cabp/X-can__715.mtx.rnd
! Target value is set to 50
! Lower bound is set to 51
! Upper bound is set to 357
! Time limit is set to 1800
! Vertices mode is set to No hole
! Target value mode is set to Cyclic Antibandwidth
Version identifier: 22.2.0.0 | 2026-05-04 | 5dff98e58
CPXPARAM_TimeLimit                               1800
Tried aggregator 2 times.
MIP Presolve eliminated 2977 rows and 1608 columns.
MIP Presolve modified 510254 coefficients.
Aggregator did 8095 substitutions.
Reduced MIP has 18808 rows, 269123 columns, and 809883 nonzeros.
Reduced MIP has 258767 binaries, 3691 generals, 0 SOSs, and 6665 indicators.
Presolve time = 1.56 sec. (2036.85 ticks)
Probing time = 1.28 sec. (530.13 ticks)
Tried aggregator 2 times.
Detecting symmetries...
Aggregator did 3 substitutions.
Reduced MIP has 18805 rows, 269120 columns, and 809880 nonzeros.
Reduced MIP has 258767 binaries, 4403 generals, 0 SOSs, and 6665 indicators.
Presolve time = 1.48 sec. (702.27 ticks)
Probing time = 0.27 sec. (69.72 ticks)
Clique table members: 121498.
MIP emphasis: balance optimality and feasibility.
MIP search method: dynamic search.
Parallel mode: deterministic, using up to 8 threads.
Root relaxation solution time = 1.75 sec. (757.14 ticks)

        Nodes                                         Cuts/
   Node  Left     Objective  IInf  Best Integer    Best Bound    ItCnt     Gap

      0     0      100.0000  2166                    100.0000     3506         
      0     0      100.0000  4573                  Cuts: 4801     6518         
      0     0      100.0000  3140                  Cuts: 4801     7516         
      0     0      100.0000  3650                  Cuts: 3350     9481         
      0     2      100.0000  3650                    100.0000     9481         
Elapsed time = 89.39 sec. (69171.06 ticks, tree = 0.02 MB, solutions = 0)
      4     6      100.0000  3609                    100.0000     9609         
      9     4      100.0000  3642                    100.0000     9660         
     14    16      100.0000  3708                    100.0000    11287         
     19    14      100.0000  3619                    100.0000    11284         
     25    19      150.0000  4410                    100.0000    15048         
     32    27      100.0000  3702                    100.0000    16371         
     34    26      150.0000  4404                    100.0000    16941         
     36    34      100.0000  3698                    100.0000    20991         
     41    28      126.0000  3538                    100.0000    18934         
     50    43      100.0000  3824                    100.0000    27719         
Elapsed time = 97.09 sec. (72719.61 ticks, tree = 4.04 MB, solutions = 0)
     57    52      151.0000  3539                    100.0000    36179         
     67    66      101.0000  3868                    100.0000    43536         
     88    75      101.0000  4277                    100.0000    46940         
    135    63      151.0000  3703                    100.0000    44542         
    169   145      151.0000  3475                    100.0000    59737         
    243   215      150.0000  3383                    100.0000    66799         
    317   263      151.0000  3439                    100.0000    69160         
    406   280      168.0000  3320                    100.0000    69586         
    503   447      151.0000  3477                    100.0000    75375         
    578   526      151.0000  3304                    100.0000    78256         
Elapsed time = 119.67 sec. (82443.47 ticks, tree = 120.83 MB, solutions = 0)
    650   551      151.0000  3442                    100.0000    79279         
    707   651      151.0000  3364                    100.0000    87711         
    760   659      251.0000  3187                    100.0000    88762         
    813   694      201.0000  3210                    100.0000    91962         
    861   804      251.0000  3257                    100.0000   100606         
    921   812      301.0000  2953                    100.0000   101454         
    995   866      251.0000  3061                    100.0000   105742         
   1091   924      301.0000  3120                    100.0000   109071         
   1171  1064      301.0000  2807                    100.0000   118201         
   1252  1137      301.0000  2918                    100.0000   122963         
Elapsed time = 144.63 sec. (92126.38 ticks, tree = 304.53 MB, solutions = 0)
   1331  1137      301.0000  2991                    100.0000   122027         
   1401  1244      301.0000  2765                    100.0000   130320         
   1467  1267      301.0000  2905                    100.0000   133654         
   1539  1385      301.0000  2846                    100.0000   137811         
   1605  1491      150.0000  3579                    100.0000   156299         
   1669  1513      301.0000  2834                    100.0000   156706         
   1740  1559      301.0000  2589                    100.0000   158922         
   1824  1662      301.0000  2727                    100.0000   163897         
   1917  1704      251.0000  2801                    100.0000   165471         
   2006  1871      251.0000  2817                    100.0000   172215         
Elapsed time = 167.81 sec. (101745.79 ticks, tree = 532.56 MB, solutions = 0)
   2110  1971      251.0000  2663                    100.0000   175464         
   2200  1921      301.0000  2469                    100.0000   173353         
   2301  2128      301.0000  2741                    100.0000   181350         
   2409  2245      251.0000  2692                    100.0000   185861         
   2492  2217      301.0000  2657                    100.0000   185032         
   2561  2329      301.0000  2703                    100.0000   187507         
   2639  2507      251.0000  2550                    100.0000   193697         
   2727  2550      250.0000  2682                    100.0000   195181         
   2801  2628      301.0000  2538                    100.0000   200893         
   2872  2661      251.0000  2724                    100.0000   202484         
Elapsed time = 190.93 sec. (111383.32 ticks, tree = 781.36 MB, solutions = 0)
   2944  2826      301.0000  2578                    100.0000   209226         
   3046  2861      301.0000  2489                    100.0000   210075         
   3139  2970      301.0000  2338                    100.0000   213955         
   3225  2983      301.0000  2300                    100.0000   214436         
   3293  3059      301.0000  2432                    100.0000   215758         
   3385  3162      301.0000  2422                    100.0000   225578         
   3457  3217      301.0000  2399                    100.0000   226577         
   3546  3307      301.0000  2266                    100.0000   230840         
   3626  3456      301.0000  2246                    100.0000   243102         
   3728  3487      251.0000  2453                    100.0000   243488         
Elapsed time = 213.53 sec. (121102.65 ticks, tree = 1040.87 MB, solutions = 0)
   3824  3553      301.0000  2443                    100.0000   248619         
   3922  3734      301.0000  2408                    100.0000   255061         
   4012  3654      351.0000  2406                    100.0000   252363         
   4095  3828      301.0000  2191                    100.0000   258109         
   4184  3943      201.0000  3077                    100.0000   260953         
   4224  3958      201.0000  3058                    100.0000   261405         
   4229  4027      351.0000  2425                    100.0000   264585         
   4238  4136    infeasible                          100.0000   267071         
   4240  4005    infeasible                          100.0000   262839         
   4250  4163      251.0000  2671                    100.0000   269098         
Elapsed time = 254.96 sec. (136177.73 ticks, tree = 1254.42 MB, solutions = 0)
   4295  4159      251.0000  2256                    100.0000   270979         
   4350  4172      251.0000  2212                    100.0000   271395         
   4408  4227      251.0000  2214                    100.0000   276205         
   4489  4292      351.0000  2252                    100.0000   278280         
   4567  4248      251.0000  2174                    100.0000   277204         
   4636  4465      351.0000  2186                    100.0000   288109         
   4709  4417      251.0000  2140                    100.0000   286758         
   4778  4588      201.0000  3043                    100.0000   294200         
   4864  4521      251.0000  2517                    100.0000   291784         
   4947  4686      351.0000  2141                    100.0000   296739         
Elapsed time = 276.13 sec. (145809.05 ticks, tree = 1421.35 MB, solutions = 0)
   4999  4764      301.0000  2035                    100.0000   308371         
   5072  4748      201.0000  2913                    100.0000   308216         
   5168  4788      301.0000  1940                    100.0000   309064         
   5267  4903      200.0000  3050                    100.0000   317802         
   5373  4997      201.0000  2795                    100.0000   322330         
   5475  5090      200.0000  3092                    100.0000   327434         
   5582  5345      200.0000  3061                    100.0000   337296         
   5688  5219      251.0000  1986                    100.0000   330886         
   5787  5442      200.0000  2954                    100.0000   339989         
   5895  5419      251.0000  2247                    100.0000   339595         
Elapsed time = 297.85 sec. (155424.68 ticks, tree = 1651.61 MB, solutions = 0)
   5986  5579      251.0000  2616                    100.0000   343314         
   6061  5634      351.0000  1991                    100.0000   345695         
   6152  5751      200.0000  2949                    100.0000   349983         
   6242  5842      201.0000  2890                    100.0000   353411         
   6338  6046      251.0000  2588                    100.0000   361352         
   6410  6104      201.0000  2964                    100.0000   367621         
   6491  6074      200.0000  3221                    100.0000   368074         
   6591  6144      351.0000  1939                    100.0000   369822         
   6683  6193      301.0000  2160                    100.0000   372577         
   6986  6597      251.0000  2301                    100.0000   388952         
Elapsed time = 326.14 sec. (167944.56 ticks, tree = 2027.93 MB, solutions = 0)
   7285  6871      151.0000  3423                    100.0000   424340         
   7566  7089      151.0000  3271                    100.0000   434109         
   7790  7489      151.0000  3383                    100.0000   457579         
   8094  7705      151.0000  3183                    100.0000   477134         
   8450  8109      201.0000  3121                    100.0000   496261         
   8755  8293      152.0000  2912                    100.0000   506849         
   9001  8731      201.0000  3252                    100.0000   533605         
   9249  8958      301.0000  2057                    100.0000   553088         
   9531  9073      151.0000  2682                    100.0000   558361         
   9844  9458      176.0000  3331                    100.0000   587182         
Elapsed time = 419.01 sec. (206208.93 ticks, tree = 2933.95 MB, solutions = 0)
Nodefile size = 863.61 MB (477.85 MB after compression)
  10185  9577      150.0000  3551                    100.0000   602336         
  10531  9900      201.0000  3166                    100.0000   630195         
  10910 10419      200.0000  3137                    100.0000   646987         
  11319 10809      200.0000  3075                    100.0000   675032         
  11646 10936      300.0000  2226                    100.0000   684907         
  12008 11494      200.0000  3051                    100.0000   722467         
  12384 11808      151.0000  3076                    100.0000   733763         
  12697 12073      200.0000  3020                    100.0000   744230         
  13025 12281      150.0000  3198                    100.0000   758996         
  13345 12780      201.0000  3184                    100.0000   777659         
Elapsed time = 514.82 sec. (244436.54 ticks, tree = 3985.22 MB, solutions = 0)
Nodefile size = 1917.80 MB (1057.60 MB after compression)
  13676 13134      201.0000  2882                    100.0000   781789         
  14010 13059      150.0000  3598                    100.0000   788072         
  14351 13532      151.0000  3423                    100.0000   812963         
  14709 13946      251.0000  2900                    100.0000   822620         
  15124 14411      100.0000  3750                    100.0000   853745         
  15449 14769      151.0000  3124                    100.0000   861995         
  15773 15139      200.0000  3278                    100.0000   892335         
  16201 15490      201.0000  2839                    100.0000   910280         
  16530 15586      201.0000  3158                    100.0000   918322         
  16812 16290      252.0000  1352                    100.0000   955582         
Elapsed time = 604.11 sec. (282665.88 ticks, tree = 5101.18 MB, solutions = 0)
Nodefile size = 3033.69 MB (1664.47 MB after compression)
  17172 16307      251.0000  1289                    100.0000   958229         
  17468 16507      166.0000  3167                    100.0000   975891         
  17833 16887      200.0000  2949                    100.0000   992160         
  18148 17348      200.0000  3039                    100.0000  1023754         
  18519 17747      151.0000  3079                    100.0000  1050631         
  18860 18133      200.0000  3243                    100.0000  1067727         
  19199 18506      201.0000  3208                    100.0000  1094618         
  19367 18491      150.0000  3567                    100.0000  1092653         
  19371 18562      250.0000  3186                    100.0000  1095481         
  19375 18821      151.0000  4442                    100.0000  1128520         
Elapsed time = 700.46 sec. (322430.34 ticks, tree = 5903.29 MB, solutions = 0)
Nodefile size = 3834.28 MB (2102.58 MB after compression)
  19442 18959      200.0000  3168                    100.0000  1134247         
  19529 18932      201.0000  3284                    100.0000  1136538         
  19652 19017      200.0000  3451                    100.0000  1147203         
  19935 19112      200.0000  3000                    100.0000  1161330         
  20374 19404      250.0000  3147                    100.0000  1183629         
  20841 19659      150.0000  3365                    100.0000  1201374         
  21304 19986      151.0000  3114                    100.0000  1222089         
  21638 20610      201.0000  3110                    100.0000  1236588         
  21939 20718      150.0000  3692                    100.0000  1250879         
  22245 21137      200.0000  2933                    100.0000  1258559         
Elapsed time = 789.72 sec. (360753.06 ticks, tree = 6641.11 MB, solutions = 0)
Nodefile size = 4526.32 MB (2475.73 MB after compression)
  22580 21260      200.0000  3152                    100.0000  1293768         
  22677 20655      201.0000  3147                    100.0000  1237234         
  22678 21154      200.0000  2927                    100.0000  1259012         
  22679 19792      343.0000  3621                    100.0000  1232154         
  22680 21437      150.0000  2974                    100.0000  1296629         
  22681 21570      344.0000  4022                    100.0000  1330988         

Performing restart 1

Repeating presolve.
Tried aggregator 1 time.
Reduced MIP has 18805 rows, 269120 columns, and 809880 nonzeros.
Reduced MIP has 258767 binaries, 4403 generals, 0 SOSs, and 6665 indicators.
Presolve time = 0.61 sec. (371.69 ticks)
Tried aggregator 1 time.
Reduced MIP has 18805 rows, 269120 columns, and 809880 nonzeros.
Reduced MIP has 258767 binaries, 4403 generals, 0 SOSs, and 6665 indicators.
Presolve time = 1.25 sec. (557.08 ticks)
Represolve time = 3.99 sec. (1784.93 ticks)
  22682     0      100.0000  3585                  Cuts: 4801  1388770         
  22682     0      100.0000  4400                  Cuts: 4326  1397825         
  22682     0      100.0000  5575                  Cuts: 3359  1410817         
  22682     0      100.0000  5802                  Cuts: 4392  1427307         
  22682     0      100.0000  5427                  Cuts: 3390  1441632         
  22682     0      100.0000  5671                  Cuts: 3976  1466122         
  22682     2      100.0000  4221                    100.0000  1466122         
  22720    34      100.0000  3946                    100.0000  1467589         
  22968   251      101.0000  3603                    100.0000  1489620         
  23248   493      200.0000  3395                    100.0000  1502288         
Elapsed time = 1521.86 sec. (915941.49 ticks, tree = 90.83 MB, solutions = 0)
  23606   696      150.0000  3145                    100.0000  1509669         
  23976  1043      242.0000  3140                    100.0000  1530513         
  24347  1316      151.0000  3227                    100.0000  1551396         
  24705  1629      252.0000  2870                    100.0000  1568798         
  25037  1926      200.0000  3103                    100.0000  1588939         
  25350  2192      197.0000  3235                    100.0000  1604212         
  25689  2584      250.0000  3070                    100.0000  1620183         
  26053  2896      252.0000  2568                    100.0000  1636188         
  26441  3187      197.0000  3198                    100.0000  1654400         
  26833  3475      250.0000  3153                    100.0000  1662551         
Elapsed time = 1619.09 sec. (954182.20 ticks, tree = 854.04 MB, solutions = 0)
  27209  3944      291.0000  2913                    100.0000  1677689         
  27500  4176      254.0000  2696                    100.0000  1690445         
  27655  4361      302.0000  2342                    100.0000  1697775         
  27847  4507      305.0000  2285                    100.0000  1708497         
  28244  4821      351.0000  2383                    100.0000  1731377         
  28564  5106      151.0000  3286                    100.0000  1746338         
  28905  5267      254.0000  2989                    100.0000  1750424         
  29176  5683      251.0000  2581                    100.0000  1771303         
  29433  5899      247.0000  3498                    100.0000  1783536         
  29726  6271      201.0000  3157                    100.0000  1809700         
Elapsed time = 1712.47 sec. (992532.50 ticks, tree = 1572.34 MB, solutions = 0)
  29944  6355      353.0000  2242                    100.0000  1819435         
  30206  6585      301.0000  2989                    100.0000  1835227         
  30484  6873      353.0000  2103                    100.0000  1871935         
  30775  7133      251.0000  3049                    100.0000  1896373         
  31089  7283      311.0000  3075                    100.0000  1913373         

Performing restart 2

Repeating presolve.
Tried aggregator 1 time.
MIP Presolve modified 179 coefficients.
Reduced MIP has 18805 rows, 269120 columns, and 844776 nonzeros.
Reduced MIP has 258767 binaries, 4403 generals, 0 SOSs, and 6665 indicators.
Presolve time = 0.69 sec. (415.26 ticks)
Tried aggregator 1 time.
Reduced MIP has 18805 rows, 269120 columns, and 844776 nonzeros.
Reduced MIP has 258767 binaries, 4403 generals, 0 SOSs, and 6665 indicators.
Presolve time = 1.30 sec. (535.38 ticks)
Represolve time = 12.02 sec. (5717.56 ticks)

Root node processing (before b&c):
  Real time             =   88.77 sec. (69009.43 ticks)
Parallel b&c, 8 threads:
  Real time             = 1711.64 sec. (988999.30 ticks)
  Sync time (average)   =  219.98 sec.
  Wait time (average)   =    0.53 sec.
                          ------------
Total (root+branch&cut) = 1800.41 sec. (1058008.73 ticks)
! --------------------------------------------------------
! Problem is UNKNOWN
! CPLEX Status = AbortTimeLim
! --------------------------------------------------------
