! Solving for graph /home/truongxuanhieu/CPLEX-MIP-for-MinSpanLabeling/benchmarks/abp/M-bcsstk06.mtx.rnd
! Target value is set to 34
! Lower bound is set to 35
! Upper bound is set to 420
! Time limit is set to 1800
! Vertices mode is set to Has hole
! Target value mode is set to Antibandwidth
Version identifier: 22.2.0.0 | 2026-05-04 | 5dff98e58
CPXPARAM_TimeLimit                               1800
Tried aggregator 2 times.
MIP Presolve eliminated 3721 rows and 1050 columns.
MIP Presolve modified 176610 coefficients.
Aggregator did 8700 substitutions.
Reduced MIP has 16982 rows, 192331 columns, and 397080 nonzeros.
Reduced MIP has 180330 binaries, 4141 generals, 0 SOSs, and 7860 indicators.
Presolve time = 0.45 sec. (1302.44 ticks)
Probing time = 0.77 sec. (359.53 ticks)
Tried aggregator 2 times.
Detecting symmetries...
Aggregator did 4 substitutions.
Reduced MIP has 16978 rows, 192327 columns, and 397076 nonzeros.
Reduced MIP has 180330 binaries, 4557 generals, 0 SOSs, and 7860 indicators.
Presolve time = 0.39 sec. (364.39 ticks)
Probing time = 0.08 sec. (37.91 ticks)
Clique table members: 6963.
MIP emphasis: balance optimality and feasibility.
MIP search method: dynamic search.
Parallel mode: deterministic, using up to 8 threads.
Root relaxation solution time = 0.53 sec. (520.86 ticks)

        Nodes                                         Cuts/
   Node  Left     Objective  IInf  Best Integer    Best Bound    ItCnt     Gap

      0     0       35.0000  2191                     35.0000     4471         
      0     0       35.0000  4941                  Cuts: 4344     8512         
      0     0       35.0000  4724                  Cuts: 4344     9768         
      0     0       35.0000  4707                  Cuts: 4344    12605         
      0     0       35.0000  4720                  Cuts: 4344    14820         
      0     2       35.0000  4720                     35.0000    14820         
Elapsed time = 27.39 sec. (38183.35 ticks, tree = 0.02 MB, solutions = 0)
      6     8       35.0000  4529                     35.0000    15142         
     12    13       35.0000  4436                     35.0000    15248         
     20    14       35.0000  4789                     35.0000    15799         
     39    28       35.0000  4519                     35.0000    19815         
     63    49       35.0000  4372                     35.0000    22847         
     68    20       69.0000  3498                     35.0000    18719         
     81    31       35.0000  4393                     35.0000    18925         
    101    87       35.0000  4573                     35.0000    30587         
    118    59       69.0000  3413                     35.0000    27592         
    200   160       35.0000  4441                     35.0000    47771         
Elapsed time = 31.12 sec. (41391.39 ticks, tree = 22.38 MB, solutions = 0)
    305   247       35.0000  4271                     35.0000    56318         
    373   313      103.0000  2961                     35.0000    69694         
    422   380      103.0000  2963                     35.0000    79726         
    472   420      137.0000  2711                     35.0000    84612         
    544   486      137.0000  2662                     35.0000    92301         
    628   502      137.0000  3096                     35.0000    96087         
    721   582      103.0000  3089                     35.0000   107399         
    828   659      172.0000  2894                     35.0000   115173         
    942   752      195.0000  2887                     35.0000   124807         
   1058   817      103.0000  3033                     35.0000   130761         
Elapsed time = 44.78 sec. (51011.52 ticks, tree = 180.51 MB, solutions = 0)
   1170   902      137.0000  2729                     35.0000   137612         
   1283  1009      205.0000  2796                     35.0000   147530         
   1385  1089      205.0000  2796                     35.0000   153340         
   1441  1148      171.0000  2725                     35.0000   168725         
   1503  1185      137.0000  2640                     35.0000   171940         
   1605  1237      171.0000  2691                     35.0000   186209         
   1724  1375      171.0000  2508                     35.0000   203371         
   1833  1514      171.0000  2613                     35.0000   213262         
   1940  1452      171.0000  3055                     35.0000   211623         
   2049  1622      142.0000  3154                     35.0000   220800         
Elapsed time = 58.48 sec. (60668.44 ticks, tree = 405.93 MB, solutions = 0)
   2074  1676      137.0000  2694                     35.0000   229822         
   2111  1766      205.0000  2865                     35.0000   237065         
   2234  1843      104.0000  3003                     35.0000   248298         
   2389  1878      103.0000  3015                     35.0000   248828         
   2499  1955       69.0000  3602                     35.0000   252159         
   2644  2153      228.0000  2848                     35.0000   259289         
   2786  2368      137.0000  2556                     35.0000   280099         
   2934  2467      137.0000  2606                     35.0000   283591         
   3111  2545      122.0000  3221                     35.0000   284160         
   3268  2774      123.0000  3217                     35.0000   297044         
Elapsed time = 70.78 sec. (70568.72 ticks, tree = 730.22 MB, solutions = 0)
   3406  2805      123.0000  2969                     35.0000   297676         
   3511  3064      241.0000  2518                     35.0000   307185         
   3600  3072       35.0000  4501                     35.0000   312359         
   3744  3194      229.0000  2390                     35.0000   319034         
   3823  3329      241.0000  2525                     35.0000   325313         
   3908  3347      137.0000  2662                     35.0000   332496         
   4020  3453      235.0000  2483                     35.0000   332825         
   4134  3618      137.0000  2592                     35.0000   355972         
   4269  3702    infeasible                           35.0000   364862         
   4410  3794      103.0000  2917                     35.0000   371628         
Elapsed time = 82.40 sec. (80158.88 ticks, tree = 1017.48 MB, solutions = 0)
   4542  3896       69.0000  3605                     35.0000   381801         
   4645  4101       69.0000  3457                     35.0000   392324         
   4795  4123       69.0000  3327                     35.0000   393154         
   4952  4177      137.0000  2786                     35.0000   397672         
   5081  4290      170.0000  2812                     35.0000   406907         
   5241  4427      138.0000  2689                     35.0000   413282         
   5399  4553       69.0000  3388                     35.0000   419260         
   5521  4862      171.0000  2140                     35.0000   431912         
   5635  4946      171.0000  2452                     35.0000   438201         
   5736  4969      171.0000  2395                     35.0000   439005         
Elapsed time = 93.34 sec. (89785.77 ticks, tree = 1350.70 MB, solutions = 0)
   5879  5168      171.0000  2273                     35.0000   456850         
   6005  5314      103.0000  3044                     35.0000   470074         
   6132  5288      103.0000  2938                     35.0000   470270         
   6259  5516      103.0000  2927                     35.0000   484454         
   6378  5596      106.0000  3058                     35.0000   492586         
   6498  5785      124.0000  3146                     35.0000   500030         
   6538  5753      103.0000  2661                     35.0000   499220         
   6540  5826    infeasible                           35.0000   501149         
   6591  5964      137.0000  2538                     35.0000   517934         
   6696  5970      171.0000  2731                     35.0000   520002         
Elapsed time = 111.42 sec. (99810.23 ticks, tree = 1634.40 MB, solutions = 0)
   6822  6070      171.0000  2105                     35.0000   521701         
   6950  6151      139.0000  2843                     35.0000   527003         
   7079  6244       37.5519  5117                     35.0000   535033         
   7203  6403      172.0000  2555                     35.0000   541258         
   7316  6417      173.0000  2588                     35.0000   541629         
   7427  6482      103.0000  3434                     35.0000   559214         
   7539  6753      239.0000  1820                     35.0000   577318         
   7673  6814      137.0000  2824                     35.0000   583756         
   7808  6879      103.0000  2902                     35.0000   586951         
   7947  7078      149.0000  2955                     35.0000   600182         
Elapsed time = 122.04 sec. (109397.17 ticks, tree = 1951.10 MB, solutions = 0)
   8114  7081      103.0000  3032                     35.0000   606431         
   8256  7251      137.0000  2817                     35.0000   615903         
   8435  7425      137.0000  2343                     35.0000   625777         
   8596  7581      137.0000  2590                     35.0000   632046         
   8745  7823      137.0000  2351                     35.0000   642676         
   8915  7914      137.0000  2662                     35.0000   649685         
   9040  7930      137.0000  2606                     35.0000   649782         
   9189  8086      137.0000  2459                     35.0000   655286         
   9293  8163      171.0000  2101                     35.0000   662406         
   9406  8448      103.0000  2879                     35.0000   681128         
Elapsed time = 134.58 sec. (119054.19 ticks, tree = 2342.20 MB, solutions = 0)
Nodefile size = 279.40 MB (176.78 MB after compression)
   9550  8417      171.0000  2187                     35.0000   676025         
   9687  8643      103.0000  2959                     35.0000   693158         
   9838  8835      171.0000  2626                     35.0000   713358         
   9989  8866      171.0000  2531                     35.0000   713497         
  10175  9246      170.0000  2310                     35.0000   736869         
  10365  9306      103.0000  2772                     35.0000   738624         
  10522  9510      171.0000  2340                     35.0000   743983         
  10700  9559      103.0000  2550                     35.0000   747283         
  10850  9737      137.0000  2453                     35.0000   753163         
  11426 10172      137.0000  2152                     35.0000   770830         
Elapsed time = 150.47 sec. (131495.93 ticks, tree = 2834.62 MB, solutions = 0)
Nodefile size = 757.10 MB (484.13 MB after compression)
  11987 10745      103.0000  2554                     35.0000   806783         
  12626 11481      103.0000  2869                     35.0000   846165         
  13279 11736      137.0000  2608                     35.0000   855625         
  13848 12254      103.0000  3023                     35.0000   885323         
  14419 13043      103.0000  3259                     35.0000   943549         
  15027 13670      108.0000  2588                     35.0000   982534         
  15673 13828      169.0000  2720                     35.0000   986524         
  16184 14588      103.0000  3109                     35.0000  1030227         
  16793 14990      171.0000  2483                     35.0000  1066808         
  17385 15663      103.0000  3221                     35.0000  1108287         
Elapsed time = 200.35 sec. (169690.01 ticks, tree = 4405.86 MB, solutions = 0)
Nodefile size = 2334.65 MB (1496.66 MB after compression)
  18037 16108      137.0000  2644                     35.0000  1139269         
  18590 16800      137.0000  2226                     35.0000  1175915         
  19061 17330       69.0000  3214                     35.0000  1219187         
  19195 17791      137.0000  2292                     35.0000  1257087         
  19581 17839      137.0000  2658                     35.0000  1262599         
  19988 18078      171.0000  2544                     35.0000  1275217         
  20434 18683      137.0000  2858                     35.0000  1325053         
  21089 19032      137.0000  2619                     35.0000  1350349         
  21515 19666       69.0000  3181                     35.0000  1394151         
  21963 20004      137.0000  2321                     35.0000  1414670         
Elapsed time = 261.56 sec. (208116.20 ticks, tree = 5661.29 MB, solutions = 0)
Nodefile size = 3567.86 MB (2285.54 MB after compression)
  22546 20714      104.0000  2317                     35.0000  1502730         
  23208 20927      103.0000  2580                     35.0000  1521846         
  23740 21459      106.0000  2608                     35.0000  1547819         
  24176 22086      124.0000  2827                     35.0000  1588887         
  24794 22897      103.0000  2408                     35.0000  1669568         
  25356 23265      103.0000  2329                     35.0000  1692111         
  26076 23577      138.0000  2549                     35.0000  1722397         
  26537 24490      137.0000  2372                     35.0000  1772898         
  27197 24731      137.0000  2723                     35.0000  1791490         
  27845 25240       69.0000  3409                     35.0000  1827117         
Elapsed time = 310.04 sec. (246362.04 ticks, tree = 7176.73 MB, solutions = 0)
Nodefile size = 5084.26 MB (3249.92 MB after compression)
  28567 26276      171.0000  2403                     35.0000  1876216         
  29300 26612      239.0000  2437                     35.0000  1892444         
  29704 27510      103.0000  2571                     35.0000  1942131         
  30217 27757      103.0000  3000                     35.0000  1965715         
  30899 28443      137.0000  2652                     35.0000  2019094         
  31570 29042      104.0000  2908                     35.0000  2054698         
  32318 29751      103.0000  2876                     35.0000  2087625         
  32863 29823      103.0000  2447                     35.0000  2100881         
  33393 30919      137.0000  2140                     35.0000  2145449         
  34068 31125      103.0000  2608                     35.0000  2153201         
Elapsed time = 356.66 sec. (284584.73 ticks, tree = 8889.03 MB, solutions = 0)
Nodefile size = 6776.01 MB (4323.11 MB after compression)
  34868 31723      104.0000  3084                     35.0000  2206471         
  35552 32374      137.0000  2638                     35.0000  2246264         
  36020 33556       69.0000  3605                     35.0000  2282683         
  36641 33700      137.0000  2343                     35.0000  2304371         
  37204 34564      171.0000  2382                     35.0000  2369940         
  37693 35232      103.0000  2720                     35.0000  2421447         
  38277 35771      103.0000  2558                     35.0000  2460645         
  38780 36348      103.0000  2699                     35.0000  2506928         
  39350 36731      144.0000  2482                     35.0000  2532682         
  39860 36912      103.0000  2507                     35.0000  2552904         
Elapsed time = 405.14 sec. (322803.39 ticks, tree = 10573.08 MB, solutions = 0)
Nodefile size = 8470.67 MB (5398.74 MB after compression)
  40440 37692      103.0000  3094                     35.0000  2600640         
  41108 38091      104.0000  2279                     35.0000  2621744         
  41680 38551      103.0000  2841                     35.0000  2652721         
  42320 39611      137.0000  2389                     35.0000  2711426         
  42887 40530       69.0000  3486                     35.0000  2760250         
  43320 40449      104.0000  3068                     35.0000  2759807         
  43518 40765      151.0000  2561                     35.0000  2773818         
  43748 41504      144.0000  2879                     35.0000  2824333         
  44394 41734      142.0000  2999                     35.0000  2840923         
  44990 42540      137.0000  2588                     35.0000  2887023         
Elapsed time = 462.41 sec. (361035.77 ticks, tree = 12233.53 MB, solutions = 0)
Nodefile size = 10146.22 MB (6461.43 MB after compression)
  45562 42200      103.0000  3083                     35.0000  2872528         
  46204 43417      103.0000  2361                     35.0000  2947952         
  46839 43912      193.0000  2541                     35.0000  2965123         
  47524 44361      137.0000  2340                     35.0000  3004609         
  48138 45398      137.0000  2447                     35.0000  3042588         
  48940 45546      137.0000  2012                     35.0000  3043008         
  49527 46941      137.0000  3075                     35.0000  3118534         
  50212 47404      137.0000  2586                     35.0000  3146473         
  50808 47738      103.0000  3279                     35.0000  3178910         
  51415 48742      139.0000  2994                     35.0000  3224339         
Elapsed time = 512.06 sec. (399251.03 ticks, tree = 14085.52 MB, solutions = 0)
Nodefile size = 11991.44 MB (7644.86 MB after compression)
  52219 48738      137.0000  2337                     35.0000  3219162         
  52596 49441      103.0000  2867                     35.0000  3265281         
  53075 50301      137.0000  2371                     35.0000  3309509         
  53769 50483      137.0000  2154                     35.0000  3314782         
  54318 50925      103.0000  2980                     35.0000  3382249         
  54766 51345      138.0000  2365                     35.0000  3401583         
  55373 52534      103.0000  2911                     35.0000  3498265         
  55976 52542      104.0000  2719                     35.0000  3488744         
  56590 53563      103.0000  3072                     35.0000  3557146         
  57160 53777      137.0000  2746                     35.0000  3581204         
Elapsed time = 559.15 sec. (437455.19 ticks, tree = 15590.87 MB, solutions = 0)
Nodefile size = 13489.27 MB (8600.51 MB after compression)
  57751 54836      137.0000  2502                     35.0000  3635620         
  58292 55063      104.0000  2648                     35.0000  3652695         
  58911 55675      103.0000  2585                     35.0000  3694914         
  59721 56275      137.0000  2756                     35.0000  3731866         
  60329 56586       69.0000  3273                     35.0000  3748301         
  60938 57417      137.0000  2297                     35.0000  3775179         
  61571 58630      137.0000  2138                     35.0000  3846796         
  62137 58561      137.0000  2248                     35.0000  3846622         
  62922 59327      137.0000  2268                     35.0000  3880520         
  63455 60442      103.0000  2816                     35.0000  3937447         
Elapsed time = 608.60 sec. (475658.29 ticks, tree = 17588.87 MB, solutions = 0)
Nodefile size = 15500.11 MB (9872.07 MB after compression)
  64161 60705      137.0000  2384                     35.0000  3944187         
  64781 61611       69.0000  3292                     35.0000  4005040         
  65411 62296      137.0000  2772                     35.0000  4042339         
  66168 62643      111.0000  2644                     35.0000  4052884         
  66661 62735       69.0000  3341                     35.0000  4067227         
  67383 64048       69.0000  3500                     35.0000  4120515         
  67928 64657      103.0000  3655                     35.0000  4161478         
  68587 65216       69.0000  3495                     35.0000  4189196         
  69195 65784      137.0000  2124                     35.0000  4225035         
  69657 66173      137.0000  2500                     35.0000  4250580         
Elapsed time = 657.95 sec. (513842.58 ticks, tree = 19308.18 MB, solutions = 0)
Nodefile size = 17190.64 MB (10941.69 MB after compression)
  70209 67313       69.0000  3721                     35.0000  4308523         
  70729 67631      103.0000  3278                     35.0000  4330937         
  71266 68254      137.0000  2553                     35.0729  4408145         
  72034 68577      141.0000  3066                     35.0729  4419773         
  72630 69042      137.0000  2660                     35.0751  4448413         
  73202 69762      103.0000  2748                     35.0751  4468800         
  73714 70316      137.0000  2218                     35.0751  4496122         
  74242 71161      139.0000  2662                     35.0751  4559985         
  74992 71804      103.0000  3220                     35.0751  4603089         
  75652 71927      167.0000  2799                     35.0751  4605252         
Elapsed time = 707.78 sec. (552054.18 ticks, tree = 21043.32 MB, solutions = 0)
Nodefile size = 18918.94 MB (12047.59 MB after compression)
  76269 73089      103.0000  2973                     35.0751  4655942         
  76958 73725      103.0000  2756                     35.0751  4690548         
  77585 74051      137.0000  2436                     36.3795  4703330         
  78404 74859      138.0000  2613                     36.3795  4743477         
  79044 75642      105.0000  3103                     36.3795  4772759         
  79690 76571       69.0000  3599                     37.5519  4803849         
  80284 77220       69.0000  4033                     37.5519  4842658         
  80854 77926       69.0000  3650                     37.5519  4892284         
  81563 78044      107.0000  3002                     37.5519  4894335         
  82133 78837      126.0000  3248                     37.5519  4937005         
Elapsed time = 757.55 sec. (590244.46 ticks, tree = 23127.81 MB, solutions = 0)
Nodefile size = 21016.01 MB (13393.90 MB after compression)
  82581 79331      137.0000  2417                     37.5519  4971971         
  83168 79800      105.0000  2914                     37.5519  5005763         
  83746 80235      103.0000  2940                     37.5519  5051307         
  84466 81185      103.0000  2751                     37.5519  5101652         
  85078 81307       69.0000  3449                     37.5519  5110128         
  85607 81801      108.0000  2986                     37.5519  5132408         
  86157 82696      103.0000  2833                     37.5519  5177570         
  86656 83319      104.0000  2828                     37.5519  5224978         
  87222 83912      151.0000  2627                     37.5519  5268350         
  87969 84525      137.0000  2245                     37.5519  5297465         
Elapsed time = 805.49 sec. (628471.84 ticks, tree = 24845.15 MB, solutions = 0)
Nodefile size = 22754.55 MB (14510.24 MB after compression)
  88504 85201      218.0000  2606                     37.5519  5320520         
  88956 85700      103.0000  2712                     37.5519  5352218         
  89470 86044      103.0000  2225                     37.5519  5382840         
  89915 86668      103.0000  3211                     37.5519  5430254         
  90232 86762      103.0000  2674                     37.5519  5433808         
  90361 87436      103.0000  2620                     37.5519  5497827         
  90683 87656      137.0000  2670                     37.5519  5513096         
  91430 87660      104.0000  2369                     52.0000  5505359         
  92318 88606      137.0000  2141                     52.0000  5550481         
  93135 89006      213.0000  2478                     52.0000  5561293         
Elapsed time = 869.66 sec. (666722.60 ticks, tree = 26201.45 MB, solutions = 0)
Nodefile size = 24077.72 MB (15362.32 MB after compression)
  93923 89476      213.0000  2732                     52.0000  5574431         
  94597 90555      103.0000  3186                     52.0000  5608325         
  95353 90643      103.0000  2696                     52.0000  5612184         
  96108 92120      103.0000  2497                     52.0000  5662708         
  96820 92591      143.0000  2642                     52.0000  5672644         
  97453 93041      137.0000  2338                     52.0000  5695760         
  98095 93939      103.0000  2786                     52.0000  5734630         
  98821 94542      137.0000  2405                     52.0000  5755934         
  99509 95476      103.0000  2359                     52.0000  5801789         
 100305 96535      103.0000  2524                     52.0000  5850922         
Elapsed time = 921.75 sec. (704905.79 ticks, tree = 28486.84 MB, solutions = 0)
Nodefile size = 26397.28 MB (16863.63 MB after compression)
 101008 96202      103.0000  2823                     52.0000  5835891         
 101688 97692      103.0000  2378                     52.0000  5894796         
 102331 98076      136.0000  2526                     52.0000  5899568         
 103162 98291      137.0000  1703                     52.0000  5905533         
 103644 99136      103.0000  2689                     52.0000  5953342         

Performing restart 1

Repeating presolve.
Tried aggregator 1 time.
Reduced MIP has 16978 rows, 192327 columns, and 397076 nonzeros.
Reduced MIP has 180330 binaries, 4557 generals, 0 SOSs, and 7860 indicators.
Presolve time = 0.21 sec. (199.79 ticks)
Tried aggregator 1 time.
Reduced MIP has 16978 rows, 192327 columns, and 397076 nonzeros.
Reduced MIP has 180330 binaries, 4557 generals, 0 SOSs, and 7860 indicators.
Presolve time = 0.35 sec. (303.26 ticks)
Represolve time = 2.30 sec. (1091.71 ticks)
 103719     0       35.0000  5211                  Cuts: 4344  6012957         
 103719     0       35.0000  5170                  Cuts: 4344  6016772         
 103719     0       35.0000  5349                  Cuts: 4344  6019638         
 103719     0       35.0000  5645                  Cuts: 2874  6023633         
 103719     0       35.0000  6073                  Cuts: 3523  6030718         
 103719     2       35.0000  5895                     52.0000  6030718         
 103791    43       69.0000  4452                     52.0000  6038064         
 103993   223      103.0000  3824                     52.0000  6063206         
 104247   423      103.0000  3481                     52.0000  6118356         
 104919   893      138.0000  3171                     52.0000  6133371         
Elapsed time = 1125.15 sec. (995835.86 ticks, tree = 173.50 MB, solutions = 0)
 105659  1669      172.0000  2991                     52.0000  6142312         
 106198  2238      140.0000  3346                     52.0000  6155769         
 106341  2444    infeasible                           52.0000  6169616         
 106352  2486      103.0000  4502                     52.0000  6179530         
 106417  2547      137.0000  4074                     52.0000  6185697         
 106543  2610       82.0000  4384                     52.0000  6198322         
 106987  2861      174.0000  2883                     52.0000  6227623         
 107418  3337      141.0000  3487                     52.0000  6256269         
 108006  3726      106.0000  3545                     52.0000  6273418         
 108454  4434      106.0000  3305                     52.0000  6293900         
Elapsed time = 1191.78 sec. (1036084.44 ticks, tree = 1046.43 MB, solutions = 0)
 108815  4718      137.0000  3567                     52.0000  6323565         
 109199  5036      227.0000  2365                     52.0000  6357936         
 109605  5529      214.0000  2745                     52.0000  6384393         
 109769  5686      137.0000  2871                     52.0000  6419290         
 109885  5811      142.0000  2754                     52.0000  6431890         
 110108  5945      137.0000  3520                     52.0000  6473338         
 110408  6217      103.0000  4456                     52.0000  6534418         
 110795  6535      103.0000  3939                     52.0000  6558130         
 111034  6763      137.0000  3329                     52.0000  6577917         
 111055  6820      205.0000  3099                     52.0000  6582488         
Elapsed time = 1249.75 sec. (1075277.26 ticks, tree = 1655.40 MB, solutions = 0)
 111286  7041      171.0000  2759                     52.0000  6611646         
 111573  7423      171.0000  2691                     52.0000  6658920         
 111936  7585      137.0000  3365                     52.0000  6670260         
 112446  7899      138.0000  3168                     52.0000  6689478         
 112793  8231      243.0000  2733                     52.0000  6709794         
 113149  8589      137.0000  3906                     52.0000  6725270         

Performing restart 2

Repeating presolve.
Tried aggregator 1 time.
Reduced MIP has 16978 rows, 192327 columns, and 420276 nonzeros.
Reduced MIP has 180330 binaries, 4557 generals, 0 SOSs, and 7860 indicators.
Presolve time = 0.21 sec. (208.49 ticks)
Tried aggregator 1 time.
Reduced MIP has 16978 rows, 192327 columns, and 420276 nonzeros.
Reduced MIP has 180330 binaries, 4557 generals, 0 SOSs, and 7860 indicators.
Presolve time = 0.36 sec. (301.41 ticks)
Represolve time = 4.51 sec. (4272.54 ticks)
 113184     0       35.0000  5399                  Cuts: 4344  6792447         
 113184     0       35.1348  6640                  Cuts: 4344  6803550         
 113184     0       35.5829  6502                  Cuts: 3495  6808891         
 113184     0       35.5829  6310                  Cuts: 4344  6812942         
 113184     0       36.1606  6287                  Cuts: 3849  6816668         
 113184     0       36.2123  6227                  Cuts: 2630  6820618         
 113184     0       38.0702  6195                  Cuts: 3398  6825141         
 113184     0       39.8571  6130                  Cuts: 2899  6828360         
 113184     0       39.8571  6153                  Cuts: 2897  6832190         
 113184     0       39.8571  6149                  Cuts: 3346  6838808         
 113184     0       39.8571  5964                  Cuts: 4344  6844574         
 113184     0       39.8571  6012                  Cuts: 4344  6848450         
 113184     0       39.8571  6160                  Cuts: 4344  6855348         

GUB cover cuts applied:  336
Clique cuts applied:  158
Cover cuts applied:  73
Implied bound cuts applied:  2327
Flow cuts applied:  249
Mixed integer rounding cuts applied:  3630
Zero-half cuts applied:  10
Gomory fractional cuts applied:  4

Root node processing (before b&c):
  Real time             =   27.09 sec. (37999.38 ticks)
Parallel b&c, 8 threads:
  Real time             = 1773.90 sec. (1832765.06 ticks)
  Sync time (average)   =  365.88 sec.
  Wait time (average)   =    0.19 sec.
                          ------------
Total (root+branch&cut) = 1800.98 sec. (1870764.44 ticks)
! --------------------------------------------------------
! Problem is UNKNOWN
! CPLEX Status = AbortTimeLim
! --------------------------------------------------------
