! Solving for graph /home/truongxuanhieu/CPLEX-MIP-for-MinSpanLabeling/benchmarks/abp/O-impcol_d.mtx.rnd
! Target value is set to 120
! Lower bound is set to 121
! Upper bound is set to 425
! Time limit is set to 1800
! Vertices mode is set to Has hole
! Target value mode is set to Antibandwidth
Version identifier: 22.2.0.0 | 2026-05-04 | 5dff98e58
CPXPARAM_TimeLimit                               1800
Tried aggregator 2 times.
MIP Presolve eliminated 1268 rows and 1062 columns.
MIP Presolve modified 180838 coefficients.
Aggregator did 3809 substitutions.
Reduced MIP has 7195 rows, 186757 columns, and 378588 nonzeros.
Reduced MIP has 182105 binaries, 1693 generals, 0 SOSs, and 2959 indicators.
Presolve time = 0.43 sec. (808.57 ticks)
Probing time = 0.83 sec. (355.94 ticks)
Tried aggregator 1 time.
Detecting symmetries...
Reduced MIP has 7195 rows, 186757 columns, and 378588 nonzeros.
Reduced MIP has 182105 binaries, 2118 generals, 0 SOSs, and 2959 indicators.
Presolve time = 0.33 sec. (283.45 ticks)
Probing time = 0.08 sec. (36.76 ticks)
Clique table members: 6528.
MIP emphasis: balance optimality and feasibility.
MIP search method: dynamic search.
Parallel mode: deterministic, using up to 8 threads.
Root relaxation solution time = 0.44 sec. (258.87 ticks)

        Nodes                                         Cuts/
   Node  Left     Objective  IInf  Best Integer    Best Bound    ItCnt     Gap

      0     0      121.0000   950                    121.0000     1421         
      0     0      121.0000  2603                  Cuts: 1898     3441         
      0     0      121.0000  2073                  Cuts: 1898     4362         
      0     0      121.0000  2028                  Cuts: 1898     5541         
      0     0      121.0000  2015                  Cuts: 1898     7362         
      0     0      121.0000  1929                  Cuts: 1734     8616         
Detecting symmetries...
      0     0      121.0000  2128                  Cuts: 1050     9758         
Detecting symmetries...
      0     2      121.0000  1278                    121.0000     9758         
Elapsed time = 25.29 sec. (38342.26 ticks, tree = 0.02 MB, solutions = 0)
      8    10      121.0000  1219                    121.0000     9868         
     16     7      121.0000  1215                    121.0000     9881         
     47    36      121.0000  1456                    121.0000    16654         
     62    45      121.0000  1099                    121.0000    17801         
     68    67      121.0000  1368                    121.0000    25555         
     75    69      241.0000  1290                    121.0000    27072         
     84    81      241.0000  1242                    121.0000    33430         
     94    85      241.0000  1267                    121.0000    37959         
    110   100      241.0000  1174                    121.0000    40921         
    232   179      361.0000  1068                    121.0000    42480         
Elapsed time = 29.57 sec. (41704.96 ticks, tree = 14.75 MB, solutions = 0)
    259   254      328.0000  1323                    121.0000    49630         
    271   266      361.0000  1077                    121.0000    53396         
    302   285      308.0000  1217                    121.0000    53602         
    462   338    infeasible                          121.0000    57592         
    640   443      121.1098  2362                    121.0000    61858         
    750   648      241.0000  1313                    121.0000    81035         
    931   751      241.0000  1324                    121.0000    95323         
   1133   935      361.0000  1162                    121.0000   100868         
   1291  1020      361.0000   934                    121.0000   106364         
   1464  1240      361.0000  1071                    121.0000   115673         
Elapsed time = 46.96 sec. (51506.66 ticks, tree = 168.57 MB, solutions = 0)
   1633  1340      361.0000  1065                    121.0000   125408         
   1813  1483      241.0000  1394                    121.0000   130175         
   1999  1704      241.0000  1037                    121.0000   139354         
   2138  1800    infeasible                          121.0000   153536         
   2267  1920      361.0000  1031                    121.0000   159519         
   2444  2018      241.0000  1197                    121.0000   168890         
   2611  2190      241.0000  1143                    121.0000   180850         
   2810  2349      375.0000  1081                    121.0000   192703         
   3022  2532      375.0000  1055                    121.0000   197897         
   3243  2708      361.0000   956                    121.0000   206705         
Elapsed time = 58.17 sec. (61107.13 ticks, tree = 399.88 MB, solutions = 0)
   3388  2717      241.0000  1371                    121.0000   209910         

Performing restart 1

Repeating presolve.
Tried aggregator 1 time.
MIP Presolve eliminated 0 rows and 405 columns.
Reduced MIP has 7195 rows, 186352 columns, and 377778 nonzeros.
Reduced MIP has 181700 binaries, 2118 generals, 0 SOSs, and 2959 indicators.
Presolve time = 0.17 sec. (192.31 ticks)
Tried aggregator 1 time.
Reduced MIP has 7195 rows, 186352 columns, and 377778 nonzeros.
Reduced MIP has 181700 binaries, 2118 generals, 0 SOSs, and 2959 indicators.
Presolve time = 0.31 sec. (287.32 ticks)
Represolve time = 1.81 sec. (1055.17 ticks)
   3394     0      121.0000  2446                  Cuts: 1898   236074         
   3394     0      121.0000  2736                  Cuts: 1898   239048         
   3394     0      121.0000  2836                  Cuts: 1898   241405         
   3394     0      121.0000  2959                  Cuts: 1898   245361         
   3394     2      121.0000  1987                    121.0000   245361         
   3409    17      121.0000  1814                    121.0000   247434         
   3432     7      122.0000  2099                    121.0000   246167         
   3467    61      181.0000  2076                    121.0000   279369         
   3486    80      241.0000  1715                    121.0000   288258         
   3568   102      241.0000  1607                    121.0000   294384         
   3670   175      244.0000  1524                    121.0000   301200         
   3671   180    infeasible                          121.0000   301466         
   3719   278      244.0000  1572                    121.0000   306045         
Elapsed time = 135.90 sec. (162169.09 ticks, tree = 20.76 MB, solutions = 0)
   3844   325      242.0000  1608                    121.0000   311640         
   3994   521      262.0000  1314                    121.0000   315168         
   4215   624      262.0000  1278                    121.0000   316941         
   4408   721      245.0000  1269                    121.0000   318719         
   4535   977      361.0000  1211                    121.0000   324747         
   4679  1115      255.0000  1286                    121.0000   330005         
   4846  1152      361.0000  1121                    121.0000   330122         
   5007  1373      241.0000  1795                    121.0000   349305         
   5168  1505      241.0000  1803                    121.0000   357249         
   5355  1608      361.0000   945                    121.0000   362551         
Elapsed time = 149.96 sec. (171781.19 ticks, tree = 196.78 MB, solutions = 0)
   5543  1795      363.0000   916                    121.0000   368908         
   5684  2054      241.0000  1443                    121.0000   377234         
   5820  2131      362.0000  1276                    121.0000   378974         
   5916  2187      134.2353  2960                    121.0000   388652         
   6029  2279      361.0000  1089                    122.0000   397654         
   6167  2447      241.0000  1748                    122.0000   416039         
   6271  2467      361.0000  1609                    122.0000   426187         
   6277  2563    infeasible                          122.0000   431650         
   6278  2489      361.0000  1489                    122.0000   428514         
   6281  2588      361.0000  1412                    122.0000   432829         
Elapsed time = 169.27 sec. (182684.69 ticks, tree = 334.05 MB, solutions = 0)
   6316  2634      361.0000  1581                    122.0000   438574         
   6394  2672      361.0000  1201                    122.0000   440718         
   6494  2775      361.0000  1181                    122.0000   444273         
   6596  2890      362.0000  1174                    122.0000   446057         
   6721  2928      361.0000  1014                    122.0000   446444         
   6830  2966      362.0000  1298                    122.0000   447895         
   6928  3172      361.0000   930                    122.0000   457355         
   7065  3252      361.0000  1520                    122.0000   461560         
   7204  3396      361.0000  1396                    122.0000   480378         
   7352  3479      361.0000  1506                    122.0000   481713         
Elapsed time = 185.00 sec. (192273.01 ticks, tree = 468.71 MB, solutions = 0)
   7560  3667      361.0000  1405                    122.0000   489902         
   7726  3869      375.0000  1092                    122.0000   494744         
   7873  3854      362.0000  1346                    122.0000   494432         
   8035  4162      361.0000  1057                    122.0000   518039         
   8156  4239      361.0000  1496                    122.0000   526109         
   8315  4343      361.0000  1208                    122.0000   529862         
   8492  4588      361.0000  1116                    122.0000   538549         
   8697  4717      362.0000  1293                    122.0000   540573         
   8879  4746      362.0000  1217                    122.0000   541082         
   9030  4809      363.0000  1194                    122.0000   542110         
Elapsed time = 195.98 sec. (201853.99 ticks, tree = 665.72 MB, solutions = 0)
   9155  5091      126.3354  3330                    122.0000   553233         
   9326  5257      376.0000   936                    122.0000   561734         
   9489  5420      361.0000  1399                    122.0000   575731         
   9623  5399      362.0000  1202                    122.0000   575384         
   9745  5736      361.0000  1486                    122.0000   593711         
   9900  5777      361.0000  1580                    122.0000   605076         
  10040  5959      361.0000  1605                    122.0000   618311         
  10197  5960      391.0000  1044                    122.0000   614500         
  10378  6173      361.0000  1503                    122.0000   631321         
  10495  6255      393.0000   956                    122.0000   632564         
Elapsed time = 214.83 sec. (211450.03 ticks, tree = 880.95 MB, solutions = 0)
  10512  6385    infeasible                          122.0000   641052         
  10530  6532      361.0000  1149                    122.0000   648607         
  10591  6530      361.0000  1503                    122.0000   649719         
  10693  6604      361.0000   990                    122.0000   651136         
  10795  6552      362.0000  1345                    122.0000   650302         
  10922  6738      362.0000  1257                    122.0000   656869         
  11073  6849      362.0000  1205                    122.0000   667692         
  11220  6950      361.0000  1187                    122.0000   674584         
  11396  7030      364.0000  1320                    122.0000   683688         
  12164  7641      361.0000  1197                    122.0000   706492         
Elapsed time = 231.85 sec. (226872.57 ticks, tree = 1088.48 MB, solutions = 0)
  12903  8393      362.0000   881                    122.0000   733332         
  13543  8772      361.0000  1675                    122.0000   750743         
  14232  9570      361.0000  1101                    122.0000   792648         
  14507  9793    infeasible                          122.0000   797665         
  14779 10112      361.0000  1528                    122.0000   818773         
  15417 10614      362.0000   878                    122.0000   832702         

Performing restart 2

Repeating presolve.
Tried aggregator 1 time.
MIP Presolve modified 213 coefficients.
Reduced MIP has 7195 rows, 186352 columns, and 448876 nonzeros.
Reduced MIP has 181700 binaries, 2118 generals, 0 SOSs, and 2959 indicators.
Presolve time = 0.24 sec. (228.54 ticks)
Tried aggregator 1 time.
Reduced MIP has 7195 rows, 186352 columns, and 448876 nonzeros.
Reduced MIP has 181700 binaries, 2118 generals, 0 SOSs, and 2959 indicators.
Presolve time = 0.38 sec. (308.66 ticks)
Represolve time = 2.65 sec. (1967.77 ticks)
  15623     0      121.0000  2930                  Cuts: 1898   879026         
  15623     0      121.0000  3257                  Cuts: 1898   882730         
  15623     0      121.0000  3489                  Cuts: 1566   889985         
  15623     0      121.0000  3082                  Cuts: 1898   894481         
  15623     0      121.0000  3338                  Cuts: 1898   900232         
  15623     0      124.2921  3460                  Cuts: 1898   904991         
  15623     0      131.8351  3478                  Cuts: 1898   906738         
  15623     0      138.0489  3436                  Cuts: 1898   908968         
  15623     0      138.1223  3543                  Cuts: 1898   911123         
  15623     0      138.1223  3507                  Cuts: 1898   913338         
  15623     0      138.1223  3584                  Cuts: 1898   916669         
  15623     0      138.1223  3205                  Cuts: 1372   919381         
  15623     0      138.1223  3413                  Cuts: 1898   921718         
  15623     0      138.1223  3331                  Cuts: 1898   924791         
  15623     0      138.1223  3417                  Cuts: 1898   926940         
  15623     2      138.1223  2807                    138.1223   926940         
  15647    16      361.0000  1661                    179.7735   929143         
  15683    39      241.0000  2041                    181.0000   934003         
  15832   160      273.0000  1589                    181.0000   941660         
Elapsed time = 974.02 sec. (1279623.54 ticks, tree = 11.72 MB, solutions = 0)
  15960   257      373.0000  1308                    181.0000   944425         
  16112   400      301.0000  1407                    181.0000   948455         
  16272   565      302.0000  1316                    181.0000   952500         
  16415   672      342.0000  1273                    181.0000   955015         
  16572   838      374.0000  1159                    181.0000   961019         
  16731  1021      382.0000  1255                    241.0000   966599         
  16873  1109      395.0000  1068                    241.0000   971124         
  17025  1308      254.0000  1649                    241.0000   976989         
  17174  1420      241.0000  1275                    241.0000   980876         
  17340  1631      241.0000  1267                    241.0000   987939         
Elapsed time = 1029.25 sec. (1318036.32 ticks, tree = 207.00 MB, solutions = 0)
  17516  1725      364.0000   759                    241.0000   991501         
  17709  1939      361.0000   936                    241.0000  1002253         
  17909  2003      420.0000   759                    241.0000  1005306         
  18112  2262      415.0000   816                    241.0000  1014563         
  18301  2451      361.0000  1073                    241.0000  1019705         
  18480  2616      241.0000  1149                    241.0000  1027500         
  18665  2731      248.0000  1315                    241.0000  1031623         
  18853  2924      241.0000  1144                    241.0000  1041752         
  19057  3173      394.0000   905                    241.0000  1049943         
  19260  3355      365.0000   983                    241.0000  1058067         
Elapsed time = 1082.57 sec. (1356308.26 ticks, tree = 450.74 MB, solutions = 0)
  19466  3460      362.0000   924                    241.0000  1061456         
  19685  3665      381.0000   880                    241.0000  1071147         
  19899  3911      361.0000   891                    241.0000  1084175         
  20096  4073      361.0000   838                    241.0000  1090563         
  20315  4246      408.0000   805                    241.0000  1099357         
  20534  4487      361.0000  1062                    241.0000  1108194         
  20738  4650      361.0000  1104                    241.0000  1114255         
  20941  4854      362.0000   819                    241.0000  1123085         
  21155  4994      358.0000  1175                    241.0000  1129159         
  21352  5260      382.0000   889                    241.0000  1140248         
Elapsed time = 1136.27 sec. (1394639.52 ticks, tree = 720.83 MB, solutions = 0)
  21546  5422      361.0000  1048                    241.0000  1148179         
  21737  5539      361.0000  1198                    241.0000  1153515         
  21924  5596      241.0000  1083                    241.0000  1155783         
  22104  5758      362.0000   871                    241.0000  1162547         
  22296  6014      366.0000  1170                    241.0000  1179046         
  22491  6036      365.0000  1100                    241.0000  1179485         
  22683  6363    infeasible                          241.0000  1191596         
  22878  6473      366.0000   947                    241.0000  1195071         
  23079  6608      362.0000   912                    241.0000  1203376         
  23275  6735      361.0000  1063                    241.0000  1209756         
Elapsed time = 1191.50 sec. (1432902.48 ticks, tree = 929.14 MB, solutions = 0)
  23479  6935      361.0000  1054                    241.0000  1217136         
  23682  7143      407.0000   807                    241.0000  1224561         
  23868  7329      361.0000  1031                    241.0000  1233940         
  24070  7509      361.0000   993                    241.0000  1241779         
  24283  7704      362.0000   927                    241.0000  1250658         
  24503  7859      361.0000   820                    241.0000  1257615         
  24692  8122      362.0000   699                    241.0000  1269480         
  24892  8187    infeasible                          241.0000  1271207         
  25105  8336      361.0000  1031                    241.0000  1282093         
  25320  8617      361.0000  1065                    241.0000  1296455         
Elapsed time = 1246.95 sec. (1471171.57 ticks, tree = 1196.89 MB, solutions = 0)
  25537  8701      382.0000   681                    241.0000  1298339         
  25745  8876      361.0000  1013                    241.0000  1306686         
  25957  9148      362.0000  1018                    241.0000  1324162         
  26160  9172      362.0000   964                    241.0000  1324604         
  26372  9340      361.0000  1067                    241.0000  1333505         
  26572  9668      241.0000  1090                    241.0000  1348931         
  26765  9855      364.0000   969                    241.0000  1359179         
  26949  9842    infeasible                          241.0000  1358779         
  27146 10212      361.0000  1367                    241.0000  1381496         
  27331 10212      362.0000  1199                    241.0000  1381171         
Elapsed time = 1301.53 sec. (1509515.13 ticks, tree = 1423.26 MB, solutions = 0)
  27482 10452      362.0000  1377                    241.0000  1392143         
  27625 10638      361.0000  1678                    241.0000  1417830         
  27774 10745      361.0000  1467                    241.0000  1434073         
  27931 10881      362.0000  1549                    241.0000  1457064         
  28099 10904      362.0000  1550                    241.0000  1467464         
  28271 11014      362.0000  1098                    241.0000  1473961         
  28435 11266      361.0000  1639                    241.0000  1493321         
  28587 11411      361.0000  1185                    241.0000  1503670         
  28743 11557      361.0000  1377                    241.0000  1527435         
  28918 11684    infeasible                          241.0000  1538697         
Elapsed time = 1356.47 sec. (1547863.29 ticks, tree = 1641.52 MB, solutions = 0)
  29100 11780      361.0000  1335                    241.0000  1550908         
  29257 11933      361.0000  1557                    241.0000  1563400         
  29403 12173      358.0000  1615                    241.0000  1598340         
  29554 12175      251.0677  2604                    241.0000  1593616         
  29703 12382      381.0000  1206                    241.0000  1621852         
  29849 12396      251.0677  2632                    241.0000  1624479         
  29998 12570      361.0000  1544                    241.0000  1663580         
  30158 12704      381.0000  1305                    241.0000  1675769         
  30324 12727      381.0000  1247                    241.0000  1676293         
  30501 12953      424.0000   811                    241.0000  1703263         
Elapsed time = 1410.91 sec. (1586285.55 ticks, tree = 1833.67 MB, solutions = 0)
  30656 13097    infeasible                          241.0000  1712235         
  30806 13389      361.0000  1459                    241.0000  1754123         
  30958 13427      251.0677  2581                    241.0000  1762287         
  31118 13492      371.0000  1191                    241.0000  1763169         
  31273 13618      358.0000  1718                    241.0000  1785358         
  31432 13890      361.0000  1593                    241.0000  1810589         
  31588 13908      361.0000  1535                    241.0000  1811696         
  31732 14063      361.0000  1678                    241.0000  1829228         
  31886 14140      361.0000  1670                    241.0000  1838920         
  32044 14296      361.0000  1276                    241.0000  1855290         
Elapsed time = 1468.47 sec. (1624590.28 ticks, tree = 2036.32 MB, solutions = 0)
  32207 14609      365.0000  1198                    241.0000  1889613         
  32361 14737      363.0000  1147                    241.0000  1897673         
  32530 14760      363.0000  1033                    241.0000  1898300         
  32699 14775    infeasible                          241.0000  1899264         
  32845 15160      361.0000  1241                    241.0000  1939239         
  32990 15215      374.0000  1429                    241.0000  1944007         
  33131 15294      361.0000  1520                    241.0000  1958168         
  33280 15417      361.0000  1619                    241.0000  1982929         
  33433 15543      361.0000  1424                    241.0000  1998784         
  33587 15704      361.0000  1608                    241.0000  2013274         
Elapsed time = 1525.62 sec. (1662921.00 ticks, tree = 2248.38 MB, solutions = 0)
Nodefile size = 188.79 MB (95.65 MB after compression)
  33751 15795      361.0000  1100                    241.0000  2022254         
  33925 16062      409.0000  1443                    241.0000  2051214         
  34086 16048      365.0000  1026                    241.0000  2046090         
  34244 16154      361.0000  1499                    241.0000  2058058         
  34415 16232      361.0000  1472                    241.0000  2070970         
  34579 16584      361.0000  1288                    241.0000  2097587         
  34742 16563      423.0000  1056                    241.0000  2095627         
  34905 16807      393.0000  1475                    241.0000  2120747         
  35079 16788      361.0000   858                    241.0000  2115005         
  35230 16947      424.0000   738                    241.0000  2128742         
Elapsed time = 1586.01 sec. (1701384.92 ticks, tree = 2436.21 MB, solutions = 0)
Nodefile size = 369.69 MB (188.38 MB after compression)
  35380 17104      362.0000  1417                    241.0000  2151707         
  35537 17391      361.0000  1578                    241.0000  2169742         
  35687 17481      362.0000  1144                    241.0000  2183265         
  35846 17681      361.0000  1139                    241.0000  2198609         
  36016 17799      388.0000  1423                    241.0000  2221011         
  36180 18074      361.0000  1371                    241.0000  2244917         
  36338 18097      361.0000  1295                    241.0000  2245603         
  36496 18104      241.0000  2169                    241.0000  2248270         
  36651 18284      368.0000   722                    241.0000  2255101         
  36817 18425      388.0000   971                    241.0000  2271934         
Elapsed time = 1644.30 sec. (1739790.95 ticks, tree = 2658.44 MB, solutions = 0)
Nodefile size = 594.19 MB (306.73 MB after compression)
  36976 18479      261.0000  1998                    241.0000  2278862         
  37117 18765      308.0000  1791                    241.0000  2307305         
  37269 18785      361.0000  1409                    241.0000  2308422         
  37438 19149      361.0000  1303                    241.0000  2341037         
  37577 19363      401.0000  1075                    241.0000  2359345         
  37732 19459      274.0000  1877                    241.0000  2371847         
  37891 19561      361.0000  1462                    241.0000  2383901         
  38056 19773      361.0000  1652                    241.0000  2402621         
  38218 19847      362.0000  1178                    241.0000  2405882         
  38374 19863    infeasible                          241.0000  2406539         
Elapsed time = 1702.62 sec. (1778307.87 ticks, tree = 2874.83 MB, solutions = 0)
Nodefile size = 810.56 MB (419.30 MB after compression)
  38514 20120      362.0000  1432                    241.0000  2427242         
  38659 20085      261.0000  1966                    241.0000  2426596         
  38802 20342      425.0000  1262                    241.0000  2450583         
  38962 20635    infeasible                          241.0000  2481641         
  39127 20713      364.0000  1225                    241.0000  2486150         
  39302 20878      340.0000  1555                    241.0000  2503712         
  39470 21063      361.0000  1224                    241.0000  2512172         
  39637 21086      362.0000  1073                    241.0000  2513011         
  39804 21213      366.0000   978                    241.0000  2520714         
  39950 21333      361.0000  1535                    241.0000  2531819         
Elapsed time = 1756.07 sec. (1816570.23 ticks, tree = 3097.05 MB, solutions = 0)
Nodefile size = 1035.09 MB (540.27 MB after compression)
  40097 21758    infeasible                          241.0000  2555452         
  40238 21764      241.0000  2102                    241.0000  2560033         
  40397 21921    infeasible                          241.0000  2580596         
  40548 21976      242.0000  2166                    241.0000  2591791         
  40706 21993      338.0000  1674                    241.0000  2594172         
  40865 22013      361.0000  1467                    241.0000  2594884         
  41016 22539      307.0000  1749                    241.0000  2650261         
  41158 22508      363.0000  1082                    241.0000  2645871         

GUB cover cuts applied:  413
Clique cuts applied:  18
Cover cuts applied:  171
Implied bound cuts applied:  1347
Flow cuts applied:  45
Mixed integer rounding cuts applied:  1918
Zero-half cuts applied:  17
Gomory fractional cuts applied:  3

Root node processing (before b&c):
  Real time             =   25.06 sec. (38232.24 ticks)
Parallel b&c, 8 threads:
  Real time             = 1776.41 sec. (1811174.96 ticks)
  Sync time (average)   =  197.83 sec.
  Wait time (average)   =    0.34 sec.
                          ------------
Total (root+branch&cut) = 1801.48 sec. (1849407.20 ticks)
! --------------------------------------------------------
! Problem is UNKNOWN
! CPLEX Status = AbortTimeLim
! --------------------------------------------------------
