! Solving for graph /home/truongxuanhieu/CPLEX-MIP-for-MinSpanLabeling/benchmarks/abp/P-can__445.mtx.rnd
! Target value is set to 90
! Lower bound is set to 91
! Upper bound is set to 445
! Time limit is set to 1800
! Vertices mode is set to Has hole
! Target value mode is set to Antibandwidth
Version identifier: 22.2.0.0 | 2026-05-04 | 5dff98e58
CPXPARAM_TimeLimit                               1800
Tried aggregator 2 times.
MIP Presolve eliminated 1683 rows and 1112 columns.
MIP Presolve modified 198248 coefficients.
Aggregator did 4699 substitutions.
Reduced MIP has 8955 rows, 205867 columns, and 418113 nonzeros.
Reduced MIP has 199930 binaries, 2128 generals, 0 SOSs, and 3809 indicators.
Presolve time = 0.48 sec. (982.92 ticks)
Probing time = 0.83 sec. (380.77 ticks)
Tried aggregator 1 time.
Detecting symmetries...
Reduced MIP has 8955 rows, 205867 columns, and 418113 nonzeros.
Reduced MIP has 199930 binaries, 2573 generals, 0 SOSs, and 3809 indicators.
Presolve time = 0.37 sec. (307.70 ticks)
Probing time = 0.10 sec. (40.13 ticks)
Clique table members: 6807.
MIP emphasis: balance optimality and feasibility.
MIP search method: dynamic search.
Parallel mode: deterministic, using up to 8 threads.
Root relaxation solution time = 0.32 sec. (314.34 ticks)

        Nodes                                         Cuts/
   Node  Left     Objective  IInf  Best Integer    Best Bound    ItCnt     Gap

      0     0       91.0000  1202                     91.0000     1853         
      0     0       91.0000  3041                  Cuts: 2338     4351         
      0     0       91.0000  2635                  Cuts: 2338     5640         
      0     0       91.0000  2565                  Cuts: 2338     7390         
      0     0       91.0000  2688                  Cuts: 2338     9358         
Detecting symmetries...
      0     2       91.0000  2688                     91.0000     9358         
Elapsed time = 15.46 sec. (20584.50 ticks, tree = 0.02 MB, solutions = 0)
      8    10       91.0000  2456                     91.0000     9580         
     20    20       91.0000  2578                     91.0000    10703         
     70    39       91.0000  2459                     91.0000    14068         
    125   106       91.0000  2656                     91.0000    15695         
    163   140       91.0000  2274                     91.0000    15889         
    203   135       91.0000  2483                     91.0000    15878         
    269   213       91.0000  2210                     91.0000    16205         
    351   275       91.0000  2199                     91.0000    16440         
    446   333       91.0000  2098                     91.0000    16705         
    518   482      181.0000  1706                     91.0000    29609         
Elapsed time = 19.63 sec. (23802.34 ticks, tree = 62.74 MB, solutions = 0)
    531   526      270.0000  1729                     91.0000    50196         
    637   549      271.0000  1649                     91.0000    70693         
    772   708      181.0000  1857                     91.0000    80479         
    900   848      271.0000  1555                     91.0000    92123         
   1016   874      361.0000  1336                     91.0000    94192         
   1114   939      361.0000  1339                     91.0000    98102         
   1223  1058      361.0000  1317                     91.0000   104035         
   1363  1144      361.0000  1249                     91.0000   123842         
   1513  1291      271.0000  1409                     91.0000   146822         
   1664  1515      361.0000  1217                     91.0000   158283         
Elapsed time = 38.77 sec. (36230.60 ticks, tree = 246.74 MB, solutions = 0)
   1803  1550      363.0000  1372                     91.0000   160355         
   1935  1681      363.0000  1369                     91.0000   166554         
   2103  1863      361.0000  1174                     91.0000   181519         
   2299  2043      361.0000  1106                     91.0000   190160         
   2456  2086      271.0000  1402                     91.0000   191311         
   2602  2308      361.0000  1068                     91.0000   202817         
   2739  2461      361.0000  1062                     91.0000   216542         
   2872  2615      271.0000  1514                     91.0000   231043         
   3064  2675      181.0000  1769                     91.0000   234527         
   3251  2934    infeasible                           91.0000   241508         
Elapsed time = 50.31 sec. (45810.02 ticks, tree = 508.26 MB, solutions = 0)
   3440  2987      361.0000  1290                     91.0000   242757         
   3621  3244      271.0000  1151                     91.0000   255541         
   3756  3394      361.0000  1052                     91.0000   262462         
   3965  3466      361.0000  1197                     91.0000   274121         
   4067  3705      361.0000  1151                     91.0000   288101         
   4241  3818      361.0000  1476                     91.0000   297781         
   4378  3974      361.0000  1365                     91.0000   311076         
   4552  4033      271.0000  1329                     91.0000   312636         
   4696  4215    infeasible                           91.0000   333662         
   4853  4403      271.0000  1457                     91.0000   351607         
Elapsed time = 61.10 sec. (55393.44 ticks, tree = 779.86 MB, solutions = 0)
   5005  4478      272.0000  1333                     91.0000   354779         
   5167  4606      361.0000  1183                     91.0000   359844         
   5332  4689      181.0000  1768                     91.0000   370191         
   5516  4893      271.0000  1283                     91.0000   375709         
   5721  5179      361.0000  1135                     91.0000   391158         
   5898  5370      271.0000  1260                     91.0000   398702         
   6096  5411      205.0000  1645                     91.0000   398464         
   6254  5573      271.0000  1233                     91.0000   407644         
   6364  5799      297.0000  1371                     91.0000   420676         
   6510  5948      181.0000  1540                     91.0000   437351         
Elapsed time = 71.89 sec. (64991.88 ticks, tree = 1068.34 MB, solutions = 0)
   6659  6091      181.0000  1738                     91.0000   451214         
   6817  6155      182.0000  1486                     91.0000   455907         
   6942  6360      272.0000  1507                     91.0000   471650         
   7112  6444      271.0000  1403                     91.0000   475080         
   7280  6640      271.0000  1378                     91.0000   492466         
   7448  6866      271.0000  1338                     91.0000   512433         
   7600  6935      272.0000  1249                     91.0000   519256         
   7748  7100      271.0000  1513                     91.0000   526575         
   7905  7272      183.0000  1642                     91.0000   538155         
   8065  7445      181.0000  1569                     91.0000   555364         
Elapsed time = 82.48 sec. (74590.30 ticks, tree = 1348.79 MB, solutions = 0)
   8202  7552      181.0000  1861                     91.0000   569505         
   8349  7650      271.0000  1369                     91.0000   574002         
   8503  7884      182.0000  1565                     91.0000   597063         
   8674  8030      271.0000  1227                     91.0000   605763         
   8841  8172      271.0000  1231                     91.0000   610892         
   9000  8399       91.0000  2200                     91.0000   627327         
   9168  8498      271.0000  1343                     91.0000   637854         
   9354  8724      282.0000  1655                     91.0000   644847         
   9564  8807      271.0000  1278                     91.0000   656458         
   9744  8840      271.0000  1239                     91.0000   656860         
Elapsed time = 93.54 sec. (84171.62 ticks, tree = 1611.90 MB, solutions = 0)
   9924  9274      294.0000  1618                     91.0000   670414         
  10121  9317      181.0000  1809                     91.0000   674767         
  10336  9675      181.0000  1729                     91.0000   701091         
  10554  9683      271.0000  1569                     91.0000   696798         
  10768  9871      271.0000  1615                     91.0000   714120         
  10963 10276      293.0000  1632                     91.0000   718572         
  11112 10326      271.0000  1509                     91.0000   721595         
  11327 10609      271.0000  1310                     91.0000   737956         
  11454 10637      271.0000  1279                     91.0000   738730         
  11617 10930      181.0000  1696                     91.0000   759822         
Elapsed time = 103.16 sec. (93760.51 ticks, tree = 2005.43 MB, solutions = 0)
  11762 11093      253.0000  1461                     91.0000   771135         
  11917 11072      271.0000  1323                     91.0000   764108         
  12059 11295      275.0000  1513                     91.0000   782878         
  12241 11387      271.0000  1613                     91.0000   787377         
  12424 11692      181.0000  1895                     91.0000   822651         
  12619 11729      271.0000  1610                     91.0000   814251         
  12878 12091      278.0000  1640                     91.0000   834777         
  13065 12235      361.0000  1433                     91.0000   837096         
  13297 12532      284.0000  1636                     91.0000   853941         
  13539 12788      293.0000  1540                     91.0000   854259         
Elapsed time = 114.25 sec. (103367.48 ticks, tree = 2357.48 MB, solutions = 0)
Nodefile size = 295.01 MB (163.52 MB after compression)
  13760 12877      201.0000  1768                     91.0000   861815         
  13932 13208      246.0000  1660                     91.0000   878280         
  14121 13255      246.0000  1663                     91.0000   878284         
  14331 13365      292.0000  1587                     91.0000   879447         
  14486 13837      271.0000  1373                     91.0000   909104         
  14649 13720      181.0000  1731                     91.0000   907332         
  14821 14108      181.0000  1669                     91.0000   931843         
  14983 14203      271.0000  1280                     91.0000   943311         
  15140 14240      262.0000  1403                     91.0000   951444         
  15903 14814      273.0000  1634                     91.0000   987360         
Elapsed time = 127.88 sec. (115806.54 ticks, tree = 2741.83 MB, solutions = 0)
Nodefile size = 668.01 MB (369.26 MB after compression)
  16837 15664      290.0000  1667                     91.0000  1023605         
  17648 16820      271.0000  1422                     91.0000  1074344         
  18318 17348      271.0000  1274                     91.0000  1107917         
  18412 17848      271.0000  1361                     91.0000  1133495         
  19068 18100      297.0000  1612                     91.0000  1146694         

Performing restart 1

Repeating presolve.
Tried aggregator 1 time.
Reduced MIP has 8955 rows, 205867 columns, and 418113 nonzeros.
Reduced MIP has 199930 binaries, 2573 generals, 0 SOSs, and 3809 indicators.
Presolve time = 0.19 sec. (209.86 ticks)
Tried aggregator 1 time.
Reduced MIP has 8955 rows, 205867 columns, and 418113 nonzeros.
Reduced MIP has 199930 binaries, 2573 generals, 0 SOSs, and 3809 indicators.
Presolve time = 0.34 sec. (314.86 ticks)
Represolve time = 1.86 sec. (1155.24 ticks)
  19767     0       91.0000  3311                  Cuts: 2338  1197780         
  19767     0       91.0000  3339                  Cuts: 2338  1200336         
  19767     0       91.0000  3445                  Cuts: 2338  1202398         
  19767     0       91.0000  3691                  Cuts: 2338  1206672         
  19767     2       91.0000  3686                     91.0000  1206672         
  19942   144       91.0000  3401                     91.0000  1235373         
  20245   380      271.0000  1794                     91.0000  1281847         
  20566   735      181.0000  2120                     91.0000  1297931         
  21118  1123      181.0000  2029                     91.0000  1309497         
Elapsed time = 260.29 sec. (257579.25 ticks, tree = 164.14 MB, solutions = 0)
  21716  1668      235.0000  1759                     91.0000  1322912         
  22224  2169      181.0000  2834                     91.0000  1345579         
  22711  2701      181.0000  2529                     91.0000  1385092         
  23290  3186      300.0000  1589                     91.0000  1407251         
  23837  3666      271.0000  1649                     91.0000  1424172         
  24310  4194      421.0000  1226                     91.0000  1440047         
  24713  4589      361.0000  1172                     91.0000  1480794         
  24790  4638    infeasible                          100.1216  1481765         
  24897  4704      271.0000  2768                    100.1216  1507841         
  25271  5083      287.0000  1673                    100.1216  1545002         
Elapsed time = 318.07 sec. (296849.29 ticks, tree = 867.41 MB, solutions = 0)
  25678  5414      316.0000  1727                    100.1216  1569916         
  26133  5842      272.0000  1809                    100.1216  1600509         
  26652  6306      271.0000  1733                    100.1216  1635162         
  27060  6760      271.0000  1501                    106.1685  1658684         
  27454  7091      181.0000  2406                    106.1685  1694400         

Performing restart 2

Repeating presolve.
Tried aggregator 1 time.
Reduced MIP has 8955 rows, 205867 columns, and 469019 nonzeros.
Reduced MIP has 199930 binaries, 2573 generals, 0 SOSs, and 3809 indicators.
Presolve time = 0.22 sec. (226.74 ticks)
Tried aggregator 1 time.
Reduced MIP has 8955 rows, 205867 columns, and 469019 nonzeros.
Reduced MIP has 199930 binaries, 2573 generals, 0 SOSs, and 3809 indicators.
Presolve time = 0.39 sec. (327.81 ticks)
Represolve time = 2.95 sec. (2390.82 ticks)
  27648     0       91.0000  3382                  Cuts: 2338  1736542         
  27648     0       91.0338  4487                  Cuts: 2338  1741252         
  27648     0       92.7483  4278                  Cuts: 1847  1744865         
  27648     0       96.6211  4142                  Cuts: 2338  1746996         
  27648     0      100.8943  4199                  Cuts: 2338  1749255         
  27648     0      103.8571  4214                  Cuts: 2338  1751214         
  27648     0      103.8571  3919                  Cuts: 1958  1755046         
  27648     0      103.8571  3975                  Cuts: 2338  1757340         
  27648     0      103.8571  3835                  Cuts: 2338  1760834         
  27648     0      103.8571  4005                  Cuts: 2338  1762916         
  27648     0      103.8571  3981                  Cuts: 2338  1766278         
  27648     0      103.8571  4007                  Cuts: 2338  1768423         
  27648     0      103.8571  3921                  Cuts: 2338  1771377         
  27648     0      103.8571  3976                  Cuts: 2338  1773400         
  27648     2      103.8571  3974                    136.0000  1773400         
  27709    50      181.0000  2793                    136.0000  1778935         
  27896   172      271.0000  2138                    181.0000  1795713         
  28153   410      361.0000  1714                    181.0000  1806542         
  28458   700      361.0000  1636                    181.0000  1810346         
Elapsed time = 863.17 sec. (1070870.40 ticks, tree = 88.30 MB, solutions = 0)
  29177  1230      271.0000  1538                    181.0000  1821429         
  29656  1917      422.0000  1166                    181.0000  1838008         
  29850  2069      361.0000  1750                    181.0000  1854427         
  30096  2263      271.0000  1941                    181.0000  1867899         
  30370  2526      271.0000  1907                    181.0000  1876150         
  30662  2815      271.0000  1659                    181.0000  1881968         
  30906  3069      363.0000  1643                    181.0000  1889923         
  31152  3290      364.0000  1601                    181.0000  1896917         
  31388  3576      362.0000  1387                    181.0000  1906983         
  31624  3720      361.0000  1766                    181.0000  1911757         
Elapsed time = 938.72 sec. (1109189.39 ticks, tree = 570.57 MB, solutions = 0)
  31855  3943      317.0000  1683                    181.0000  1915934         
  32118  4256      361.0000  1405                    181.0000  1925822         
  32347  4471      421.0000  1397                    181.0000  1930928         
  32542  4610      181.0000  2679                    181.0000  1938556         
  32771  4867      361.0000  1693                    181.0000  1956640         
  33033  5071      271.0000  1620                    181.0000  1963272         
  33280  5361      361.0000  1447                    181.0000  1972278         
  33531  5483      274.0000  1637                    181.0000  1977900         
  33782  5710      361.0000  1299                    181.0000  1983485         
  34043  6080      271.0000  1743                    181.0000  1995734         
Elapsed time = 1014.86 sec. (1147483.40 ticks, tree = 948.88 MB, solutions = 0)
  34286  6259      361.0000  1609                    181.0000  2002369         
  34511  6422      361.0000  1626                    181.0000  2009345         
  34777  6697      361.0000  1216                    181.0000  2020719         
  35035  6924      362.0000  1467                    181.0000  2027926         
  35280  7218      361.0000  1434                    181.0000  2033980         
  35495  7498      377.0000  1211                    181.0000  2039783         
  35674  7610      181.0000  2544                    181.0000  2044312         
  35830  7839      271.0000  2011                    181.0000  2056373         
  36025  8050      361.0000  1773                    181.0000  2094773         
  36229  8134      361.0000  2154                    181.0000  2105955         
Elapsed time = 1086.95 sec. (1185800.09 ticks, tree = 1281.68 MB, solutions = 0)
  36447  8335      361.0000  1871                    181.0000  2117514         
  36673  8663      361.0000  1708                    181.0000  2135212         
  36887  8838      363.0000  1580                    181.0000  2150782         
  37099  8967      361.0000  1598                    181.0000  2154526         
  37313  9098      271.0000  2309                    181.0000  2164484         
  37506  9443      435.0000  1760                    181.0000  2184226         
  37683  9532      361.0000  2167                    181.0000  2196340         
  37886  9680      271.0000  2544                    181.0000  2216232         
  38058  9854      361.0000  1858                    181.0000  2227488         
  38262 10081      362.0000  1742                    181.0000  2254434         
Elapsed time = 1155.81 sec. (1224160.62 ticks, tree = 1624.08 MB, solutions = 0)
  38486 10403      361.0000  2053                    181.0000  2272870         
  38671 10526      362.0000  1560                    181.0000  2279387         
  38877 10636      361.0000  1758                    181.0000  2288078         
  39048 10962      271.0000  2398                    181.0000  2323275         
  39255 11064    infeasible                          181.0000  2341468         
  39469 11217      361.0000  1824                    181.0000  2348907         
  39705 11460      361.0000  1612                    181.0000  2358704         
  39903 11594      361.0000  1539                    181.0000  2369272         
  40097 11812      271.0000  1965                    181.0000  2379075         
  40288 12015      361.0000  1950                    181.0000  2405218         
Elapsed time = 1219.49 sec. (1262412.70 ticks, tree = 1965.63 MB, solutions = 0)
  40497 12203      271.0000  2280                    181.0000  2429536         
  40707 12437      361.0000  1826                    181.0000  2446691         
  40944 12733      361.0000  1630                    181.0000  2464013         
  41157 12723      274.0000  1707                    181.0000  2464422         
  41332 12977      361.0000  1586                    181.0000  2483183         
  41529 13294      271.0000  2566                    181.0000  2523411         
  41723 13320      272.0000  2211                    181.0000  2524865         
  41905 13670      361.0000  1874                    181.0000  2566424         
  42135 13610      271.0000  2248                    181.0000  2568709         
  42355 14007      405.0000  1686                    181.0000  2585766         
Elapsed time = 1286.91 sec. (1300791.21 ticks, tree = 2320.21 MB, solutions = 0)
Nodefile size = 261.08 MB (144.19 MB after compression)
  42601 14199      361.0000  1650                    181.0000  2592190         
  42857 14415      421.0000  1539                    181.0000  2605171         
  43081 14586      436.0000  1595                    181.0000  2609008         
  43300 14851      361.0000  1635                    181.0000  2621717         
  43491 15145      361.0000  1789                    181.0000  2640199         
  43714 15278      441.0000  1867                    181.0000  2656763         
  43951 15491      363.0000  1666                    181.0000  2671646         
  44148 15681      362.0000  1987                    181.0000  2684620         
  44331 15831      361.0000  1686                    181.0000  2694374         
  44512 15880      361.0000  2007                    181.0000  2701985         
Elapsed time = 1361.09 sec. (1339086.06 ticks, tree = 2657.60 MB, solutions = 0)
Nodefile size = 595.17 MB (334.04 MB after compression)
  44726 16147      271.0000  2443                    181.0000  2738316         
  44953 16382      324.0000  1715                    181.0000  2762689         
  45178 16487      319.0000  2054                    181.0000  2771808         
  45401 16601      361.0000  1668                    181.0000  2774305         
  45623 16933      361.0000  1657                    181.0000  2791156         
  45858 17172      271.0000  2232                    181.0000  2809025         
  46067 17526      406.0000  1473                    181.0000  2823527         
  46290 17753      271.0000  2321                    181.0000  2839276         
  46535 18075      439.0000  1365                    181.0000  2855491         
  46738 18010      271.0000  1623                    181.0000  2852987         
Elapsed time = 1436.84 sec. (1377390.47 ticks, tree = 3042.45 MB, solutions = 0)
Nodefile size = 974.62 MB (555.00 MB after compression)
  46954 18197      361.0000  1720                    181.0000  2862391         
  47170 18333      271.0000  2527                    181.0000  2869858         
  47380 18685      271.0000  2467                    181.0000  2908501         
  47580 18956      403.0000  1590                    181.0000  2921364         
  47790 19234      361.0000  1583                    181.0000  2949602         
  48011 19393      362.0000  1407                    181.0000  2960716         
  48230 19675      403.0000  1541                    181.0000  2976889         
  48455 19606      361.0000  1686                    181.0000  2972682         
  48669 20075      362.0000  1795                    181.0000  3005882         
  48886 20202      361.0000  1520                    181.0000  3012566         
Elapsed time = 1511.31 sec. (1415658.58 ticks, tree = 3441.52 MB, solutions = 0)
Nodefile size = 1376.67 MB (790.01 MB after compression)
  49106 20225    infeasible                          181.0000  3013639         
  49306 20578      316.0000  2046                    181.0000  3046006         
  49522 20803      271.0000  2411                    181.0000  3059073         
  49732 20875      361.0000  1761                    181.0000  3067445         
  49947 21006      271.0000  2383                    181.0000  3077194         
  50172 21223      361.0000  1549                    181.0000  3091653         
  50405 21448      361.0000  2078                    181.0000  3111310         
  50634 21808      441.0000  1725                    181.0000  3127327         
  50867 22053      421.0000  1540                    181.0000  3144633         
  51096 22138      362.0000  1686                    181.0000  3146295         
Elapsed time = 1583.96 sec. (1453946.30 ticks, tree = 3794.07 MB, solutions = 0)
Nodefile size = 1727.33 MB (994.75 MB after compression)
  51318 22246      271.0000  2487                    181.0000  3158952         
  51542 22748      312.0000  2023                    181.0000  3184257         
  51767 22621      421.0000  1346                    181.0000  3174681         
  51991 22991      409.0000  1452                    181.0000  3196745         
  52231 23424      361.0000  1598                    181.0000  3219450         
  52460 23617      271.0000  2565                    181.0000  3230526         
  52680 23534      361.0000  2040                    181.0000  3226392         
  52907 24046      442.0000  1765                    181.0000  3250780         
  53137 24015      361.0000  1750                    181.0000  3247651         
  53362 24444      362.0000  1557                    181.0000  3272669         
Elapsed time = 1656.61 sec. (1492316.52 ticks, tree = 4215.75 MB, solutions = 0)
Nodefile size = 2152.74 MB (1245.66 MB after compression)
  53593 24595      331.0000  2074                    181.0000  3283263         
  53828 24496      390.0000  1492                    181.0000  3275011         
  54068 24893      361.0000  1950                    181.0000  3298446         
  54275 25122      361.0000  1491                    181.0000  3305161         
  54493 25482      361.0000  1823                    181.0000  3317800         
  54713 25686      361.0000  1332                    181.0000  3333119         
  54938 25999      411.0000  1556                    181.0000  3355506         
  55152 26086      361.0000  1896                    181.0000  3360621         
  55382 26115      361.0000  1752                    181.0000  3361530         
  55606 26221      410.0000  1503                    181.0000  3363839         
Elapsed time = 1728.99 sec. (1530594.41 ticks, tree = 4540.85 MB, solutions = 0)
Nodefile size = 2464.86 MB (1429.93 MB after compression)
  55841 26678      407.0000  1634                    181.0000  3391210         
  56051 26635      361.0000  1801                    181.0000  3393308         
  56277 26927      271.0000  2347                    181.0000  3409887         
  56500 27305    infeasible                          181.0000  3420810         
  56707 27257      361.0000  2205                    181.0000  3422384         
  56915 27500      361.0000  1357                    181.0000  3432134         
  57139 27688      361.0000  2040                    181.0000  3452166         
  57374 28298      408.0000  1902                    181.0000  3487029         
  57610 28464      361.0000  1696                    181.0000  3497615         
  57760 28356      407.0000  1657                    181.0000  3488707         
Elapsed time = 1801.29 sec. (1568904.39 ticks, tree = 4930.49 MB, solutions = 0)
Nodefile size = 2855.99 MB (1660.49 MB after compression)

GUB cover cuts applied:  741
Clique cuts applied:  143
Cover cuts applied:  208
Implied bound cuts applied:  1789
Flow cuts applied:  72
Mixed integer rounding cuts applied:  2398
Zero-half cuts applied:  16
Gomory fractional cuts applied:  2

Root node processing (before b&c):
  Real time             =   15.26 sec. (20482.55 ticks)
Parallel b&c, 8 threads:
  Real time             = 1786.06 sec. (1549633.25 ticks)
  Sync time (average)   =  325.43 sec.
  Wait time (average)   =    0.43 sec.
                          ------------
Total (root+branch&cut) = 1801.31 sec. (1570115.80 ticks)
! --------------------------------------------------------
! Problem is UNKNOWN
! CPLEX Status = AbortTimeLim
! --------------------------------------------------------
