! Solving for graph /home/truongxuanhieu/CPLEX-MIP-for-MinSpanLabeling/benchmarks/abp/Q-494_bus.mtx.rnd
! Target value is set to 227
! Lower bound is set to 228
! Upper bound is set to 494
! Time limit is set to 1800
! Vertices mode is set to Has hole
! Target value mode is set to Antibandwidth
Version identifier: 22.2.0.0 | 2026-05-04 | 5dff98e58
CPXPARAM_TimeLimit                               1800
Tried aggregator 2 times.
MIP Presolve eliminated 587 rows and 1235 columns.
MIP Presolve modified 244283 coefficients.
Aggregator did 2654 substitutions.
Reduced MIP has 4816 rows, 247616 columns, and 498470 nonzeros.
Reduced MIP has 244869 binaries, 1081 generals, 0 SOSs, and 1666 indicators.
Presolve time = 0.92 sec. (934.87 ticks)
Probing time = 1.79 sec. (448.40 ticks)
Tried aggregator 2 times.
Detecting symmetries...
Aggregator did 146 substitutions.
Reduced MIP has 4670 rows, 247470 columns, and 498324 nonzeros.
Reduced MIP has 244869 binaries, 1429 generals, 0 SOSs, and 1666 indicators.
Presolve time = 1.27 sec. (548.32 ticks)
Probing time = 0.21 sec. (47.87 ticks)
Clique table members: 7183.
MIP emphasis: balance optimality and feasibility.
MIP search method: dynamic search.
Parallel mode: deterministic, using up to 8 threads.
Root relaxation solution time = 5.30 sec. (1943.58 ticks)

        Nodes                                         Cuts/
   Node  Left     Objective  IInf  Best Integer    Best Bound    ItCnt     Gap

      0     0      228.0000   593                    228.0000        9         
      0     0      228.0000  1709                  Cuts: 1267     1158         
      0     0      228.0000  1229                  Cuts: 1267     2313         
      0     0      228.0000  1120                  Cuts: 1267     3648         
      0     0      228.0000   958                   Cuts: 782     4813         
      0     0      228.0000   866                   Cuts: 481     5294         
      0     0      228.0000   660                   Cuts: 104     5392         
      0     0      228.0000   767                   Cuts: 821     6121         
      0     2      228.0000   767                    228.0000     6121         
Elapsed time = 56.07 sec. (39323.76 ticks, tree = 0.02 MB, solutions = 0)
      8    10      228.0000   703                    228.0000     6187         
     25    17      228.0000   726                    228.0000     6340         
     68    58      228.0000   690                    228.0000     7433         
     95    86      228.0000   660                    228.0000     7785         
    148   104      228.0000   633                    228.0000     7915         
    184   174      228.0000   588                    228.0000     9248         
    215   192      228.0000   574                    228.0000    14775         
    253   213      228.0000   586                    228.0000    20309         
    271   239      454.0000  1093                    228.0000    25491         
    390   334      455.0000   996                    228.0000    55175         
Elapsed time = 63.50 sec. (42471.36 ticks, tree = 31.18 MB, solutions = 0)
    550   492      455.0000   986                    228.0000    69928         
    690   552      455.0000   993                    228.0000    70885         
    854   724      455.0000   845                    228.0000    72478         
   1008   850      455.0000   676                    228.0000    73992         
   1014   913    infeasible                          228.0000    74480         
   1036   934      456.0000   860                    228.0000    78576         
   1227   959      456.0000   795                    228.0000    79098         
   1443  1066      455.0000  1088                    228.0000    89820         
   1657  1238      493.0000   798                    228.0000    96934         
   1873  1398    infeasible                          228.0000   105767         
Elapsed time = 101.84 sec. (56374.78 ticks, tree = 181.49 MB, solutions = 0)
   2018  1463      494.0000   624                    228.0000   105975         
   2265  1515      494.0000   434                    228.0000   106147         
   2566  1605      494.0000   429                    228.0000   107360         
   2850  1698      494.0000   582                    228.0000   113384         
   3133  1839      494.0000   590                    228.0000   113712         
   3449  1900    infeasible                          228.0000   113910         
   3804  1970      494.0000   500                    228.0000   114200         
   4143  2093      456.0000  1124                    228.0000   118221         
   4461  2092    infeasible                          228.0000   118408         
   4819  2159    infeasible                          228.0000   119513         
Elapsed time = 124.10 sec. (65932.89 ticks, tree = 289.05 MB, solutions = 0)
   5132  2237      494.0000   526                    228.0000   119811         

Performing restart 1

Repeating presolve.
Tried aggregator 1 time.
MIP Presolve eliminated 0 rows and 828 columns.
Reduced MIP has 4670 rows, 246642 columns, and 496668 nonzeros.
Reduced MIP has 244041 binaries, 1429 generals, 0 SOSs, and 1666 indicators.
Presolve time = 0.45 sec. (253.08 ticks)
Tried aggregator 1 time.
Reduced MIP has 4670 rows, 246642 columns, and 496668 nonzeros.
Reduced MIP has 244041 binaries, 1429 generals, 0 SOSs, and 1666 indicators.
Presolve time = 0.92 sec. (415.90 ticks)
Represolve time = 4.31 sec. (1420.76 ticks)
   5169     0      228.0000  1355                  Cuts: 1267   128426         
   5169     0      228.0000  1612                  Cuts: 1267   130417         
   5169     0      228.0000  1829                  Cuts: 1267   132826         
   5169     0      228.0000  2181                  Cuts: 1267   135272         
   5169     2      228.0000  2179                    228.0000   135272         
   5170     3      228.0000  2170                    228.0000   135285         
   5171     4      228.0000  2153                    228.0000   135296         
   5173     5      229.8604  2406                    228.0000   136543         
   5177     9      228.0000  2075                    228.0000   137195         
   5183     9      228.0000  2095                    228.0000   137159         
   5190    14      455.0000  1373                    228.0000   142974         
   5195    21      455.0000  1374                    228.0000   143450         
   5200    23      410.0000  1488                    228.0000   147978         
Elapsed time = 211.24 sec. (119569.34 ticks, tree = 0.84 MB, solutions = 0)
   5206    31      228.0000  2017                    228.0000   151846         
   5211    26      455.0000  1347                    228.0000   148918         
   5217    40      455.0000  1347                    228.0000   154281         
   5224    43      228.0000  1963                    228.0000   154346         
   5234    50      455.0000  1263                    228.0000   156410         
   5242    52      410.0000  1473                    228.0000   156425         
   5245    68      228.0000  1862                    228.0000   156597         
   5251    57      258.1135  2067                    228.0000   158427         
   5252    78      455.0000  1304                    228.0000   156829         
   5274    97      455.0000  1267                    228.0000   158938         
Elapsed time = 242.77 sec. (131879.58 ticks, tree = 6.76 MB, solutions = 0)
   5310   111      455.0000  1209                    228.0000   159017         
   5333    86      258.1135  2064                    228.0000   161651         
   5377   155      455.0000  1268                    228.0000   162393         
   5425   166      456.0000  1094                    228.0000   162405         
   5496   166      455.0000  1160                    228.0000   162789         
   5568   264      455.0000  1115                    228.0000   165614         
   5645   217      410.0000  1338                    228.0000   164342         
   5726   328      410.0000  1338                    228.0000   171810         
   5815   333      410.0000  1333                    228.0000   171869         
   5893   273      455.0000  1297                    228.0000   171681         
Elapsed time = 262.79 sec. (141586.36 ticks, tree = 20.53 MB, solutions = 0)
   5987   474      481.0000   951                    228.0000   175870         
   6085   474      494.0000   719                    228.0000   175414         
   6167   601      493.0000   877                    228.0000   179832         
   6277   574      494.0000   694                    228.0000   176816         
   6403   716      494.0000   619                    228.0000   183339         
   6505   890      494.0000   760                    228.0000   185471         
   6607   913      494.0000   713                    228.0000   185536         
   6729  1141      494.0000   584                    228.0000   190423         
   6829  1019      481.0000   732                    228.0000   190029         
   6936  1282      494.0000   486                    228.0000   191847         
Elapsed time = 281.88 sec. (151255.70 ticks, tree = 153.90 MB, solutions = 0)
   7056  1319      300.0000  1328                    228.0000   194372         
   7182  1457      483.0000   663                    228.0000   195505         
   7314  1741    infeasible                          228.0000   198256         
   7466  1643      455.0000   970                    228.0000   198179         
   7586  1747      493.0000   606                    228.0000   198382         
   7729  2108      476.0000   737                    228.0000   202373         
   7873  2091      493.0000   592                    228.0000   202055         
   8008  2338      493.0000   671                    228.0000   203873         
   8165  2178      455.0000   831                    228.0000   203099         
   8303  2384      494.0000   462                    228.0000   207211         
Elapsed time = 302.96 sec. (160837.97 ticks, tree = 305.78 MB, solutions = 0)
   8452  2402    infeasible                          228.0000   207374         
   8620  2701      493.0000   515                    228.0000   211452         
   8705  2815      493.0000   517                    228.0000   211932         
   8789  2838      493.0000   493                    228.0000   212045         
   8860  2804      455.0000  1237                    228.0000   211940         
   8924  2924      492.0000   631                    228.0000   213139         
   8975  3115      493.0000   506                    228.0000   217169         
   9023  3117      493.0000   506                    228.0000   217184         
   9074  3128      492.0000   662                    228.0000   225725         
   9130  3150      455.0000  1166                    228.0000   220365         
Elapsed time = 325.14 sec. (170488.08 ticks, tree = 415.24 MB, solutions = 0)
   9205  3218      455.0000  1140                    228.0000   229817         
   9271  3232      492.0000   664                    228.0000   229869         
   9337  3250      492.0000   648                    228.0000   229936         
   9401  3296      455.0000  1117                    228.0000   230200         
   9494  3371      492.0000   568                    228.0000   230445         
   9557  3456      455.0000  1074                    228.0000   236152         
   9610  3516      492.0000   521                    228.0000   236151         
   9649  3480      491.0000   907                    228.0000   236823         
   9687  3573      494.0000   828                    228.0000   243929         
  10022  3711    infeasible                          228.0000   255571         
Elapsed time = 351.83 sec. (183007.95 ticks, tree = 493.40 MB, solutions = 0)
  10400  4006      455.0000   921                    228.0000   263587         
  10813  4326      478.0000   672                    228.0000   274131         
  11207  4672      486.0000   775                    228.0000   284331         
  11680  4841      493.0000   456                    228.0000   285829         
  12187  5168      489.0000   778                    228.0000   291684         
  12477  5360    infeasible                          228.0000   297884         

Performing restart 2

Repeating presolve.
Tried aggregator 1 time.
MIP Presolve modified 247 coefficients.
Reduced MIP has 4670 rows, 246642 columns, and 607749 nonzeros.
Reduced MIP has 244041 binaries, 1429 generals, 0 SOSs, and 1666 indicators.
Presolve time = 0.49 sec. (305.68 ticks)
Tried aggregator 1 time.
Reduced MIP has 4670 rows, 246642 columns, and 607749 nonzeros.
Reduced MIP has 244041 binaries, 1429 generals, 0 SOSs, and 1666 indicators.
Presolve time = 0.92 sec. (416.63 ticks)
Represolve time = 4.91 sec. (1867.22 ticks)
  12485     0      228.0000  2222                  Cuts: 1267   326680         
  12485     0      228.0000  2199                  Cuts: 1267   328842         
  12485     0      228.0000  2174                  Cuts: 1267   330997         
  12485     0      228.0000  2183                  Cuts: 1267   333747         
  12485     0      228.0000  2379                  Cuts: 1267   336358         
  12485     0      228.0000  2228                  Cuts: 1267   338977         
  12485     0      228.0000  2409                  Cuts: 1267   344206         
  12485     0      228.0000  2570                  Cuts: 1267   347393         
  12485     0      228.0000  2063                  Cuts: 1027   350470         
* 12485+    0                          494.0000      228.0000            53.85%
  12485     0      228.0000  2432      494.0000    Cuts: 1267   354050   53.85%
  12485     2      228.0000  1519      494.0000      228.0000   354050   53.85%
  12494     6      228.0000  1307      494.0000      228.0000   354117   53.85%
  12514     6      455.0000  1143      494.0000      228.0000   356616   53.85%
  12545    41      455.0000   986      494.0000      228.0000   360068   53.85%
Elapsed time = 1357.49 sec. (1210217.14 ticks, tree = 3.47 MB, solutions = 1)
  12619    80      455.0000  1298      494.0000      228.0000   378130   53.85%
  12701   122      456.0000   997      494.0000      228.0000   381468   53.85%
  12785   230      455.0000  1194      494.0000      228.0000   382586   53.85%
  12881   298      457.0000   968      494.0000      228.0000   383427   53.85%
  12974   371      457.0000   964      494.0000      228.0000   384671   53.85%
  13068   443      457.0000   939      494.0000      228.0000   386040   53.85%
  13159   491      457.0000   956      494.0000      228.0000   386872   53.85%
  13257   561      455.0000  1062      494.0000      228.0000   387730   53.85%
  13358   593      456.0000  1008      494.0000      228.0000   387982   53.85%
  13463   694      493.0000   480      494.0000      228.0000   389059   53.85%
Elapsed time = 1430.51 sec. (1248914.07 ticks, tree = 72.65 MB, solutions = 1)
  13566   759      456.0000   857      494.0000      228.0000   390061   53.85%
  13665   811      458.0000   783      494.0000      228.0000   390720   53.85%
  13763   924      456.0000   806      494.0000      228.0000   392260   53.85%
  13862   987      457.0000   929      494.0000      228.0000   392988   53.85%
  13963  1055      458.0000   756      494.0000      228.0000   393848   53.85%
  14066  1137        cutoff            494.0000      228.0000   395294   53.85%
  14168  1241      456.0000  1000      494.0000      228.0000   396826   53.85%
  14267  1301      458.0000  1003      494.0000      228.0000   397882   53.85%
  14364  1351      456.0000   999      494.0000      228.0000   398239   53.85%
  14477  1458      493.0000   395      494.0000      228.0000   399985   53.85%
Elapsed time = 1501.55 sec. (1287414.60 ticks, tree = 175.52 MB, solutions = 1)
  14592  1456      455.0000   915      494.0000      228.0000   400049   53.85%
  14702  1524      457.0000   959      494.0000      228.0000   400551   53.85%
  14819  1680      493.0000   270      494.0000      228.0000   403272   53.85%
  14943  1701      467.0000   837      494.0000      228.0000   403750   53.85%
  15070  1833      493.0000   206      494.0000      228.0000   405599   53.85%
  15192  1942      467.0000   754      494.0000      228.0000   407633   53.85%
  15305  1983      490.0000   632      494.0000      228.0000   408458   53.85%
  15426  2041      458.0000   819      494.0000      228.0000   409206   53.85%
  15541  2135      455.0000   906      494.0000      228.0000   411075   53.85%
  15670  2244      458.0000   960      494.0000      228.0000   412793   53.85%
Elapsed time = 1572.01 sec. (1325733.99 ticks, tree = 281.43 MB, solutions = 1)
  15804  2336      465.0000   700      494.0000      228.0000   414251   53.85%
  15936  2432      465.0000   685      494.0000      228.0000   415927   53.85%
  16072  2419      483.0000   720      494.0000      228.0000   415603   53.85%
  16210  2555      490.0000   628      494.0000      228.0000   417418   53.85%
  16344  2614      483.0000   677      494.0000      228.0000   418181   53.85%
  16484  2703      493.0000   194      494.0000      228.0000   418938   53.85%
  16625  2729      485.0000   634      494.0000      228.0000   419718   53.85%
Starting limited solution polishing.
  16767  2838      493.0000   546      494.0000      228.0000   421216   53.85%
  16910  2926      493.0000   159      494.0000      228.0000   421811   53.85%
  17056  2935      487.0000   624      494.0000      228.0000   422354   53.85%
Elapsed time = 1643.70 sec. (1364180.54 ticks, tree = 375.55 MB, solutions = 1)
  17200  3039      490.0000   619      494.0000      228.0000   424037   53.85%
  17353  3087      493.0000   397      494.0000      228.0000   424779   53.85%
  17520  3176      487.0000   582      494.0000      228.0000   425697   53.85%
  17689  3218    infeasible            494.0000      228.0000   427226   53.85%
  17835  3301      493.0000   304      494.0000      228.0000   428370   53.85%
  17986  3335      466.0000   636      494.0000      228.0000   429587   53.85%
  18133  3351      493.0000   142      494.0000      228.0000   430115   53.85%
  18283  3397      488.0000   597      494.0000      228.0000   430801   53.85%
  18428  3430      493.0000   142      494.0000      228.0000   431440   53.85%
  18584  3526      493.0000   296      494.0000      228.0000   432738   53.85%
Elapsed time = 1714.89 sec. (1402482.35 ticks, tree = 454.06 MB, solutions = 1)
  18735  3521      488.0000   541      494.0000      228.0000   433126   53.85%
  18889  3683      493.0000   103      494.0000      228.0000   434604   53.85%
  19051  3789      493.0000   103      494.0000      228.0000   436158   53.85%
  19221  3855      491.0000   495      494.0000      228.0000   437065   53.85%
  19420  3937      493.0000   100      494.0000      228.0000   437843   53.85%
  19623  3939      493.0000    92      494.0000      228.0000   437944   53.85%
  19802  4037    infeasible            494.0000      228.0000   439858   53.85%
  19979  4138      493.0000   252      494.0000      228.0000   441103   53.85%
  20180  4185      464.0000   848      494.0000      228.0000   442879   53.85%
  20372  4260      493.0000   250      494.0000      228.0000   443370   53.85%
Elapsed time = 1785.95 sec. (1440820.77 ticks, tree = 552.33 MB, solutions = 1)
  20507  4272      493.0000    58      494.0000      228.0000   443576   53.85%
  20681  4434      493.0000    20      494.0000      228.0000   445975   53.85%

GUB cover cuts applied:  257
Clique cuts applied:  19
Cover cuts applied:  58
Implied bound cuts applied:  161
Flow cuts applied:  5
Mixed integer rounding cuts applied:  840
Zero-half cuts applied:  32
Gomory fractional cuts applied:  18

Root node processing (before b&c):
  Real time             =   55.10 sec. (39145.18 ticks)
Parallel b&c, 8 threads:
  Real time             = 1745.16 sec. (1409759.42 ticks)
  Sync time (average)   =  104.39 sec.
  Wait time (average)   =    0.31 sec.
                          ------------
Total (root+branch&cut) = 1800.26 sec. (1448904.60 ticks)
! --------------------------------------------------------
! Status: FEASIBLE (time limit or other stopping criterion reached)
! Best span = 494
! Labeling: 228 228 230 1 494 228 1 228 494 114 228 267 228 228 1 467 267 494 232 34 494 494 9 237 1 231 1 494 228 237 30 460 267 7 494 6 228 491 475 229 229 236 1 440 1 267 494 462 494 459 13 240 267 475 494 1 40 1 238 461 228 5 4 494 1 228 228 267 438 267 267 494 229 494 267 463 494 494 454 341 457 240 5 1 228 14 10 459 6 4 1 253 480 228 1 239 4 1 455 1 267 494 455 1 267 1 456 267 40 8 488 228 241 494 228 37 494 267 269 227 494 1 457 455 228 494 267 228 1 1 494 494 228 1 494 456 494 267 231 1 494 1 116 5 494 457 455 494 494 494 230 456 455 494 455 464 494 494 10 482 228 228 12 494 1 494 229 1 228 1 494 494 1 494 468 232 1 457 455 228 26 115 40 230 494 485 494 494 1 231 267 239 480 1 494 267 489 8 267 494 228 494 267 1 242 1 480 457 265 6 233 231 14 267 228 482 1 494 239 1 494 117 1 13 261 485 494 228 494 482 228 228 14 494 1 494 241 267 1 228 487 493 1 494 40 455 457 494 267 233 232 494 267 1 494 11 467 255 267 267 267 494 253 494 1 424 1 1 230 228 229 228 494 378 1 40 267 234 1 1 1 485 228 480 494 458 494 494 228 233 456 494 236 1 228 232 230 228 231 344 228 492 1 267 228 3 494 490 494 230 267 232 422 228 267 228 3 240 267 494 465 228 456 455 10 493 494 234 235 1 228 228 494 1 228 1 459 259 1 494 1 8 237 240 228 238 258 267 455 228 1 455 228 1 266 455 455 342 460 227 26 494 257 342 1 228 475 494 5 234 494 1 494 1 267 494 494 267 118 228 229 232 228 481 494 240 235 1 494 1 455 494 228 5 1 267 231 455 240 1 341 1 455 494 240 230 230 228 468 235 462 456 230 494 494 262 235 255 489 494 462 1 229 267 215 228 227 230 255 455 494 239 494 233 494 241 228 2 494 112 1 1 494 228 231 493 26 461 494 494 1 228 1 494 228 286 230 494 235 494 230 493 458 10 1 232 1 494 1 31 491 232 228 1 235 8 494 9 228 405 466 10 1 1 494 461 13 1 228 494 4 457 487 1 
! --------------------------------------------------------
! All verification passed
