! Solving for graph /home/truongxuanhieu/CPLEX-MIP-for-MinSpanLabeling/benchmarks/abp/R-dwt__503.mtx.rnd
! Target value is set to 63
! Lower bound is set to 64
! Upper bound is set to 503
! Time limit is set to 1800
! Vertices mode is set to Has hole
! Target value mode is set to Antibandwidth
Version identifier: 22.2.0.0 | 2026-05-04 | 5dff98e58
CPXPARAM_TimeLimit                               1800
Tried aggregator 2 times.
MIP Presolve eliminated 2763 rows and 1257 columns.
MIP Presolve modified 253261 coefficients.
Aggregator did 7033 substitutions.
Reduced MIP has 13565 rows, 265316 columns, and 540425 nonzeros.
Reduced MIP has 256023 binaries, 3266 generals, 0 SOSs, and 6027 indicators.
Presolve time = 0.69 sec. (1550.46 ticks)
Probing time = 0.94 sec. (461.75 ticks)
Tried aggregator 1 time.
Detecting symmetries...
Reduced MIP has 13565 rows, 265316 columns, and 540425 nonzeros.
Reduced MIP has 256023 binaries, 3769 generals, 0 SOSs, and 6027 indicators.
Presolve time = 0.53 sec. (385.71 ticks)
Probing time = 0.13 sec. (50.48 ticks)
Clique table members: 7770.
MIP emphasis: balance optimality and feasibility.
MIP search method: dynamic search.
Parallel mode: deterministic, using up to 8 threads.
Root relaxation solution time = 0.60 sec. (490.29 ticks)

        Nodes                                         Cuts/
   Node  Left     Objective  IInf  Best Integer    Best Bound    ItCnt     Gap

      0     0       64.0000  1803                     64.0000     3167         
      0     0       64.0000  4385                  Cuts: 3491     6768         
      0     0       64.0000  4356                  Cuts: 3491     7914         
      0     0       64.0000  4308                  Cuts: 3491    10587         
      0     0       64.0000  4312                  Cuts: 2411    12049         
Detecting symmetries...
      0     2       64.0000  4312                     64.0000    12049         
Elapsed time = 30.79 sec. (42073.33 ticks, tree = 0.02 MB, solutions = 0)
      5     7       64.0000  4171                     64.0000    12318         
     12    12       64.0000  4264                     64.0000    12505         
     25    20       64.0000  4142                     64.0000    14381         
     48    29       64.0311  4707                     64.0000    16348         
     85    61       64.0000  4015                     64.0000    22795         
    121    95       64.0000  3799                     64.0000    25376         
    153   119       64.0000  3651                     64.0000    26005         
    191   101      105.0000  3559                     64.0000    28037         
    234   190       64.0000  3730                     64.0000    31403         
    364   329       64.0000  3610                     64.0000    39054         
Elapsed time = 35.09 sec. (45302.26 ticks, tree = 53.90 MB, solutions = 0)
    421   399      113.0000  3137                     64.0000    55706         
    449   442      138.0000  3241                     64.0000    73960         
    466   466      113.0000  3124                     64.0000    87524         
    518   487      113.0000  3081                     64.0000    91305         
    598   519      127.0000  2928                     64.0000    92073         
    687   621      138.0000  2849                     64.0000   101906         
    792   672      127.0000  2683                     64.0000   105959         
    875   779      127.0000  2690                     64.0000   113337         
    966   834      253.0000  2440                     64.0000   115426         
   1068   995      253.0000  2201                     64.0000   129083         
Elapsed time = 52.16 sec. (55041.11 ticks, tree = 215.61 MB, solutions = 0)
   1196  1054      190.0000  2359                     64.0000   134209         
   1300  1147      253.0000  2089                     64.0000   136717         
   1418  1256      190.0000  2242                     64.0000   143343         
   1534  1338      190.0000  2406                     64.0000   148341         
   1655  1524      190.0000  2185                     64.0000   157607         
   1790  1676      316.0000  1804                     64.0000   163912         
   1915  1818      316.0000  1825                     64.0000   168703         
   2034  1929      316.0000  1789                     64.0000   174621         
   2126  1997      253.0000  1851                     64.0000   177990         
   2251  2012      127.0000  2819                     64.0000   185116         
Elapsed time = 63.88 sec. (64646.23 ticks, tree = 479.90 MB, solutions = 0)
   2364  2216      379.0000  1608                     64.0000   193030         
   2508  2298      253.0000  1899                     64.0000   195563         
   2628  2450      316.0000  1883                     64.0000   202332         
   2759  2577      316.0000  1612                     64.0000   209821         
   2867  2718      316.0000  1582                     64.0000   218140         
   2967  2807      127.0000  3068                     64.0000   226445         
   3097  2821      253.0000  2020                     64.0000   221902         
   3217  3025      379.0000  1444                     64.0000   240305         
   3335  3074      316.0000  1625                     64.0000   241680         
   3457  3231      316.0000  1547                     64.0000   253904         
Elapsed time = 76.24 sec. (74263.56 ticks, tree = 796.36 MB, solutions = 0)
   3595  3342      316.0000  1480                     64.0000   263426         
   3705  3461      127.0000  2742                     64.0000   271769         
   3834  3549      253.0000  2251                     64.0000   280236         
   3974  3659      190.0000  2055                     64.0000   282993         
   4101  3786      442.0000  1625                     64.0000   289943         
   4220  3968      442.0000  1573                     64.0000   299355         
   4343  4062      442.0000  1273                     64.0000   310274         
   4450  4102      379.0000  1795                     64.0000   314294         
   4573  4289      379.0000  1736                     64.0000   325876         
   4709  4460      379.0000  1689                     64.0000   335824         
Elapsed time = 87.74 sec. (83854.44 ticks, tree = 1117.60 MB, solutions = 0)
   4858  4594      442.0000  1175                     64.0000   342398         
   4983  4690      253.0000  1692                     64.0000   348429         
   5108  4707      316.0000  1626                     64.0000   349275         
   5231  4938      127.0000  3013                     64.0000   367125         
   5331  5010      190.0000  2085                     64.0000   369907         
   5462  5081      379.0000  1437                     64.0000   377420         
   5580  5216      316.0000  1577                     64.0000   388413         
   5706  5296      316.0000  1454                     64.0000   389480         
   5849  5498      316.0000  1585                     64.0000   406894         
   5989  5519      316.0000  1562                     64.0000   407153         
Elapsed time = 99.41 sec. (93464.58 ticks, tree = 1395.59 MB, solutions = 0)
   6131  5818      190.0000  2289                     64.0000   423573         
   6278  5951      316.0000  1545                     64.0000   433966         
   6399  6065      220.0000  2238                     64.0000   438752         
   6540  6142      127.0000  2828                     64.0000   449054         
   6653  6334      442.0000  1169                     64.0000   460205         
   6754  6368      127.0000  2810                     64.0000   463751         
   6874  6499      253.0000  1859                     64.0000   473464         
   6967  6505       64.0000  3581                     64.0000   477821         
   7071  6743      190.0000  1923                     64.0000   498458         
   7196  6782      127.0000  2796                     64.0000   508425         
Elapsed time = 110.70 sec. (103060.83 ticks, tree = 1725.46 MB, solutions = 0)
   7285  6851      127.0000  2972                     64.0000   517213         
   7378  6868      127.0000  2750                     64.0000   518627         
   7479  7070      442.0000  1447                     64.0000   529650         
   7614  7125      127.0000  2957                     64.0000   544995         
   7759  7321      190.0000  2472                     64.0000   562437         
   7917  7337      190.0000  1995                     64.0000   557220         
   8066  7653      379.0000  1157                     64.0000   577945         
   8241  7635      190.0000  1907                     64.0000   574024         
   8414  7823      442.0000  1111                     64.0000   580176         
   8567  8134      442.0000  1053                     64.0000   593784         
Elapsed time = 121.88 sec. (112648.37 ticks, tree = 2083.56 MB, solutions = 0)
Nodefile size = 25.59 MB (14.30 MB after compression)
   8751  8090      253.0000  1711                     64.0000   590788         
   8908  8411      190.0000  2335                     64.0000   609566         
   9058  8372      379.0000   915                     64.0000   605788         
   9214  8712      379.0000   889                     64.0000   620414         
   9385  8810      190.0000  2064                     64.0000   625895         
   9546  9003      190.0000  2156                     64.0000   638515         
   9717  9205      127.0000  3172                     64.0000   643186         
   9870  9456      190.0000  2267                     64.0000   647477         
  10048  9500      190.0000  2855                     64.0000   651853         
  10227  9798      379.0000   714                     64.0000   661856         
Elapsed time = 134.23 sec. (122230.94 ticks, tree = 2525.02 MB, solutions = 0)
Nodefile size = 464.70 MB (262.56 MB after compression)
  10420  9677      253.0000  1948                     64.0000   660204         
  10581 10019      190.0000  2120                     64.0000   669412         
  10760 10179      190.0000  2491                     64.0000   676833         
  10896 10212      190.0000  2336                     64.0000   677065         
  11034 10531      190.0000  2308                     64.0000   701260         
  11171 10560      190.0000  2223                     64.0000   701431         
  11276 10624      190.0000  2107                     64.0000   709411         
  11299 10675      316.0000  2273                     64.0000   717505         
  11349 10958      190.0000  2287                     64.0000   736425         
  11872 11125      190.0000  2084                     64.0000   751457         
Elapsed time = 153.28 sec. (134884.91 ticks, tree = 2876.25 MB, solutions = 0)
Nodefile size = 800.11 MB (452.21 MB after compression)
  12391 11716      190.0000  2103                     64.0000   777064         
  13080 12167      190.0000  1968                     64.0000   800492         
  13783 13106      190.0000  1764                     64.0000   849057         
  14383 13432      127.0000  2870                     64.0000   871595         
  15104 14293      127.0000  2341                     64.0000   915682         
  15781 15017      190.0000  2174                     64.0000   951506         
  16578 15279       64.0000  3544                     64.0000   953401         
  17193 16289      190.0000  2195                     64.0000   999087         
  17800 16734      190.0000  1852                     64.0000  1032586         
  18034 17391      127.0000  2862                     64.0000  1067060         
Elapsed time = 203.55 sec. (173077.83 ticks, tree = 4543.56 MB, solutions = 0)
Nodefile size = 2477.29 MB (1397.98 MB after compression)
  18618 17720      127.0000  2295                     64.0000  1087972         
  19414 18343      190.0000  2524                     64.0000  1116822         
  20152 19154      253.0000  2271                     64.0000  1143156         
  20895 19778      253.0000  1817                     64.0000  1173249         
  21569 20307      190.0000  1900                     64.0000  1193641         
  22196 21041      190.0000  2045                     64.0000  1231006         
  22868 21399    infeasible                           64.0000  1249943         
  23472 22483      190.0000  2459                     64.0000  1314945         
  24097 22987      190.0000  2089                     64.0000  1351438         
  24593 23450      207.0000  2090                     64.0000  1396879         
Elapsed time = 251.64 sec. (211274.22 ticks, tree = 6163.78 MB, solutions = 0)
Nodefile size = 4093.36 MB (2310.01 MB after compression)
  25205 23769      192.0000  2437                     64.0000  1420430         
  25943 24497      251.0000  2268                     64.0000  1458822         
  26718 25055      127.0000  2944                     64.0000  1484317         
  27374 25826      190.0000  2550                     64.0000  1504248         
  28063 26486      253.0000  2000                     64.0000  1554168         
  28821 27004      253.0000  2248                     64.0000  1577423         
  29532 27631      190.0000  1973                     64.0000  1594468         
  30268 28631      285.0000  1949                     64.0000  1635141         
  30897 29616      190.0000  2158                     64.0000  1684752         
  31566 29974      127.0000  2793                     64.0000  1706322         
Elapsed time = 296.49 sec. (249456.09 ticks, tree = 7918.76 MB, solutions = 0)
Nodefile size = 5842.29 MB (3300.77 MB after compression)
  32281 30089      127.0000  2188                     64.0000  1707237         
  33001 30972      266.0000  2170                     64.0000  1750194         
  33609 31582      190.0000  2542                     64.0000  1784947         
  34266 32768      190.0000  2137                     64.0000  1850721         
  35173 32858      127.0000  3172                     64.0000  1854281         
  35722 33745      190.0000  2672                     64.0000  1897403         
  36053 34088      253.0000  2150                     64.0000  1905223         
  36371 34843      253.0000  1950                     64.0000  1948017         
  36975 34956      190.0000  2345                     64.0000  1958101         
  37519 35275      190.0000  2745                     64.0000  1964671         
Elapsed time = 350.73 sec. (287687.69 ticks, tree = 9350.78 MB, solutions = 0)
Nodefile size = 7239.71 MB (4093.93 MB after compression)
  38228 35829      190.0000  2222                     64.0000  2000730         
  38809 36223      190.0000  2374                     64.0000  2037900         
  39386 36962      127.0000  2366                     64.0000  2074924         
  40043 37290      190.0000  2397                     64.0000  2110426         
  40692 37735      190.0000  1941                     64.0000  2132355         
  41360 38191      181.0000  2855                     64.0000  2155380         
  42127 39755      128.0000  2501                     64.0000  2220935         
  42862 40015      190.0000  2080                     64.0000  2228165         
  43647 40236      190.0000  2183                     64.0000  2236190         
  44284 41428      127.0000  3260                     64.0000  2296985         
Elapsed time = 395.57 sec. (325878.94 ticks, tree = 11032.47 MB, solutions = 0)
Nodefile size = 8948.79 MB (5068.90 MB after compression)
  45028 41617      127.0000  3085                     64.0000  2304561         
  45684 42756      127.0000  2708                     64.0000  2349996         
  46350 43281    infeasible                           64.0000  2378870         
  47249 43961      191.0000  2076                     64.0000  2415827         
  47958 44035      190.0000  2420                     64.0000  2421477         
  48646 44781      253.0000  1833                     64.0000  2451125         
  49228 45818      190.0000  2508                     64.0000  2490989         
  49993 46564    infeasible                           64.0000  2534920         
  50742 46891      253.0000  2287                     64.0000  2548147         
  51584 47411      190.0000  2470                     64.0000  2569777         
Elapsed time = 439.75 sec. (364068.78 ticks, tree = 12689.14 MB, solutions = 0)
Nodefile size = 10595.86 MB (6008.21 MB after compression)
  52287 48218      159.0000  2712                     64.0000  2603367         
  53058 48912      190.0000  1895                     64.0000  2638019         
  53610 49280      190.0000  1999                     64.0000  2647514         
  54165 50080      190.0000  2207                     64.0000  2686613         
  54874 50313      190.0000  2334                     64.0000  2694702         
  55390 51412      127.0000  3510                     64.0000  2756429         
  56056 51612      190.0000  2498                     64.0000  2788393         
  56691 52048      127.0000  3005                     64.0000  2832076         
  57378 52429      190.0000  2184                     64.0000  2841739         
  58172 53158      127.0000  3383                     64.0000  2876285         
Elapsed time = 484.85 sec. (402238.86 ticks, tree = 14285.10 MB, solutions = 0)
Nodefile size = 12172.06 MB (6906.27 MB after compression)
  58984 54244      190.0000  2450                     64.0000  2910386         
  59666 54584      190.0000  2612                     64.0000  2931159         
  60386 55214      190.0000  2112                     64.0000  2965630         
  61072 55603      253.0000  2164                     64.0000  2984404         
  61852 56594      127.0000  3104                     64.0000  3016574         
  62453 57709      127.0000  3299                     64.0000  3054026         
  63212 57982      128.0000  2616                     64.0000  3072816         
  63874 58940      130.0000  2669                     64.0000  3130584         
  64590 59004      127.0000  3228                     64.0000  3134490         
  64876 59113      253.0000  2200                     64.0000  3142864         
Elapsed time = 529.07 sec. (440472.96 ticks, tree = 15940.35 MB, solutions = 0)
Nodefile size = 13824.35 MB (7846.81 MB after compression)

Performing restart 1

Repeating presolve.
Tried aggregator 1 time.
Reduced MIP has 13565 rows, 265316 columns, and 540425 nonzeros.
Reduced MIP has 256023 binaries, 3769 generals, 0 SOSs, and 6027 indicators.
Presolve time = 0.30 sec. (251.07 ticks)
Tried aggregator 1 time.
Reduced MIP has 13565 rows, 265316 columns, and 540425 nonzeros.
Reduced MIP has 256023 binaries, 3769 generals, 0 SOSs, and 6027 indicators.
Presolve time = 0.51 sec. (395.14 ticks)
Represolve time = 2.59 sec. (1437.45 ticks)
  64905     0       64.0000  4794                  Cuts: 3491  3191535         
  64905     0       64.0000  5058                  Cuts: 3491  3194791         
  64905     0       64.0000  5166                  Cuts: 3491  3198144         
  64905     0       64.0000  5288                  Cuts: 3491  3201121         
  64905     2       64.0000  4207                     64.0000  3201121         
  64956    42      127.0000  3348                     64.0000  3209996         
  65059   102      127.0000  3821                     64.0000  3254625         
  65261   261      193.0000  2913                     64.0000  3291988         
  65330   379      193.0000  2927                     64.0000  3324691         
  65633   463      190.0000  2885                     64.0000  3342934         
  66122   981      253.0000  2578                     64.0000  3369284         
  66545  1447      323.0000  2413                     64.0000  3394165         
  67062  1886      316.0000  2617                     64.0000  3416383         
  67443  2176      253.0000  2482                     64.0000  3434873         
Elapsed time = 706.42 sec. (657889.56 ticks, tree = 480.97 MB, solutions = 0)
  67769  2448      316.0000  2446                     64.0000  3470806         
  68166  2760      316.0000  2516                     64.0000  3502231         
  68457  3049      379.0000  2487                     64.0000  3522679         
  68765  3292      379.0000  2274                     64.0000  3537321         
  68766  3321    infeasible                           64.0000  3542183         
  69021  3543      253.0000  2717                     64.0000  3555615         
  69326  3835      380.0000  2229                     64.0000  3574555         
  69698  4235      277.0000  2570                     64.0000  3592040         
  70029  4376      253.0000  2641                     64.0000  3615368         
  70460  4918      482.0000  2021                     64.0000  3642945         
Elapsed time = 765.95 sec. (697204.06 ticks, tree = 1166.44 MB, solutions = 0)
  70827  5214      339.0000  2424                     64.0000  3660248         
  71098  5399      444.0000  2017                     64.0000  3682936         
  71416  5671      253.0000  2640                     64.0000  3721205         
  71789  6039      316.0000  2386                     64.0000  3742627         
  72142  6434      194.0000  2547                     64.0000  3767129         
  72414  6631      190.0000  3236                     64.0000  3785162         
  72645  6857      253.0000  2775                     64.0000  3811879         

Performing restart 2

Repeating presolve.
Tried aggregator 1 time.
Reduced MIP has 13565 rows, 265316 columns, and 576079 nonzeros.
Reduced MIP has 256023 binaries, 3769 generals, 0 SOSs, and 6027 indicators.
Presolve time = 0.30 sec. (279.12 ticks)
Tried aggregator 1 time.
Reduced MIP has 13565 rows, 265316 columns, and 576079 nonzeros.
Reduced MIP has 256023 binaries, 3769 generals, 0 SOSs, and 6027 indicators.
Presolve time = 0.54 sec. (403.90 ticks)
Represolve time = 5.21 sec. (4267.63 ticks)
  72662     0       64.0000  5335                  Cuts: 3491  3857565         
  72662     0       64.0000  5442                  Cuts: 3491  3861276         
  72662     0       64.0000  5388                  Cuts: 3491  3865496         
  72662     0       64.0000  5568                  Cuts: 3491  3869230         
  72662     0       66.9048  5917                  Cuts: 3491  3872499         
  72662     0       67.1449  6012                  Cuts: 3491  3875404         
  72662     0       67.1449  5587                  Cuts: 2759  3880077         
  72662     0       67.1449  5609                  Cuts: 3491  3883474         
  72662     0       68.3821  5404                  Cuts: 3491  3887323         
  72662     0       68.4794  5413                  Cuts: 3491  3889826         
  72662     2       68.4794  4464                     71.0248  3889826         
  72703    38      186.0000  2845                     71.0248  3894131         
  72832   139      193.0000  2654                     71.0248  3902921         
Elapsed time = 1277.96 sec. (1426651.29 ticks, tree = 15.52 MB, solutions = 0)
  72935   230      317.0000  2455                     79.6867  3941888         
  73081   357      316.0000  2536                     79.6867  3964135         
  73252   512      379.0000  2169                     79.6867  3982400         
  73443   697      379.0000  2115                     79.6867  3993595         
  73641   822      442.0000  2100                     79.6867  3998130         
  73825  1009      380.0000  2485                     79.6867  4003826         
  73942  1125      190.0000  2945                     79.6867  4015830         
  74070  1247      379.0000  2089                     79.6867  4033281         
  74207  1392      316.0000  2587                     79.6867  4057276         
  74346  1508      161.0000  3264                     79.6867  4074096         
Elapsed time = 1349.07 sec. (1464891.70 ticks, tree = 304.97 MB, solutions = 0)
  74500  1605      127.0000  3793                     79.6867  4082773         
  74666  1756      253.0000  2713                     79.6867  4093712         
  74840  1943      317.0000  2178                     79.6867  4101306         
  75017  2098      379.0000  2312                     79.6867  4118014         
  75183  2311      435.0000  2374                     79.6867  4128496         
  75381  2492      257.0000  2852                     79.6867  4145892         
  75742  2725      316.0000  2697                     79.6867  4154350         
  76080  3088      442.0000  1676                     79.6867  4172427         
  76331  3303      328.0000  2631                     79.6867  4180219         
  76639  3564      253.0000  2854                     79.6867  4212780         
Elapsed time = 1414.47 sec. (1503224.85 ticks, tree = 791.61 MB, solutions = 0)
  76947  3757      253.0000  2892                     79.6867  4236603         
  77095  4221      127.0000  4700                     79.6867  4285225         
  77195  4259      253.0000  3217                     79.6867  4313195         
  77305  4398      267.0000  3292                     79.6867  4345642         
  77429  4475      253.0000  3192                     79.6867  4364379         
  77553  4537      329.0000  2990                     79.6867  4372301         
  77690  4715    infeasible                           79.6867  4396748         
  77851  4862      395.0000  2657                     79.6867  4403891         
  78010  4963      320.0000  2480                     79.6867  4407740         
  78175  5109      384.0000  2553                     79.6867  4412305         
Elapsed time = 1482.20 sec. (1541620.26 ticks, tree = 1179.28 MB, solutions = 0)
  78335  5277      384.0000  2542                     79.6867  4417954         
  78498  5514      396.0000  2583                     79.6867  4437041         
  78648  5600      442.0000  2492                     79.6867  4445533         
  78785  5778      320.0000  2773                     79.6867  4458464         
  78906  5897      331.0000  2475                     79.6867  4471260         
  79052  5938      379.0000  2654                     79.6867  4473195         
  79191  6116      257.0000  2944                     79.6867  4508972         
  79322  6169      320.0000  2621                     79.6867  4513938         
  79459  6379      316.0000  2863                     79.6867  4533936         
  79583  6530      141.0000  4313                     79.6867  4547542         
Elapsed time = 1556.93 sec. (1579990.08 ticks, tree = 1542.02 MB, solutions = 0)
  79686  6584      190.0000  3167                     79.6867  4555540         
  79790  6767      380.0000  2467                     79.6867  4577727         
  79922  6880      190.0000  4191                     79.6867  4600194         
  80041  7019      379.0000  2453                     79.6867  4621769         
  80184  7096      316.0000  2795                     79.6867  4635164         
  80326  7237      379.0000  2451                     79.6867  4645491         
  80599  7337      316.0000  2627                     79.6867  4652019         
  80988  7619      316.0000  2576                     79.6867  4671731         
  81381  8016      442.0000  2375                     79.6867  4695036         
  81865  8362      264.0000  3077                     79.6867  4713091         
Elapsed time = 1620.37 sec. (1618392.80 ticks, tree = 2007.63 MB, solutions = 0)
  82181  8430      266.0000  2992                     79.6867  4714379         
  82320  9189      266.0000  2970                     79.6867  4766319         
  82445  9225      190.0000  3729                     79.6867  4772109         
  82581  9420      379.0000  2807                     79.6867  4798965         
  82715  9465      190.0000  3362                     79.6867  4813861         
  82840  9640      320.0000  2934                     79.6867  4829910         
  82981  9717      380.0000  2656                     79.6867  4840466         
  83129  9788      298.0000  2749                     79.6867  4842203         
  83258  9953      190.0000  3437                     79.6867  4867955         
  83404 10164      380.0000  2524                     79.6867  4878465         
Elapsed time = 1693.02 sec. (1656802.38 ticks, tree = 2466.99 MB, solutions = 0)
Nodefile size = 404.34 MB (239.41 MB after compression)
  83554 10336      379.0000  2595                     79.6867  4903260         
  83694 10357      379.0000  2545                     79.6867  4903870         
  83836 10608      253.0000  3152                     79.6867  4922969         
  83992 10613      380.0000  2506                     79.6867  4917798         
  84195 10919      316.0000  2544                     95.5000  4937710         
  84546 11024      382.0000  2321                     95.5000  4946077         
  84905 11136      321.0000  2582                     95.5000  4950351         
  85239 11337      320.0000  2637                     95.5000  4960808         
  85536 11861      447.0000  2135                     95.5000  4987632         
  85647 12168      190.0000  3586                     95.5000  5013283         
Elapsed time = 1759.08 sec. (1695114.44 ticks, tree = 2979.63 MB, solutions = 0)
Nodefile size = 918.95 MB (551.12 MB after compression)
  85760 12429      199.0000  3781                     95.5000  5027793         
  85887 12518      316.0000  2883                     95.5000  5057725         
  86033 12597      396.0000  2856                     95.5000  5075756         
  86189 12721      316.0000  2926                     95.5000  5087802         
  86349 12934      444.0000  2652                     95.5000  5107886         

GUB cover cuts applied:  147
Clique cuts applied:  563
Cover cuts applied:  435
Implied bound cuts applied:  1189
Flow cuts applied:  361
Mixed integer rounding cuts applied:  5115
Zero-half cuts applied:  159
Gomory fractional cuts applied:  6

Root node processing (before b&c):
  Real time             =   30.50 sec. (41912.25 ticks)
Parallel b&c, 8 threads:
  Real time             = 1770.31 sec. (1676232.25 ticks)
  Sync time (average)   =  323.18 sec.
  Wait time (average)   =    0.65 sec.
                          ------------
Total (root+branch&cut) = 1800.81 sec. (1718144.50 ticks)
! --------------------------------------------------------
! Problem is UNKNOWN
! CPLEX Status = AbortTimeLim
! --------------------------------------------------------
