! Solving for graph /home/truongxuanhieu/CPLEX-MIP-for-MinSpanLabeling/benchmarks/abp/T-dwt__592.mtx.rnd
! Target value is set to 113
! Lower bound is set to 114
! Upper bound is set to 592
! Time limit is set to 1800
! Vertices mode is set to Has hole
! Target value mode is set to Antibandwidth
Version identifier: 22.2.0.0 | 2026-05-04 | 5dff98e58
CPXPARAM_TimeLimit                               1800
Tried aggregator 2 times.
MIP Presolve eliminated 2257 rows and 1480 columns.
MIP Presolve modified 350760 coefficients.
Aggregator did 6288 substitutions.
Reduced MIP has 11986 rows, 360969 columns, and 730480 nonzeros.
Reduced MIP has 353016 binaries, 2849 generals, 0 SOSs, and 5104 indicators.
Presolve time = 0.92 sec. (1985.47 ticks)
Probing time = 1.21 sec. (595.37 ticks)
Tried aggregator 1 time.
Detecting symmetries...
Reduced MIP has 11986 rows, 360969 columns, and 730480 nonzeros.
Reduced MIP has 353016 binaries, 3441 generals, 0 SOSs, and 5104 indicators.
Presolve time = 0.68 sec. (512.25 ticks)
Probing time = 0.16 sec. (66.81 ticks)
Clique table members: 8654.
MIP emphasis: balance optimality and feasibility.
MIP search method: dynamic search.
Parallel mode: deterministic, using up to 8 threads.
Root relaxation solution time = 0.71 sec. (537.11 ticks)

        Nodes                                         Cuts/
   Node  Left     Objective  IInf  Best Integer    Best Bound    ItCnt     Gap

      0     0      114.0000  1618                    114.0000     2463         
      0     0      114.0000  4148                  Cuts: 3096     6966         
      0     0      114.0000  3861                  Cuts: 3096     8734         
      0     0      114.0000  3686                  Cuts: 3096    11151         
      0     0      114.0000  3850                  Cuts: 3096    13647         
Detecting symmetries...
      0     2      114.0000  3850                    114.0000    13647         
Elapsed time = 35.76 sec. (46967.80 ticks, tree = 0.02 MB, solutions = 0)
      5     7      114.0000  3644                    114.0000    13792         
     10     3      114.0000  3848                    114.0000    13653         
     18    13      114.0000  3847                    114.0000    14257         
     38    20      114.0000  3830                    114.0000    14944         
     80    56      114.0000  3579                    114.0000    18458         
     98    82      114.0000  3635                    114.0000    18648         
    148   108      114.0000  3740                    114.0000    18799         
    199   164      114.0000  3551                    114.0000    19094         
    249   187      114.0000  3482                    114.0000    19174         
    551   447      114.0000  3408                    114.0000    19918         
Elapsed time = 40.00 sec. (50148.12 ticks, tree = 85.75 MB, solutions = 0)
    760   674      114.0000  3417                    114.0000    20518         
    877   792      114.0000  3275                    114.0000    20709         
    915   894      191.0000  2900                    114.0000    31324         
    942   932      227.0000  2843                    114.0000    53655         
    946   934      227.0000  2442                    114.0000    56183         
    947   944      227.0000  2413                    114.0000    62317         
    962   959      227.0000  2360                    114.0000    62514         
    974   971      340.0000  2152                    114.0000    64335         
    992   984      439.0000  2031                    114.0000    64707         
   1066  1015      227.0000  2517                    114.0000    71774         
Elapsed time = 59.52 sec. (60730.08 ticks, tree = 229.71 MB, solutions = 0)
   1181  1055      227.0000  2409                    114.0000    76907         
   1271  1135      227.0000  2516                    114.0000    79461         
   1366  1273      227.0000  2455                    114.0000    84395         
   1456  1342      566.0000  1815                    114.0000    89420         
   1558  1501      227.0000  2400                    114.0000   101824         
   1667  1514      227.0000  2366                    114.0000   103041         
   1754  1662      340.0000  2084                    114.0000   108253         
   1834  1664      453.0000  1978                    114.0000   108642         
   1926  1856      566.0000  1714                    114.0000   115865         
   2040  1874      566.0000  1675                    114.0000   116037         
Elapsed time = 72.19 sec. (70340.80 ticks, tree = 468.58 MB, solutions = 0)
   2137  2036      340.0000  2018                    114.0000   119827         
   2250  2085      340.0000  2014                    114.0000   120329         
   2345  2192      566.0000  1789                    114.0000   123167         
   2451  2261      453.0000  1870                    114.0000   125344         
   2536  2403      453.0000  1683                    114.0000   130134         
   2621  2556      566.0000  1739                    114.0000   141258         
   2741  2530      566.0000  1591                    114.0000   140540         
   2858  2596      453.0000  1736                    114.0000   148706         
   2960  2828      566.0000  1667                    114.0000   154133         
   3058  2908      566.0000  1509                    114.0000   155168         
Elapsed time = 84.03 sec. (79938.97 ticks, tree = 755.91 MB, solutions = 0)
   3179  2985      566.0000  1644                    114.0000   160931         
   3311  3109      453.0000  1755                    114.0000   163807         
   3430  3177      566.0000  1604                    114.0000   164068         
   3524  3391      566.0000  1600                    114.0000   169264         
   3630  3483      227.0000  2688                    114.0000   176716         
   3760  3501      227.0000  2549                    114.0000   176973         
   3873  3665      566.0000  1517                    114.0000   180671         
   3994  3702      227.0000  2498                    114.0000   181416         
   4119  3949      340.0000  2051                    114.0000   184746         
   4217  4031      566.0000  1451                    114.0000   186116         
Elapsed time = 96.65 sec. (89526.37 ticks, tree = 1069.97 MB, solutions = 0)
   4336  4133      396.5000  2953                    114.0000   193239         
   4459  4253      510.0000  1530                    114.0000   195294         
   4580  4241      566.0000  1418                    114.0000   194800         
   4708  4420      566.0000  1395                    114.0000   201108         
   4825  4437      566.0000  1367                    114.0000   201331         
   4974  4628      566.0000  1356                    114.0000   205737         
   5098  4761      227.0000  2496                    114.0000   215855         
   5215  4927      453.0000  1759                    114.0000   220304         
   5322  4991      227.0000  2473                    114.0000   224581         
   5436  5086      284.0000  2222                    114.0000   230488         
Elapsed time = 110.15 sec. (99146.84 ticks, tree = 1364.62 MB, solutions = 0)
   5541  5130    infeasible                          114.0000   230873         
   5648  5314      227.0000  2401                    114.0000   240176         
   5753  5342      227.0000  2385                    114.0000   242405         
   5878  5471      340.0000  1988                    114.0000   247421         
   5993  5615      453.0000  1616                    114.0000   252215         
   6124  5697      227.0000  2221                    114.0000   257774         
   6250  5774      566.0000  1121                    114.0000   259940         
   6359  5862      340.0000  1963                    114.0000   268686         
   6485  5916      249.0000  2307                    114.0000   269999         
   6593  5991      566.0000  1083                    114.0000   272378         
Elapsed time = 121.75 sec. (108760.08 ticks, tree = 1615.15 MB, solutions = 0)
   6716  6124      566.0000  1056                    114.0000   281429         
   6857  6070      567.0000  1015                    114.0000   278676         
   7018  6179      340.0000  1759                    114.0000   285893         
   7238  6229    infeasible                          114.0000   288350         
   7408  6340    infeasible                          114.0000   291967         
   7521  6341      566.0000  1008                    114.0000   291980         
   7649  6428      566.0000  1046                    114.0000   292301         
   7767  6518      453.0000  1533                    114.0000   294854         
   7878  6606      227.0000  2101                    114.0000   319326         
   7977  6606      227.0000  2746                    114.0000   322348         
Elapsed time = 133.89 sec. (118347.95 ticks, tree = 1784.03 MB, solutions = 0)
   8083  6625      227.0000  2624                    114.0000   330907         
   8209  6731      566.0000  1006                    114.0000   351097         
   8321  6851      227.0000  2493                    114.0000   356349         
   8433  6858      566.0000  1492                    114.0000   356691         
   8530  6950      340.0000  1619                    114.0000   365199         
   8666  7018    infeasible                          114.0000   369748         
   8857  7062    infeasible                          114.0000   376981         
   9041  7098      227.0000  2405                    114.0000   378372         
   9211  7142      227.0000  2669                    114.0000   385033         
   9339  7161      227.0000  2566                    114.0000   385328         
Elapsed time = 144.68 sec. (127934.06 ticks, tree = 1936.79 MB, solutions = 0)
   9480  7242    infeasible                          114.0000   393391         
   9640  7256      347.0000  1992                    114.0000   393751         
   9791  7265    infeasible                          114.0000   393597         
   9951  7333      227.0000  2492                    114.0000   396802         
  10111  7453      341.0000  2301                    114.0000   398948         
  10256  7437    infeasible                          114.0000   402365         
  10409  7625      341.0000  2090                    114.0000   413841         
  10591  7691      566.0000  1445                    114.0000   413874         
  10773  7693      227.0000  2485                    114.0000   414354         
  11457  7913      340.0000  2263                    114.0000   423274         
Elapsed time = 159.67 sec. (140373.73 ticks, tree = 2140.16 MB, solutions = 0)
Nodefile size = 61.70 MB (29.18 MB after compression)
  12191  8376      227.0000  2599                    114.0000   433735         
  12859  8514    infeasible                          114.0000   434726         
  13521  8756      566.0000  1435                    114.0000   453004         
  14345  9014    infeasible                          114.0000   460375         
  15125  9196    infeasible                          114.0000   470436         
  15798  9593    infeasible                          114.0000   472112         
  16548  9985      227.0000  2546                    114.0000   499419         
  17348 10338      340.0000  2310                    114.0000   502120         
  18023 10705      227.0000  2492                    114.0000   510312         
  18698 10776      346.0000  1781                    114.0000   516087         
Elapsed time = 201.51 sec. (178593.22 ticks, tree = 2920.12 MB, solutions = 0)
Nodefile size = 854.11 MB (400.33 MB after compression)
  19300 11351      346.0000  1773                    114.0000   549669         
  20024 11484      171.0000  3124                    114.0000   571950         
  20829 11731      340.0000  2105                    114.0000   577822         
  21602 11890      227.0000  2821                    114.0000   584665         
  22380 12395      227.0000  2609                    114.0000   592841         
  23035 12668      227.0000  2477                    114.0000   610393         
  23646 12762      566.0000  1381                    114.0000   622730         
  24272 13035    infeasible                          114.0000   650278         
  24831 13209      340.0000  1934                    114.0000   664695         
  25497 13451      340.0000  1398                    114.0000   693953         
Elapsed time = 245.52 sec. (216783.91 ticks, tree = 3647.44 MB, solutions = 0)
Nodefile size = 1576.85 MB (733.99 MB after compression)
  26210 13683      340.0000  1829                    114.0000   718384         
  26965 14044    infeasible                          114.0000   738387         
  27662 14161      340.0000  1825                    114.0000   746847         
  28348 14496      340.0000  1811                    114.0000   754807         
  29059 14809      340.0000  1395                    114.0000   765583         
  29859 15079      132.1378  4052                    114.0000   771014         
  30457 15376    infeasible                          114.0000   789781         
  31128 16071      227.0000  2551                    114.0000   806637         
  31745 16184      340.0000  1395                    114.0000   819454         
  32389 16694      566.0000  1353                    114.0000   837002         
Elapsed time = 289.39 sec. (254968.81 ticks, tree = 4540.79 MB, solutions = 0)
Nodefile size = 2465.17 MB (1147.62 MB after compression)
  33202 16853      228.0000  2453                    114.0000   849190         
  33824 17476      340.0000  1675                    114.0000   862321         
  33944 17614      227.0000  2500                    114.0000   865785         
  34123 17881      227.0000  2451                    114.0000   889292         
  34457 17997      227.0000  2124                    114.0000   890924         
  34762 18152      340.0000  2102                    114.0000   896864         
  35192 18309      227.0000  2741                    114.0000   915325         
  35566 18924      284.0000  2423                    114.0000   948620         
  35983 19281      227.0000  2478                    114.0000   978133         
  36504 19566      228.0000  2360                    114.0000  1032624         
Elapsed time = 351.40 sec. (294543.89 ticks, tree = 5344.36 MB, solutions = 0)
Nodefile size = 3250.18 MB (1515.88 MB after compression)
  36986 19952      227.0000  2458                    114.0000  1053452         
  37366 20484      300.0000  2273                    114.0000  1093995         
  37830 20753      323.0000  2469                    114.0000  1100906         
  38335 21186      227.0000  2100                    114.0000  1140532         
  38902 21453      235.0000  2680                    114.0000  1147123         
  39529 21995      172.0000  3011                    114.0000  1188539         
  40095 22076      227.0000  2400                    114.0000  1190191         
  40664 22178      227.0000  2586                    114.0000  1199864         
  41279 22730      227.0000  2459                    114.0000  1222614         
  41796 22953      340.0000  1830                    114.0000  1234875         
Elapsed time = 394.82 sec. (332723.59 ticks, tree = 6294.44 MB, solutions = 0)
Nodefile size = 4213.49 MB (1964.75 MB after compression)
  42311 23232      227.0000  2703                    114.0000  1256432         
  42915 23464    infeasible                          114.0000  1261570         
  43497 23867      340.0000  1826                    114.0000  1293986         
  44022 23870      227.0000  2306                    114.0000  1294284         
  44577 24480      236.0000  2591                    114.0000  1317962         
  45179 24808      228.0000  2649                    114.0000  1359476         
  45780 25048      326.0000  2353                    114.0000  1369204         
  46015 25227    infeasible                          114.0000  1367612         
  46165 25796      340.0000  2253                    114.0000  1382680         
  46576 25854      227.0000  2548                    114.0000  1389594         
Elapsed time = 454.35 sec. (374887.51 ticks, tree = 7126.71 MB, solutions = 0)
Nodefile size = 5023.92 MB (2340.40 MB after compression)
  47106 26109      227.0000  2539                    114.0000  1406444         
  47656 26262      227.0000  2785                    114.0000  1440257         
  48141 26466      284.0000  2122                    114.0000  1447272         
  48672 27283      276.0000  2506                    114.0000  1498052         
  49199 27177      425.0000  1689                    114.0000  1497463         
  49776 27549      227.0000  2399                    114.0000  1510417         
  50340 28588      228.0000  2458                    114.0000  1556866         
  50924 28882      284.0000  2325                    114.0000  1565283         
  51625 29043      227.0000  2503                    114.0000  1572590         
  52207 29364      227.0000  2582                    114.0000  1583389         
Elapsed time = 495.67 sec. (413086.71 ticks, tree = 8136.30 MB, solutions = 0)
Nodefile size = 6025.63 MB (2806.25 MB after compression)
  52664 29803      227.0000  2767                    114.0000  1608677         
  53154 29916    infeasible                          114.0000  1603892         
  53656 30533    infeasible                          114.0000  1645783         
  54198 31054      227.0000  2727                    114.0000  1688971         
  54783 31418      272.0000  2613                    114.0000  1699097         
  55425 31806      228.0000  2501                    114.0000  1718456         
  55971 31966      258.0000  2580                    114.0000  1733582         
  56539 32142      227.0000  2457                    114.0000  1740284         
  57023 32391    infeasible                          114.0000  1746260         
  57507 32922      227.0000  2682                    114.0000  1769442         
Elapsed time = 536.37 sec. (451311.11 ticks, tree = 9162.69 MB, solutions = 0)
Nodefile size = 7063.12 MB (3288.48 MB after compression)
  58125 33335      284.0000  2298                    114.0000  1804145         
  58720 33471      227.0000  2592                    114.0000  1823478         
  59145 33844      171.0000  3055                    114.0000  1839685         
  59647 34260      184.0000  2797                    114.0000  1883474         
  60088 34607    infeasible                          114.0000  1901277         
  60537 34917      181.0000  2804                    114.0000  1937562         
  61030 35316      231.0000  2631                    114.0000  1959574         
  61488 35380      173.0000  2951                    114.0000  1975332         
  62032 36105    infeasible                          114.0000  2010668         
  62742 36504      228.0000  2553                    114.0000  2043722         
Elapsed time = 579.69 sec. (489502.24 ticks, tree = 10198.93 MB, solutions = 0)
Nodefile size = 8112.56 MB (3783.61 MB after compression)
  63306 36705      253.0000  2660                    114.0000  2050728         
  63921 37186    infeasible                          114.0000  2064039         
  64487 37824      230.0000  2587                    114.0000  2094760         
  65027 37803    infeasible                          114.0000  2094691         
  65514 38233      243.0000  2633                    114.0000  2120647         
  66025 38684      227.0000  2468                    114.0000  2131812         
  66659 39201      312.0000  2424                    114.0000  2169078         
  67265 39506      280.0000  2617                    114.0000  2178641         
  67813 39813      425.0000  1526                    114.0000  2197913         
  68351 40490      235.0000  2667                    114.0000  2221940         
Elapsed time = 622.32 sec. (527714.57 ticks, tree = 11355.72 MB, solutions = 0)
Nodefile size = 9265.78 MB (4325.50 MB after compression)
  68876 40553      425.0000  1526                    114.0000  2228102         
  69346 41085      229.0000  2430                    114.0000  2247660         
  69860 41144      228.0000  2274                    114.0000  2248510         
  70506 41851      227.0000  2536                    114.0000  2291190         
  71101 41880      425.0000  1524                    114.0000  2300333         
  71172 42679    infeasible                          114.0000  2323205         
  71174 42239      351.0000  2201                    114.0000  2310643         
  71405 42822      171.0000  3216                    114.0000  2333779         
  71784 42864      227.0000  2647                    114.0000  2339561         
  72193 42975      228.0000  2608                    114.0000  2345436         
Elapsed time = 686.60 sec. (569027.58 ticks, tree = 12078.93 MB, solutions = 0)
Nodefile size = 9981.66 MB (4662.09 MB after compression)
  72642 43387      227.0000  2328                    114.0000  2364452         
  73042 44106      171.0000  3067                    114.0000  2439818         
  73471 44180      232.0000  2626                    114.0000  2412106         
  73918 44385      346.0000  2260                    114.0000  2441157         
  74274 44911      333.0000  2424                    114.0000  2489967         
  74690 45369      228.0000  2500                    114.0000  2518779         
  75151 46289      228.0000  2403                    114.0000  2593688         
  75599 45945      232.0000  2605                    114.0000  2582496         
  76091 47074      443.0000  2466                    114.0000  2644779         
  76692 47085      301.0000  2342                    114.0000  2640283         
Elapsed time = 727.38 sec. (607207.10 ticks, tree = 13280.54 MB, solutions = 0)
Nodefile size = 11154.46 MB (5214.34 MB after compression)
  77179 47519      227.0000  2596                    114.0000  2674718         
  77697 47575      227.0000  2498                    114.0000  2677116         
  78250 48279      244.0000  2687                    114.0000  2713836         
  78817 48822      285.0000  2228                    114.0000  2745679         
  79283 49078    infeasible                          114.0000  2762626         
  79846 49401      280.0000  2638                    114.0000  2781756         
  80504 49785    infeasible                          114.0000  2815034         
  81091 50355      228.0000  2698                    114.0000  2833734         
  81704 50614      227.0000  2680                    114.0000  2849750         
  82329 51042      286.0000  2201                    114.0000  2870713         
Elapsed time = 769.09 sec. (645405.49 ticks, tree = 14435.45 MB, solutions = 0)
Nodefile size = 12345.01 MB (5780.85 MB after compression)
  82785 51224      227.0000  2895                    114.0000  2877849         
  83232 51947      227.0000  2611                    114.0000  2910162         
  83891 52113      228.0000  2504                    114.0000  2915302         
  84393 53146      285.0000  2257                    114.0000  2992248         
  84860 53329      171.0000  2779                    114.0000  3005734         
  85309 53357      284.0000  2229                    114.0000  3010082         
  85661 53860      227.0000  2254                    114.0000  3024653         
  85964 54692      196.0000  2791                    114.0000  3100594         
  86382 54713      318.0000  2312                    114.0000  3111264         
  86757 54909      228.0000  2459                    114.0000  3136837         
Elapsed time = 811.57 sec. (683633.43 ticks, tree = 15568.55 MB, solutions = 0)
Nodefile size = 13477.42 MB (6313.96 MB after compression)
  87177 55528      227.0000  2678                    114.0000  3180744         
  87527 55779      227.0000  2610                    114.0000  3216513         
  87898 56129      341.0000  2323                    114.0000  3226728         
  88272 56441      227.0000  2599                    114.0000  3282427         
  88689 56630      228.0000  2014                    114.0000  3291394         
  89069 57080      227.0000  2486                    114.0000  3334951         
  89432 57728      227.0000  2474                    114.0000  3415605         
  89732 57830      340.0000  2408                    114.0000  3435681         
  90098 58232      321.0000  2452                    114.0000  3481827         
  90478 58719      357.0000  2419                    114.0000  3545626         
Elapsed time = 852.29 sec. (721873.98 ticks, tree = 16688.78 MB, solutions = 0)
Nodefile size = 14589.19 MB (6841.29 MB after compression)
  90960 58841      171.0000  3141                    114.0000  3570661         
  91420 58870      228.0000  2448                    114.0000  3557409         
  91800 59670      227.0000  2549                    114.0000  3616017         
  92134 59711      227.0000  2509                    114.0000  3621687         
  92480 60512      236.0000  2733                    114.0000  3690123         
  92900 60869      249.0000  2609                    114.0000  3724596         
  93357 61009      213.0000  2847                    114.0000  3748044         
  93806 61222      213.0000  2857                    114.0000  3769455         
  94280 61729      180.0000  2661                    114.0000  3806393         
  94728 61987      228.0000  1673                    114.0000  3839249         
Elapsed time = 893.98 sec. (760102.70 ticks, tree = 17650.14 MB, solutions = 0)
Nodefile size = 15554.98 MB (7299.74 MB after compression)
  95291 62658      324.0000  2362                    114.0000  3867586         
  95876 62780      228.0000  1652                    114.0000  3878729         
  96540 63496    infeasible                          114.0000  3906094         
  97291 63639      228.0000  1652                    114.0000  3911718         
  98004 63973      227.0000  2668                    114.0000  3920160         
  98618 64167      282.0000  2677                    114.0000  3926643         
  99255 64613      227.0000  2473                    114.0000  3957235         
  99826 65036      227.0000  2532                    114.0000  3969037         
 100320 65418      227.0000  2618                    114.0000  3983721         
 100877 66150    infeasible                          114.0000  4014913         
Elapsed time = 936.52 sec. (798318.50 ticks, tree = 18874.86 MB, solutions = 0)
Nodefile size = 16776.35 MB (7877.91 MB after compression)
 101439 66151      228.0000  2665                    114.0000  4014995         
 102011 66906      260.0000  2612                    114.0000  4044994         
 102536 67131      227.0000  2534                    114.0000  4057736         
 103045 67859      227.0000  2751                    114.0000  4094040         
 103501 67915      228.0000  2205                    114.0000  4096629         
 104036 68319      324.0000  2306                    114.0000  4130544         
 104476 68580      227.0000  2770                    114.0000  4154441         
 104905 69152      341.0000  2261                    114.0000  4184662         
 105427 69587      228.0000  2345                    114.0000  4220292         
 105915 69956      228.0000  1588                    114.0000  4238966         
Elapsed time = 980.57 sec. (836546.96 ticks, tree = 19996.36 MB, solutions = 0)
Nodefile size = 17899.93 MB (8409.34 MB after compression)
 106357 70143      227.0000  2698                    114.0000  4249008         
 106481 70143      227.0000  2698                    114.0000  4249073         
 106483 70700      449.0000  2015                    114.0000  4278007         
 106793 70916      227.0000  2498                    114.0000  4293198         
 107287 70976      228.0000  2559                    114.0000  4292150         
 107803 70962      229.0000  2716                    114.0000  4301144         
 108218 71232      228.0000  2700                    114.0000  4328847         
 108621 71899      340.0000  2276                    114.0000  4383683         
 108984 71649      171.0000  2811                    114.0000  4359464         
 109385 72313      227.0000  2487                    114.0000  4418925         
Elapsed time = 1052.98 sec. (878672.07 ticks, tree = 20692.24 MB, solutions = 0)
Nodefile size = 18594.02 MB (8739.03 MB after compression)
 109755 72716      228.0000  2683                    114.0000  4457304         
 110149 73376      227.0000  2506                    114.0000  4521268         
 110616 73299      340.0000  2232                    114.0000  4524188         
 111064 73709      320.0000  2535                    114.0000  4535030         
 111521 74374      228.0000  2406                    114.0000  4588732         
 111995 74998      228.0000  2539                    114.0000  4610169         
 112471 75273      227.0000  2458                    114.0000  4621483         
 113003 75582      227.0000  2517                    114.0000  4641931         
 113648 75871      227.0000  2577                    114.0000  4650654         
 114285 76166      172.0000  2927                    114.0000  4658062         
Elapsed time = 1096.52 sec. (916863.98 ticks, tree = 21832.07 MB, solutions = 0)
Nodefile size = 19711.38 MB (9271.35 MB after compression)
 114774 77451      228.0000  2508                    114.0000  4704405         
 115250 77897      227.0000  2653                    114.0000  4731186         
 115690 78287      227.0000  2577                    114.0000  4754868         
 116097 78971      215.0000  2568                    114.0000  4798918         
 116550 79359      352.0000  2263                    114.0000  4813428         
 116990 79686      227.0000  2484                    114.0000  4836486         
 117531 79943      285.0000  2266                    114.0000  4845773         
 118078 80222      285.0000  2374                    114.0000  4859039         
 118574 80484      228.0000  2646                    114.0000  4868621         
 119072 81084      228.0000  2541                    114.0000  4880100         
Elapsed time = 1141.06 sec. (955100.30 ticks, tree = 23286.20 MB, solutions = 0)
Nodefile size = 21169.41 MB (9964.54 MB after compression)
 119758 81712    infeasible                          114.0000  4917238         
 120320 82212      301.0000  2304                    114.0000  4926070         
 120823 82781      227.0000  2610                    114.0000  4957285         
 121363 83075      228.0000  2458                    114.0000  4970452         
 121743 83400      228.0000  2482                    114.0000  4999183         
 122155 83763      228.0000  2535                    114.0000  5009951         
 122536 84191      171.0000  3105                    114.0000  5048069         
 122923 84898      324.0000  2462                    114.0000  5083671         
 123247 84773      306.0000  2297                    114.0000  5095419         
 123598 85221      227.0000  2655                    114.0000  5131006         
Elapsed time = 1184.54 sec. (993310.24 ticks, tree = 24509.88 MB, solutions = 0)
Nodefile size = 22410.09 MB (10565.58 MB after compression)
 124035 86211      114.0000  3337                    114.0000  5202541         
 124424 86390      227.0000  2271                    114.0000  5228723         
 124849 86882      227.0000  2657                    114.0000  5263991         
 125297 86940      228.0000  2571                    114.0000  5266479         
 125679 87270      227.0000  2558                    114.0000  5293139         
 126067 88132      279.0000  2477                    114.0000  5350515         
 126486 87964      319.0000  2562                    114.0000  5324819         
 126923 88972      260.0000  2697                    114.0000  5416016         
 127405 88436      228.0000  2474                    114.0000  5374319         
 127839 89798      228.0000  2286                    114.0000  5465103         
Elapsed time = 1228.66 sec. (1031580.83 ticks, tree = 25868.11 MB, solutions = 0)
Nodefile size = 23779.81 MB (11220.50 MB after compression)
 128345 89987      227.0000  2525                    114.0000  5472045         
 128921 90327      227.0000  2997                    114.0000  5507002         
 129579 90870      227.0000  2695                    114.0000  5531964         
 130063 91483      228.0000  2571                    114.0000  5552381         
 130666 91664      228.0000  2526                    114.0000  5563356         
 131229 92355      170.5000  3799                    114.0000  5592470         
 131700 92945      228.0000  2473                    114.0000  5608397         
 132328 93001    infeasible                          114.0000  5609000         
 132909 93234      227.0000  2665                    114.0000  5620134         
 133526 93925    infeasible                          114.0000  5650035         
Elapsed time = 1273.49 sec. (1069790.35 ticks, tree = 27093.75 MB, solutions = 0)
Nodefile size = 24997.51 MB (11803.92 MB after compression)
 134183 94972      227.0000  2563                    114.0000  5690237         
 134741 94870      247.0000  2589                    114.0000  5688323         
 135269 95414      228.0000  2317                    114.0000  5710220         
 135784 96063      227.0000  2535                    114.0000  5742864         
 136180 96022      243.0000  2535                    114.0000  5741590         
 136582 96381      314.0000  2260                    114.0000  5758986         
 137074 96698      208.0000  2723                    114.0000  5791096         
 137541 97431      227.0000  2555                    114.0000  5819940         
 137987 97591      227.0000  2617                    114.0000  5825020         
 138569 98295      228.0000  2570                    114.0000  5861923         
Elapsed time = 1317.22 sec. (1108027.09 ticks, tree = 28390.32 MB, solutions = 0)
Nodefile size = 26278.70 MB (12417.69 MB after compression)
 139003 98592      228.0000  2384                    114.0000  5882781         
 139420 99693      228.0000  2539                    114.0000  5932407         
 139865 99108      228.0000  2502                    114.0000  5904018         
 140298 99972    infeasible                          114.0000  5943306         
 140685 100202      227.0000  2609                    114.0000  5967381         
 141147 100453      228.0000  2304                    114.0000  5979032         
 141581 101104      332.0000  2336                    114.0000  6028369         
 142012 101675      227.0000  2536                    114.0000  6079435         
 142482 102425      299.0000  2347                    114.0000  6112396         
 142862 101981      227.0000  2486                    114.0000  6101626         
Elapsed time = 1360.61 sec. (1146252.38 ticks, tree = 29487.29 MB, solutions = 0)
Nodefile size = 27371.99 MB (12944.53 MB after compression)
 143306 102812      358.0000  2159                    114.0000  6131625         
 143800 103494      320.0000  2303                    114.0000  6174698         
 144292 104069      227.0000  2792                    114.0000  6221177         
 144918 103858    infeasible                          114.0000  6183003         
 145504 104490      228.0000  2420                    114.0000  6245900         
 146012 105310      239.0000  2733                    114.0000  6261533         
 146530 105245      227.0000  2368                    114.0000  6262862         
 147049 106137      227.0000  2284                    114.0000  6297812         
 147567 106774      346.0000  2288                    114.0000  6318125         
 148077 107224      344.0000  2428                    114.0000  6338620         
Elapsed time = 1405.20 sec. (1184477.25 ticks, tree = 31047.28 MB, solutions = 0)
Nodefile size = 28938.61 MB (13697.64 MB after compression)
 148574 106956      196.0000  2684                    114.0000  6333252         
 149005 108013      228.0000  2415                    114.0000  6385946         
 149616 107978      302.0000  2401                    114.0000  6380869         
 150324 108729      213.0000  2836                    114.0000  6431317         
 150924 108839      239.0000  2621                    114.0000  6431665         
 151407 109711      228.0000  2454                    114.0000  6462319         
 151998 110741      286.0000  2363                    114.0000  6499486         
 152402 110970    infeasible                          114.0000  6509890         
 152843 110940      341.0000  2163                    114.0000  6508711         
 153396 111850      265.0000  2528                    114.0000  6577747         
Elapsed time = 1451.92 sec. (1222682.16 ticks, tree = 32423.59 MB, solutions = 0)
Nodefile size = 30331.27 MB (14366.27 MB after compression)
 153821 112392      340.0000  2159                    114.0000  6603830         
 154152 112806      171.0000  2921                    114.0000  6620844         
 154434 112737      227.0000  2573                    114.0000  6622272         
 154766 113254      228.0000  2620                    114.0000  6665963         
 155129 113607      227.0000  2554                    114.0000  6728296         
 155474 114078      284.0000  2110                    114.0000  6773644         
 155749 113932      228.0000  2704                    114.0000  6772646         
 156148 114344      292.0000  2566                    114.0000  6797857         
 156594 114907      228.0000  2596                    114.0000  6892342         
 156958 115068      171.0000  2969                    114.0000  6897460         
Elapsed time = 1515.70 sec. (1260943.60 ticks, tree = 33384.02 MB, solutions = 0)
Nodefile size = 31272.72 MB (14819.48 MB after compression)
 157085 115182      296.0000  2273                    114.0000  6913121         
 157090 115275      340.0000  2524                    114.0000  6922886         
 157252 116042      354.0000  2410                    114.0000  6977621         
 157648 115989      228.0000  2465                    114.0000  6983499         
 158062 116048      228.0000  2339                    114.0000  6984530         
 158480 116953      172.0000  2794                    114.0000  7030759         
 158932 117318      275.0000  2796                    114.0000  7046937         
 159384 117778      227.0000  2732                    114.0000  7062615         
 159835 117846      227.0000  2500                    114.0000  7064199         
 160237 118748      227.0000  2407                    114.0000  7115387         
Elapsed time = 1566.66 sec. (1302472.71 ticks, tree = 34482.12 MB, solutions = 0)
Nodefile size = 32390.76 MB (15361.90 MB after compression)
 160675 119044      336.0000  2464                    114.0000  7128352         
 161167 119129      228.0000  2536                    114.0000  7131649         
 161683 119607      275.0000  2616                    114.0000  7151058         
 162325 120017      227.0000  2410                    114.0000  7192679         
 162941 120574      229.0000  2610                    114.0000  7212166         
 163350 121275      326.0000  2471                    114.0000  7232934         
 163847 121820      227.0000  2563                    114.0000  7265776         
 164345 122255      228.0000  2557                    114.0000  7286484         
 164766 122318      228.0000  2447                    114.0000  7287519         
 165192 122559      237.0000  2644                    114.0000  7303092         
Elapsed time = 1611.88 sec. (1340698.55 ticks, tree = 35617.42 MB, solutions = 0)
Nodefile size = 33506.62 MB (15905.42 MB after compression)
 165747 123330      236.0000  2620                    114.0000  7347769         
 166227 124028      238.0000  2572                    114.0000  7368406         
 166789 123666      227.0000  2543                    114.0000  7359676         
 167390 124148      227.0000  2735                    114.0000  7379005         
 167920 125313      227.0000  2670                    114.0000  7423413         
 168488 125246    infeasible                          114.0000  7422027         
 169027 125510      245.0000  2533                    114.0000  7431576         
 169516 126452      309.0000  2326                    114.0000  7472894         
 169991 126285      227.0000  2661                    114.0000  7465251         
 170416 127341      228.0000  2518                    114.0000  7525429         
Elapsed time = 1658.48 sec. (1378937.74 ticks, tree = 37042.83 MB, solutions = 0)
Nodefile size = 34939.63 MB (16598.04 MB after compression)
 170892 127098      305.0000  2350                    114.0000  7526492         
 171259 127953      283.0000  2601                    114.0000  7553800         
 171646 128115      227.0000  2502                    114.0000  7592835         
 172055 128443      299.0000  2297                    114.0000  7595136         
 172528 129277      227.0000  2705                    114.0000  7673392         
 172913 129432      234.0000  2726                    114.0000  7678255         
 173305 130246      228.0000  2304                    114.0000  7733618         
 173656 130434      315.0000  2501                    114.0000  7737764         
 173980 130732      171.0000  2940                    114.0000  7795846         
 174447 131102      292.0000  2578                    114.0000  7818652         
Elapsed time = 1703.69 sec. (1417139.71 ticks, tree = 38167.88 MB, solutions = 0)
Nodefile size = 36053.99 MB (17136.17 MB after compression)
 174930 130991      227.0000  2615                    114.0000  7821227         
 175351 131423      227.0000  2772                    114.0000  7839152         
 175710 132253      247.0000  2788                    114.0000  7890499         
 176096 133005      228.0000  2541                    114.0000  7950917         
 176588 132540      227.0000  2632                    114.0000  7904688         
 177086 133125      313.0000  2348                    114.0000  7955330         
 177613 133924      318.0000  2501                    114.0000  8000124         
 178176 133895      319.0000  2483                    114.0000  7991214         
 178651 134474      227.0000  2760                    114.0000  8032088         
 179226 135310      363.0000  2329                    114.0000  8058588         
Elapsed time = 1749.53 sec. (1455348.29 ticks, tree = 39425.53 MB, solutions = 0)
Nodefile size = 37308.28 MB (17739.71 MB after compression)
 179837 135148      172.0000  2901                    114.0000  8051663         
 180445 136324      187.0000  2810                    114.0000  8094889         
 181150 136627      314.0000  2510                    114.0000  8104328         
 181665 136983      270.0000  2479                    114.0000  8113499         
 182148 137756      284.0000  2300                    114.0000  8136605         
 182579 138327      227.0000  2385                    114.0000  8157225         
 183011 138954      227.0000  2546                    114.0000  8191740         
 183387 139138      237.0000  2667                    114.0000  8212120         
 183854 139598      114.0000  3378                    114.0000  8224525         
 184283 139925      227.0000  2339                    114.0000  8259032         
Elapsed time = 1794.37 sec. (1493543.02 ticks, tree = 40806.78 MB, solutions = 0)
Nodefile size = 38697.45 MB (18408.59 MB after compression)
 184704 140829      228.0000  2313                    114.0000  8308975         
 184922 140230      235.0000  2456                    114.0000  8286400         

Clique cuts applied:  294
Cover cuts applied:  40
Implied bound cuts applied:  5866
Mixed integer rounding cuts applied:  3588
Zero-half cuts applied:  259

Root node processing (before b&c):
  Real time             =   35.40 sec. (46772.68 ticks)
Parallel b&c, 8 threads:
  Real time             = 1768.45 sec. (1454909.35 ticks)
  Sync time (average)   =  466.09 sec.
  Wait time (average)   =    0.00 sec.
                          ------------
Total (root+branch&cut) = 1803.84 sec. (1501682.03 ticks)
! --------------------------------------------------------
! Problem is UNKNOWN
! CPLEX Status = AbortTimeLim
! --------------------------------------------------------
