! Solving for graph /home/truongxuanhieu/CPLEX-MIP-for-MinSpanLabeling/benchmarks/abp/X-can__715.mtx.rnd
! Target value is set to 116
! Lower bound is set to 117
! Upper bound is set to 715
! Time limit is set to 1800
! Vertices mode is set to Has hole
! Target value mode is set to Antibandwidth
Version identifier: 22.2.0.0 | 2026-05-04 | 5dff98e58
CPXPARAM_TimeLimit                               1800
Tried aggregator 2 times.
MIP Presolve eliminated 2976 rows and 1787 columns.
MIP Presolve modified 511583 coefficients.
Aggregator did 8095 substitutions.
Reduced MIP has 15477 rows, 524914 columns, and 1060896 nonzeros.
Reduced MIP has 514558 binaries, 3691 generals, 0 SOSs, and 6665 indicators.
Presolve time = 1.36 sec. (3371.01 ticks)
Probing time = 1.57 sec. (814.78 ticks)
Tried aggregator 2 times.
Detecting symmetries...
Aggregator did 3 substitutions.
Reduced MIP has 15474 rows, 524911 columns, and 1060893 nonzeros.
Reduced MIP has 514558 binaries, 4403 generals, 0 SOSs, and 6665 indicators.
Presolve time = 1.26 sec. (904.02 ticks)
Probing time = 0.25 sec. (94.63 ticks)
Clique table members: 10550.
MIP emphasis: balance optimality and feasibility.
MIP search method: dynamic search.
Parallel mode: deterministic, using up to 8 threads.
Root relaxation solution time = 1.12 sec. (805.97 ticks)

        Nodes                                         Cuts/
   Node  Left     Objective  IInf  Best Integer    Best Bound    ItCnt     Gap

      0     0      117.0000  2038                    117.0000     3339         
      0     0      117.0000  5284                  Cuts: 3968     7592         
      0     0      117.0000  4719                  Cuts: 3968     9295         
      0     0      117.0000  4610                  Cuts: 3968    12115         
      0     0      117.0000  4574                  Cuts: 3968    14977         
      0     0      117.0000  4735                  Cuts: 2026    16876         
      0     2      117.0000  4735                    117.0000    16876         
Elapsed time = 84.34 sec. (114227.66 ticks, tree = 0.02 MB, solutions = 0)
      4     6      117.0000  4590                    117.0000    16964         
      6     3      117.0000  4630                    117.0000    17066         
      9     6      117.0000  4578                    117.0000    17073         
     16    14      117.0000  4552                    117.0000    18447         
     25    20      117.0000  4464                    117.0000    18523         
     41     8      224.0000  3568                    117.0000    21301         
     51    29      117.0000  4320                    117.0000    22053         
     66    56      117.0000  4314                    117.0000    27031         
     88    73      117.0000  4219                    117.0000    28363         
    152   122      224.0000  3476                    117.0000    35542         
Elapsed time = 88.72 sec. (117660.04 ticks, tree = 22.03 MB, solutions = 0)
    231   187      233.0000  3460                    117.0000    38545         
    290   260      117.0000  4019                    117.0000    44153         
    330   309      233.0000  3232                    117.0000    50759         
    353   329      117.0000  4088                    117.0000    61033         
    370   333      232.0000  3505                    117.0000    74622         
    382   371      233.0000  3468                    117.0000    99133         
    392   373      117.0000  4007                    117.0000   103379         
    394   385      349.0000  2915                    117.0000   114228         
    409   402      349.0000  3032                    117.0000   124313         
    426   420      349.0000  3000                    117.0000   124751         
Elapsed time = 111.44 sec. (128961.68 ticks, tree = 111.46 MB, solutions = 0)
    436   428      349.0000  2902                    117.0000   125885         
    446   439      456.0000  2863                    117.0000   125641         
    452   434      233.0000  3241                    117.0000   125983         
    472   462      349.0000  2906                    117.0000   126798         
    494   482      349.0000  2910                    117.0000   128245         
    532   479      291.0000  3043                    117.0000   128823         
    584   536      233.0000  3193                    117.0000   132361         
    635   544      233.0000  3172                    117.0000   133275         
    675   590      233.0000  3310                    117.0000   142445         
    717   631      465.0000  2611                    117.0000   144948         
Elapsed time = 133.95 sec. (139114.90 ticks, tree = 187.44 MB, solutions = 0)
    752   686      233.0000  3438                    117.0000   157698         
    807   746      233.0000  3260                    117.0000   162558         
    856   694      349.0000  3092                    117.0000   159446         
    909   806      465.0000  2468                    117.0000   170451         
    967   783      242.4230  4147                    117.0000   168968         
   1032   894      465.0000  2563                    117.0000   178104         
   1103   926      233.0000  3131                    117.0000   184530         
   1159  1022      697.0000  2407                    117.0000   188329         
   1220  1063      349.0000  2615                    117.0000   192657         
   1267  1166      697.0000  2364                    117.0000   196991         
Elapsed time = 147.19 sec. (148790.40 ticks, tree = 387.01 MB, solutions = 0)
   1314  1217      349.0000  2647                    117.0000   200567         
   1365  1256      349.0000  2838                    117.0000   205551         
   1426  1284      581.0000  2235                    117.0000   206268         
   1470  1269      349.0000  2741                    117.0000   206686         
   1514  1438      465.0000  2533                    117.0000   217236         
   1577  1420      581.0000  2129                    117.0000   217025         
   1632  1454      349.0000  3077                    117.0000   225493         
   1689  1595      349.0000  2811                    117.0000   234156         
   1740  1614      697.0000  2237                    117.0000   235118         
   1804  1674      465.0000  2412                    117.0000   242544         
Elapsed time = 159.70 sec. (158505.14 ticks, tree = 582.33 MB, solutions = 0)
   1847  1741      697.0000  2046                    117.0000   246595         
   1898  1783      233.0000  3428                    117.0000   261680         
   1940  1753      233.0000  3389                    117.0000   258224         
   1991  1874      349.0000  2766                    117.0000   265246         
   2047  1907      233.0000  3309                    117.0000   270722         
   2094  1911      233.0000  3249                    117.0000   270177         
   2151  1968      697.0000  1918                    117.0000   283110         
   2211  1965      581.0000  2317                    117.0000   284096         
   2286  2100      581.0000  2301                    117.0000   290033         
   2349  2087      581.0000  2200                    117.0000   288851         
Elapsed time = 173.14 sec. (168133.87 ticks, tree = 742.81 MB, solutions = 0)
   2424  2211      697.0000  1831                    117.0000   294465         
   2495  2301      581.0000  2258                    117.0000   300419         
   2556  2307      581.0000  2212                    117.0000   300785         
   2629  2470      581.0000  2239                    117.0000   307567         
   2691  2427      349.0000  2775                    117.0000   306281         
   2770  2547      697.0000  2164                    117.0000   309692         
   2837  2598      349.0000  2614                    117.0000   311478         
   2894  2698      581.0000  2061                    117.0000   316801         
   2944  2743      697.0000  2125                    117.0000   317662         
   2982  2747      697.0000  2201                    117.0000   317777         
Elapsed time = 187.06 sec. (177812.84 ticks, tree = 999.05 MB, solutions = 0)
   3035  2859      581.0000  1985                    117.0000   329247         
   3112  2914      697.0000  2087                    117.0000   331737         
   3174  2925      233.0000  3295                    117.0000   337396         
   3237  2932      233.0000  3248                    117.0000   338356         
   3283  3075      581.0000  2312                    117.0000   345285         
   3323  3180      465.0000  2575                    117.0000   351419         
   3380  3191      465.0000  2554                    117.0000   351591         
   3443  3251      465.0000  2382                    117.0000   370733         
   3509  3316      233.0000  3140                    117.0000   380873         
   3563  3366      233.0000  3183                    117.0000   385619         
Elapsed time = 199.59 sec. (187526.44 ticks, tree = 1236.98 MB, solutions = 0)
   3614  3373      349.0000  2959                    117.0000   386474         
   3667  3421      465.0000  2383                    117.0000   387985         
   3734  3432      465.0000  2399                    117.0000   388168         
   3809  3569      349.0000  2788                    117.0000   402822         
   3884  3695      233.0000  3074                    117.0000   408101         
   3954  3722      581.0000  2229                    117.0000   408595         
   4024  3791      349.0000  2714                    117.0000   409573         
   4110  3829      465.0000  2353                    117.0000   410079         
   4177  3836      465.0000  2332                    117.0000   410171         
   4225  3995      697.0000  2111                    117.0000   415087         
Elapsed time = 213.41 sec. (197273.78 ticks, tree = 1482.55 MB, solutions = 0)
   4302  4008      697.0000  2097                    117.0000   415246         
   4380  4136      349.0000  2613                    117.0000   422114         
   4448  4051      465.0000  2309                    117.0000   415957         
   4511  4155      349.0000  2574                    117.0000   423100         
   4577  4228      697.0000  2036                    117.0000   423591         
   4656  4410      581.0000  2135                    117.0000   431503         
   4726  4417      581.0000  2140                    117.0000   432680         
   4797  4429      581.0000  2120                    117.0000   432906         
   4859  4533      349.0000  2694                    117.0000   434229         
   5132  4857      697.0000  1937                    117.0000   448351         
Elapsed time = 229.88 sec. (209814.74 ticks, tree = 1816.49 MB, solutions = 0)
   5409  5159      465.0000  2052                    117.0000   457208         
   5715  5352      697.0000  1829                    117.0000   460674         
   6005  5592      465.0000  2274                    117.0000   466021         
   6270  5804      465.0000  2214                    117.0000   470766         
   6560  6282      465.0000  2221                    117.0000   486935         
   6854  6552      465.0000  2167                    117.0000   496688         
   7154  6863      465.0000  2026                    117.0000   509492         
   7469  7102      697.0000  1551                    117.0000   518791         
   7836  7363      697.0000  1765                    117.0000   525501         
   8211  7825      698.0000  1409                    117.0000   533547         
Elapsed time = 281.81 sec. (248050.74 ticks, tree = 2971.78 MB, solutions = 0)
Nodefile size = 907.44 MB (420.86 MB after compression)
   8545  7937      233.0000  2984                    117.0000   540073         
   8877  8352      581.0000  1540                    117.0000   548548         
   9280  8575      233.0000  3048                    117.0000   564360         
   9716  8894      233.0000  2982                    117.0000   568835         
  10134  9255      582.0000  1303                    117.0000   573563         
  10464  9538      699.0000   994                    117.0000   575289         
  11028 10056    infeasible                          117.0000   587147         
  11625 10091      233.0000  3310                    117.0000   592285         
  12059 10210    infeasible                          117.0000   591965         
  12469 10501      699.0000   983                    117.0000   597825         
Elapsed time = 331.96 sec. (286278.79 ticks, tree = 4009.32 MB, solutions = 0)
Nodefile size = 1942.37 MB (902.93 MB after compression)
  12904 10625      414.0000  2900                    117.0000   598463         
  13252 10918      697.0000  1473                    117.0000   611972         
  13642 11041    infeasible                          117.0000   635042         
  14105 11092      699.0000   952                    117.0000   638153         
  14551 11253      697.0000  1431                    117.0000   644535         
  14943 11520      233.0000  3231                    117.0000   663763         
  15268 11614      697.0000  1218                    117.0000   667699         
  15651 11740    infeasible                          117.0000   686951         
  16126 11741      697.0000  1170                    117.0000   687167         
  16699 11923      697.0000  1170                    117.0000   695101         
Elapsed time = 376.66 sec. (324490.08 ticks, tree = 4548.55 MB, solutions = 0)
Nodefile size = 2478.24 MB (1153.67 MB after compression)
  17170 12222      233.0000  3046                    117.0000   697441         
  17566 12338      697.0000  1183                    117.0000   712686         
  18009 12532    infeasible                          117.0000   717336         
  18533 12545    infeasible                          117.0000   717691         
  19044 12695      697.0000  1174                    117.0000   723893         
  19545 12874      233.0000  3233                    117.0000   732622         
  19960 12909    infeasible                          117.0000   734087         
  20373 13126      697.0000  1157                    117.0000   742120         
  20872 13138      581.0000   815                    117.0000   742055         
  21331 13411    infeasible                          117.0000   758802         
Elapsed time = 418.47 sec. (362719.24 ticks, tree = 5105.75 MB, solutions = 0)
Nodefile size = 3026.05 MB (1406.54 MB after compression)
  21732 13577      349.0000  2813                    117.0000   770396         
  22169 13827    infeasible                          117.0000   799963         
  22537 13833    infeasible                          117.0000   800133         
  22975 13973    infeasible                          117.0000   830065         
  23442 14003      233.0000  3364                    117.0000   839676         
  23950 14129      233.0000  2936                    117.0000   842335         
  24490 14177      581.0000   819                    117.0000   852772         
  24846 14552      582.0000  1017                    117.0000   860126         
  25171 14687      233.0000  3211                    117.0000   874621         
  25218 14750      349.0000  3070                    117.0000   883575         
Elapsed time = 474.97 sec. (404568.37 ticks, tree = 5610.41 MB, solutions = 0)
Nodefile size = 3531.03 MB (1639.92 MB after compression)
  25266 14920      233.0000  3370                    117.0000   899729         
  25303 14879      233.0000  3470                    117.0000   902771         
  25331 15004      350.0000  2887                    117.0000   927781         
  25444 15053      350.0000  2655                    117.0000   928545         
  25567 15213      350.0000  2512                    117.0000   970586         
  25772 15246      233.0000  3514                    117.0000   975865         
  25989 15242      233.0000  3386                    117.0000  1019971         
  26240 15456      349.0000  2619                    117.0000  1030658         
  26541 15946      349.0000  2522                    117.0000  1084395         
  26806 16145      233.0000  3245                    117.0000  1130400         
Elapsed time = 588.78 sec. (460268.80 ticks, tree = 6156.86 MB, solutions = 0)
Nodefile size = 4064.59 MB (1881.57 MB after compression)
  27065 16592      233.0000  3236                    117.0000  1199368         
  27433 16650      237.0000  3256                    117.0000  1199917         
  27781 16998      233.0000  3013                    117.0000  1210848         
  28038 17425      349.0000  3003                    117.0000  1242099         
  28316 17481      396.0000  3038                    117.0000  1242295         
  28622 17607      465.0000  2970                    117.0000  1257370         
  29015 18127      466.0000  2419                    117.0000  1297326         
  29385 18284      251.0000  3275                    117.0000  1309589         
  29707 18619      117.0000  4490                    117.0000  1318304         
  30146 18844      233.0000  3560                    117.0000  1329174         
Elapsed time = 630.12 sec. (498503.75 ticks, tree = 7221.18 MB, solutions = 0)
Nodefile size = 5105.22 MB (2356.26 MB after compression)
  30641 18920      233.0000  3388                    117.0000  1340195         
  31005 20037      117.0000  4392                    117.0000  1392878         
  31207 19612      233.0000  3217                    117.0000  1384060         
  31528 20312      234.0000  3056                    117.0000  1408802         
  31900 20587      349.0000  2641                    117.0000  1423879         
  32275 20803      349.0000  2811                    117.0000  1446899         
  32580 21380      350.0000  2817                    117.0000  1465740         
  32867 21115      246.0000  3107                    117.0000  1463076         
  33185 21664      349.0000  2776                    117.0000  1488640         
  33612 22056      349.0000  3065                    117.0000  1500848         
Elapsed time = 674.07 sec. (536710.90 ticks, tree = 8404.32 MB, solutions = 0)
Nodefile size = 6275.36 MB (2854.91 MB after compression)
  33999 22301      241.0000  3446                    117.0000  1525694         
  34315 22482      233.0000  3508                    117.0000  1534047         
  34668 22743    infeasible                          117.0000  1555033         
  34974 23268      233.0000  3365                    117.0000  1575452         
  35306 23311      336.0000  3023                    117.0000  1571743         
  35629 23669      349.0000  2983                    117.0000  1593514         
  35884 24008      349.0000  2973                    117.0000  1620094         
  36201 24066      349.0000  2855                    117.0000  1620226         
  36530 24418      349.0000  2866                    117.0000  1648806         
  36781 25053      233.0000  2887                    117.0000  1672780         
Elapsed time = 726.42 sec. (574950.71 ticks, tree = 9193.39 MB, solutions = 0)
Nodefile size = 7102.75 MB (3124.90 MB after compression)
  37109 24769      233.0000  2893                    117.0000  1663128         
  37442 25291      233.0000  3378                    117.0000  1695916         
  37755 26020      233.0000  3320                    117.0000  1749646         
  38076 26188      233.0000  3324                    117.0000  1758477         
  38388 26244      234.0000  3260                    117.0000  1784332         
  38602 26341      233.0000  3454                    117.0000  1796977         
  38877 26466      233.0000  3138                    117.0000  1803991         
  39219 26602      233.0000  2983                    117.0000  1814322         
  39488 27171      350.0000  2935                    117.0000  1867295         
  39753 26973      233.0000  3373                    117.0000  1863073         
Elapsed time = 776.54 sec. (613214.59 ticks, tree = 9584.73 MB, solutions = 0)
Nodefile size = 7488.15 MB (3201.83 MB after compression)
  40003 27656      349.0000  2468                    117.0000  1888992         
  40291 28029      349.0000  2745                    117.0000  1951465         
  40677 27702      269.0000  3381                    117.0000  1914641         
  41018 28347      349.0000  2714                    117.0000  1983469         
  41293 28714      233.0000  3021                    117.0000  1996945         
  41546 29329      349.0000  2538                    117.0000  2018750         
  41838 29438      233.0000  3508                    117.0000  2032330         
  42217 29755    infeasible                          117.0000  2059561         
  42565 29788      233.0000  3493                    117.0000  2059758         
  42879 29840      233.0000  3508                    117.0000  2059799         
Elapsed time = 827.44 sec. (651481.50 ticks, tree = 10369.81 MB, solutions = 0)
Nodefile size = 8255.80 MB (3440.59 MB after compression)
  43170 30715      233.0000  3444                    117.0000  2133236         
  43465 30898      233.0000  3233                    117.0000  2148616         
  43834 31002      349.0000  3195                    117.0000  2156829         
  44146 30945      349.0000  2999                    117.0000  2158072         
  44421 31169      233.0000  3384                    117.0000  2166361         
  44728 31336      233.0000  3341                    117.0000  2169687         
  45041 32063      350.0000  2968                    117.0000  2204733         
  45391 32568      349.0000  2931                    117.0000  2230460         
  45746 32387      233.0000  3138                    117.0000  2221872         
  46011 33070      233.0000  3507                    117.0000  2256162         
Elapsed time = 879.59 sec. (689730.26 ticks, tree = 11222.55 MB, solutions = 0)
Nodefile size = 9139.59 MB (3726.64 MB after compression)
  46367 33568      233.0000  3329                    117.0000  2284062         
  46729 33080    infeasible                          117.0000  2256551         
  47153 33856      465.0000  2985                    117.0000  2291210         
  47427 34030      233.0000  3238                    117.0000  2315842         
  47798 33998      233.0000  3674                    117.0000  2306584         
  48158 34874      349.0000  3167                    117.0000  2353769         
  48522 34814      233.0000  3339                    117.0000  2347652         
  48884 35253      349.0000  2723                    117.0000  2369745         
  49143 35311      349.0000  2620                    117.0000  2369910         
  49351 36372      233.0000  3355                    117.0000  2436699         
Elapsed time = 932.03 sec. (727947.34 ticks, tree = 12117.10 MB, solutions = 0)
Nodefile size = 10037.46 MB (4004.98 MB after compression)
  49621 36460      233.0000  3422                    117.0000  2452124         
  49950 36474      349.0000  2825                    117.0000  2438156         
  50284 36561      233.0000  3111                    117.0000  2453320         
  50668 36802      233.0000  3621                    117.0000  2477850         
  50962 37405      349.0000  3164                    117.0000  2512356         
  51364 37939      233.0000  3425                    117.0000  2536648         
  51804 37928      233.0000  3324                    117.0000  2529634         
  52184 38193      233.0000  2986                    117.0000  2563619         
  52494 38392      233.0000  3367                    117.0000  2580253         
  52786 38397    infeasible                          117.0000  2580599         
Elapsed time = 982.24 sec. (766160.79 ticks, tree = 12615.05 MB, solutions = 0)
Nodefile size = 10531.84 MB (4158.19 MB after compression)
  53084 39259      233.0000  3320                    117.0000  2633795         
  53350 39418      233.0000  3116                    117.0000  2651453         
  53643 39476      233.0000  2910                    117.0000  2651791         
  53921 39522      327.0000  2919                    117.0000  2653807         
  54275 40279      233.0000  3150                    117.0000  2735776         
  54594 40329      327.0000  3097                    117.0000  2737369         
  54913 40474      349.0000  2541                    117.0000  2750126         
  55205 40986      233.0000  3194                    117.0000  2780904         
  55517 41615      233.0000  3196                    117.0000  2811759         
  55892 41869      233.0000  3110                    117.0000  2829815         
Elapsed time = 1030.49 sec. (804411.69 ticks, tree = 13553.45 MB, solutions = 0)
Nodefile size = 11451.19 MB (4442.60 MB after compression)
  56198 41907      234.0000  2993                    117.0000  2832449         
  56496 42724      233.0000  3182                    117.0000  2868347         
  56938 42488      233.0000  3087                    117.0000  2862304         
  57402 42994      233.0000  3216                    117.0000  2877593         
  57833 43197      233.0000  3372                    117.0000  2900407         
  58156 43648      233.0000  3239                    117.0000  2919721         
  58473 43706      233.0000  2932                    117.0000  2920197         
  58803 43860      349.0000  2799                    117.0000  2946771         
  59222 44098      349.0000  2653                    117.0000  2953660         
  59502 44480      233.0000  3457                    117.0000  2983657         
Elapsed time = 1081.99 sec. (842674.53 ticks, tree = 14132.72 MB, solutions = 0)
Nodefile size = 12010.94 MB (4536.37 MB after compression)
  59768 45191      233.0000  3528                    117.0000  3006544         
  60154 44965      233.0000  3157                    117.0000  3005429         
  60544 45828      349.0000  2804                    117.0000  3031280         
  60975 46300    infeasible                          117.0000  3052660         
  61222 46733      234.0000  3341                    117.0000  3072195         
  61596 46861      233.0000  3302                    117.0000  3077553         
  61960 47417      368.0000  3104                    117.0000  3113542         
  62393 47646      233.0000  3089                    117.0000  3139221         
  62800 47244    infeasible                          117.0000  3107132         
  63062 47761      233.0000  3152                    117.0000  3153030         
Elapsed time = 1135.15 sec. (880929.75 ticks, tree = 15071.56 MB, solutions = 0)
Nodefile size = 12969.53 MB (4841.45 MB after compression)
  63368 47819      233.0000  3138                    117.0000  3155262         
  63772 48264      252.0000  3254                    117.0000  3172135         
  64147 48463      349.0000  2699                    117.0000  3176908         
  64447 49054      349.0000  2975                    117.0000  3215121         
  64759 48872      233.0000  3124                    117.0000  3203714         
  65045 49570      233.0000  3079                    117.0000  3242145         
  65397 50346      245.0000  3243                    117.0000  3293253         
  65874 50347    infeasible                          117.0000  3293302         
  66210 50527      117.0000  4337                    117.0000  3298784         
  66655 50816      233.0000  3458                    117.0000  3323219         
Elapsed time = 1186.86 sec. (919166.96 ticks, tree = 15890.41 MB, solutions = 0)
Nodefile size = 13808.85 MB (5085.02 MB after compression)
  67136 50880      233.0000  3432                    117.0000  3320198         
  67589 51262      349.0000  2823                    117.0000  3342205         
  67790 51836      349.0000  2902                    117.0000  3370194         
  68113 51492      234.0000  2987                    117.0000  3357133         
  68409 52286      349.0000  2720                    117.0000  3409901         
  68758 52462      233.0000  2780                    117.0000  3413881         
  69093 52764      233.0000  3172                    117.0000  3446623         
  69383 52813      233.0000  2995                    117.0000  3447786         
  69646 53120      233.0000  3168                    117.0000  3472432         
  69953 53695      233.0000  3491                    117.0000  3491754         
Elapsed time = 1238.65 sec. (957424.08 ticks, tree = 16514.40 MB, solutions = 0)
Nodefile size = 14425.14 MB (5186.33 MB after compression)
  70309 53814      234.0000  3250                    117.0000  3503078         
  70663 54586      233.0000  3231                    117.0000  3551428         
  71110 54651    infeasible                          117.0000  3558226         
  71375 54689    infeasible                          117.0000  3557298         
  71655 55029      233.0000  3430                    117.0000  3596728         
  71962 55177      233.0000  3249                    117.0000  3603178         
  72284 55372      260.0000  3193                    117.0000  3617773         
  72659 55812      233.0000  2945                    117.0000  3653651         
  72977 55784      349.0000  2681                    117.0000  3642850         
  73321 55987      349.0000  2872                    117.0000  3665416         
Elapsed time = 1289.89 sec. (995634.02 ticks, tree = 17073.64 MB, solutions = 0)
Nodefile size = 14944.89 MB (5292.77 MB after compression)
  73652 56422      349.0000  2752                    117.0000  3698262         
  74046 56683      233.0000  3035                    117.0000  3711848         
  74389 57376    infeasible                          117.0000  3747189         
  74686 57505      233.0000  3087                    117.0000  3754693         
  75002 57529      233.0000  3086                    117.0000  3755361         
  75380 58248      233.0000  3302                    117.0000  3783033         
  75759 58381      233.0000  3441                    117.0000  3805940         
  76104 58531      234.0000  3425                    117.0000  3830082         
  76459 58499      233.0000  3334                    117.0000  3821340         
  76742 58923      175.0000  3740                    117.0000  3858414         
Elapsed time = 1339.74 sec. (1033865.29 ticks, tree = 17833.04 MB, solutions = 0)
Nodefile size = 15732.45 MB (5529.68 MB after compression)
  77029 59654      350.0000  2949                    117.0000  3894289         
  77460 59299      349.0000  2770                    117.0000  3870517         
  77787 59530      475.0000  2653                    117.0000  3885177         
  78096 60672      349.0000  2785                    117.0000  3942110         
  78389 60310      349.0000  2727                    117.0000  3932724         
  78816 60770      349.0000  2664                    117.0000  3943931         
  79302 61062      349.0000  2922                    117.0000  3966833         
  79687 61062      349.0000  2922                    117.0000  3967449         
  80166 61327      349.0000  2995                    117.0000  3986710         
  80491 62055      233.0000  3363                    117.0000  4018838         
Elapsed time = 1394.89 sec. (1072110.15 ticks, tree = 18667.42 MB, solutions = 0)
Nodefile size = 16570.55 MB (5776.98 MB after compression)
  80843 62559      349.0000  2783                    117.0000  4047943         
  81178 62838      233.0000  3212                    117.0000  4061904         
  81471 62812      349.0000  2671                    117.0000  4067043         
  81780 62936      349.0000  2880                    117.0000  4070070         
  82116 63734      349.0000  2466                    117.0000  4102071         
  82450 63749      233.0000  3479                    117.0000  4107766         
  82843 64053      291.0000  2938                    117.0000  4125018         
  83151 64218      349.0000  2788                    117.0000  4130564         
  83484 65245      233.0000  3387                    117.0000  4183315         
  83924 65350      233.0000  3387                    117.0000  4183328         
Elapsed time = 1446.31 sec. (1110365.51 ticks, tree = 19572.44 MB, solutions = 0)
Nodefile size = 17442.72 MB (6044.99 MB after compression)
  84358 65067      233.0000  3471                    117.0000  4177324         
  84723 65560      233.0000  3466                    117.0000  4197723         
  85024 66208      233.0000  3232                    117.0000  4237445         
  85439 66085      233.0000  3001                    117.0000  4233402         
  85633 66831      291.0000  3198                    117.0000  4283082         
  85934 66868      291.0000  3090                    117.0000  4285964         
  86291 66918      291.0000  2928                    117.0000  4286660         
  86600 67293      349.0000  2656                    117.0000  4316871         
  86934 67878      233.0000  2862                    117.0000  4340811         
  87137 67994      349.0000  2661                    117.0000  4353712         
Elapsed time = 1497.21 sec. (1148617.24 ticks, tree = 20284.20 MB, solutions = 0)
Nodefile size = 18166.78 MB (6259.19 MB after compression)
  87413 68396      233.0000  3232                    117.0000  4390829         
  87729 68626      349.0000  2870                    117.0000  4411743         
  88053 68441      233.0000  3588                    117.0000  4379190         
  88464 68823      349.0000  2505                    117.0000  4425026         
  88716 69329      233.0000  3519                    117.0000  4455564         
  89131 70013      233.0000  3505                    117.0000  4493147         
  89657 70090      233.0000  3461                    117.0000  4499910         
  90121 70361      263.0000  3401                    117.0000  4512810         
  90436 70639      349.0000  2929                    117.0000  4546696         
  90710 70995      233.0000  3243                    117.0000  4565611         
Elapsed time = 1550.15 sec. (1186925.57 ticks, tree = 21086.29 MB, solutions = 0)
Nodefile size = 18990.45 MB (6497.38 MB after compression)
  90980 71242      234.0000  3397                    117.0000  4571204         
  91305 71430      233.0000  3235                    117.0000  4609885         
  91695 71723      233.0000  3360                    117.0000  4626267         
  92011 71654      349.0000  2516                    117.0000  4621892         
  92267 72011      233.0000  3235                    117.0000  4643424         
  92598 72855      349.0000  3021                    117.0000  4670843         
  92968 73076      233.0000  3202                    117.0000  4687764         
  93338 73560      349.0000  2960                    117.0000  4716962         
  93682 73080      233.0000  3391                    117.0000  4685146         
  94088 73593    infeasible                          117.0000  4717711         
Elapsed time = 1600.56 sec. (1225227.95 ticks, tree = 21748.51 MB, solutions = 0)
Nodefile size = 19645.01 MB (6681.01 MB after compression)
  94473 73883      233.0000  3430                    117.0000  4731251         
  94911 74014      233.0000  3374                    117.0000  4742217         
  95292 74551      291.0000  3044                    117.0000  4772356         
  95574 75243      117.0000  4631                    117.0000  4806863         
  95935 75186      233.0000  3308                    117.0000  4804517         
  96294 75711      233.0000  3296                    117.0000  4826320         
  96642 76264      233.0000  2884                    117.0000  4846062         
  96913 76428      349.0000  2664                    117.0000  4853870         
  97211 76537      233.0000  2995                    117.0000  4866939         
  97520 76767      349.0000  3121                    117.0000  4887604         
Elapsed time = 1654.31 sec. (1263477.96 ticks, tree = 22499.28 MB, solutions = 0)
Nodefile size = 20388.71 MB (6883.12 MB after compression)
  97902 77255      349.0000  2832                    117.0000  4931451         
  98306 77706      357.0000  3019                    117.0000  4941118         
  98713 77653      233.0000  3419                    117.0000  4938578         
  99089 77827      233.0000  3435                    117.0000  4949536         
  99528 78159      349.0000  3255                    117.0000  4961037         
  99897 78305      280.0000  3388                    117.0000  4970125         
 100140 79127      233.0000  3386                    117.0000  5010283         
 100378 79676      252.0000  3153                    117.0000  5042813         
 100746 79983      237.0000  3351                    117.0000  5069611         
 101049 80043      237.0000  3200                    117.0000  5069965         
Elapsed time = 1707.40 sec. (1301744.47 ticks, tree = 23319.81 MB, solutions = 0)
Nodefile size = 21210.40 MB (7153.49 MB after compression)
 101324 79999      349.0000  2697                    117.0000  5065537         
 101463 80205      233.0000  3400                    117.0000  5085823         
 101498 80424      233.0000  3525                    117.0000  5109999         
 101555 81259      233.0000  3441                    117.0000  5177724         
 101765 81287      233.0000  3178                    117.0000  5178353         
 102068 81370      349.0000  2620                    117.0000  5178543         
 102422 81337      349.0000  2596                    117.0000  5180638         
 102726 81912      243.0000  3287                    117.0000  5203957         
 102966 82097      349.0000  2440                    117.0000  5207353         
 103233 82123      233.0000  3382                    117.0000  5212564         
Elapsed time = 1802.37 sec. (1354141.30 ticks, tree = 23858.50 MB, solutions = 0)
Nodefile size = 21746.41 MB (7294.51 MB after compression)
 103446 82261      233.0000  3267                    117.0000  5220191         

Clique cuts applied:  517
Cover cuts applied:  132
Implied bound cuts applied:  7500
Mixed integer rounding cuts applied:  4923
Zero-half cuts applied:  695
Lift and project cuts applied:  19
Gomory fractional cuts applied:  1

Root node processing (before b&c):
  Real time             =   83.76 sec. (113916.11 ticks)
Parallel b&c, 8 threads:
  Real time             = 1719.83 sec. (1244910.98 ticks)
  Sync time (average)   =  641.58 sec.
  Wait time (average)   =    0.00 sec.
                          ------------
Total (root+branch&cut) = 1803.59 sec. (1358827.09 ticks)
! --------------------------------------------------------
! Problem is UNKNOWN
! CPLEX Status = AbortTimeLim
! --------------------------------------------------------
