! Solving for graph /home/truongxuanhieu/CPLEX-MIP-for-MinSpanLabeling/benchmarks/abp/D-bcsstk01.mtx.rnd
! Target value is set to 9
! Lower bound is set to 10
! Upper bound is set to 48
! Time limit is set to 1800
! Vertices mode is set to No hole
! Target value mode is set to Antibandwidth
Version identifier: 22.2.0.0 | 2026-05-04 | 5dff98e58
CPXPARAM_TimeLimit                               1800
Tried aggregator 2 times.
MIP Presolve eliminated 178 rows and 120 columns.
MIP Presolve modified 4570 coefficients.
Aggregator did 496 substitutions.
Reduced MIP has 993 rows, 3129 columns, and 9198 nonzeros.
Reduced MIP has 2504 binaries, 225 generals, 0 SOSs, and 400 indicators.
Presolve time = 0.02 sec. (11.81 ticks)
Probing time = 0.03 sec. (18.03 ticks)
Tried aggregator 1 time.
Detecting symmetries...
Reduced MIP has 993 rows, 3129 columns, and 9198 nonzeros.
Reduced MIP has 2504 binaries, 273 generals, 0 SOSs, and 400 indicators.
Presolve time = 0.01 sec. (6.79 ticks)
Probing time = 0.00 sec. (3.03 ticks)
Clique table members: 552.
MIP emphasis: balance optimality and feasibility.
MIP search method: dynamic search.
Parallel mode: deterministic, using up to 8 threads.
Root relaxation solution time = 0.02 sec. (7.42 ticks)

        Nodes                                         Cuts/
   Node  Left     Objective  IInf  Best Integer    Best Bound    ItCnt     Gap

      0     0       10.0000   155                     10.0000      256         
      0     0       10.0000   337                   Cuts: 348      500         
      0     0       10.0000   317                   Cuts: 348      739         
      0     0       10.0000   309                   Cuts: 348      961         
      0     0       10.0000   343                   Cuts: 348     1166         
Detecting symmetries...
      0     2       10.0000   177                     10.0000     1166         
Elapsed time = 1.11 sec. (506.41 ticks, tree = 0.02 MB, solutions = 0)
    604   458       10.3913   323                     10.0000    19218         
   1342  1057       28.0000   135                     10.0000    42170         
   2493  1937       38.0000    97                     10.0000    74261         
   3366  2782       21.0000   115                     10.0000   110903         

Performing restart 1

Repeating presolve.
Tried aggregator 1 time.
Reduced MIP has 993 rows, 3129 columns, and 9198 nonzeros.
Reduced MIP has 2504 binaries, 273 generals, 0 SOSs, and 400 indicators.
Presolve time = 0.01 sec. (5.01 ticks)
Tried aggregator 1 time.
Reduced MIP has 993 rows, 3129 columns, and 9198 nonzeros.
Reduced MIP has 2504 binaries, 273 generals, 0 SOSs, and 400 indicators.
Presolve time = 0.01 sec. (6.99 ticks)
Represolve time = 0.06 sec. (34.88 ticks)
   3475     0       10.0000   335                   Cuts: 348   120816         
   3475     0       10.0000   361                   Cuts: 348   121441         
   3475     0       10.0000   447                   Cuts: 348   121904         
   3475     0       10.0000   420                   Cuts: 348   122389         
   3475     0       10.0000   443                   Cuts: 348   122821         
   3475     2       10.0000   322                     10.0000   122821         
   3569    73       28.0000   195                     10.0000   125032         
   3896   274       31.0000   169                     10.0000   134341         
   3996   407       28.0000   218                     10.0000   148262         
   4337   626       29.0000   165                     10.0000   161144         
   5137  1306       46.0000   233                     10.0000   228184         
Elapsed time = 10.00 sec. (4534.24 ticks, tree = 2.21 MB, solutions = 0)
   6087  1936       28.0000   180                     19.0000   292198         
   6909  2665       38.0000   209                     19.0000   373198         
   7290  2960       47.0000   226                     19.0000   434284         
   7661  3272       19.6429   338                     19.0000   503372         

Performing restart 2

Repeating presolve.
Tried aggregator 1 time.
Reduced MIP has 993 rows, 3129 columns, and 10324 nonzeros.
Reduced MIP has 2504 binaries, 273 generals, 0 SOSs, and 400 indicators.
Presolve time = 0.01 sec. (5.21 ticks)
Tried aggregator 1 time.
Reduced MIP has 993 rows, 3129 columns, and 10316 nonzeros.
Reduced MIP has 2504 binaries, 273 generals, 0 SOSs, and 400 indicators.
Presolve time = 0.01 sec. (7.48 ticks)
Represolve time = 0.10 sec. (51.01 ticks)
   7859     0       18.0000   508                   Cuts: 312   555424         
   7859     0       18.0000   447                   Cuts: 288   556558         
   7859     0       18.0000   445                   Cuts: 348   557779         
   7859     0       18.0000   414                   Cuts: 348   559746         
   7859     0       18.0018   525                   Cuts: 348   562328         
   7859     0       19.0000   397                   Cuts: 348   562944         
   7859     0       19.0000   443                   Cuts: 348   563410         
   7859     0       19.0000   429                   Cuts: 226   564059         
   7859     0       19.0000   374                   Cuts: 348   564531         
   7859     0       19.0000   457                   Cuts: 348   565136         
   7859     0       19.0000   431                   Cuts: 301   565894         
   7859     0       19.0000   445                   Cuts: 348   566507         
   7859     2       19.0000   168                     19.0000   566507         
   8172   241       37.0000   263                     19.0000   588497         
   8486   450       32.0000   170                     19.0000   624636         
   8730   697       19.0000   326                     19.0000   667918         
   8950   855       19.0000   241                     19.0000   721651         
   9095   829       19.0000   334                     19.0000   716272         
Elapsed time = 37.10 sec. (17705.80 ticks, tree = 3.00 MB, solutions = 0)
   9224  1029       28.0000   294                     19.0000   808949         
   9317  1112       19.0000   375                     19.0000   854482         
   9428  1206       46.0000   232                     19.0000   922469         
   9513  1251       48.0000   250                     19.0000   955601         
   9600  1340       38.0000   247                     19.0000  1002187         
   9687  1394       36.0000   262                     19.0000  1054373         
   9739  1428       48.0000   282                     19.0000  1106420         
   9835  1454    infeasible                           19.0000  1136492         
   9940  1590       30.0000   275                     19.0000  1208578         
  10028  1664       38.0000   299                     19.0000  1271476         
Elapsed time = 56.27 sec. (27366.06 ticks, tree = 6.65 MB, solutions = 0)
  10085  1692       47.0000   317                     19.0000  1296802         
  10161  1709       28.0000   369                     19.0000  1320958         
  10226  1799       48.0000   224                     19.0000  1393238         
  10268  1833       46.0000   204                     19.0000  1426764         
  10339  1896       48.0000   242                     19.0000  1501065         
  10460  1962       46.0000   290                     19.0000  1530532         
  10498  1958       20.0000   500                     19.0000  1542642         
  10561  2071       37.0000   270                     19.0000  1636619         
  10643  2151    infeasible                           19.0000  1694353         
  10707  2176       47.0000   235                     19.0000  1702827         
Elapsed time = 75.07 sec. (37035.58 ticks, tree = 10.03 MB, solutions = 0)
  10746  2218       46.0000   343                     19.0000  1749469         
  10799  2254       47.0000   317                     19.0000  1778505         
  10901  2272       46.0000   359                     19.0000  1811505         
  10977  2384       37.0000   268                     19.0000  1899898         
  11011  2412       37.0000   337                     19.0000  1929363         
  11049  2394       19.0000   508                     19.0000  1911159         
  11088  2455       37.0000   330                     19.0000  2003175         
  11168  2494       39.0000   260                     19.0000  2046654         
  11265  2524       46.0000   319                     19.0000  2071545         
  11327  2613       38.0000   348                     19.0000  2126959         
Elapsed time = 93.84 sec. (46671.72 ticks, tree = 15.24 MB, solutions = 0)
  11391  2626       38.0000   319                     19.0000  2131315         
  11443  2640    infeasible                           19.0000  2143427         
  11488  2712       37.0000   322                     19.0000  2201502         
  11531  2770       29.0000   328                     19.0000  2271775         
  11570  2769       47.0000   331                     19.0000  2269697         
  11609  2803       37.0000   308                     19.0000  2322702         
  11660  2838       46.0000   317                     19.0000  2362367         
  11713  2852       46.0000   313                     19.0000  2380482         
  11760  2944       47.0000   360                     19.0000  2456639         
  11798  2980       46.0000   328                     19.0000  2486875         
Elapsed time = 111.70 sec. (56302.03 ticks, tree = 18.92 MB, solutions = 0)
  11839  2991       28.0000   394                     19.0000  2542045         
  11864  3012       38.0000   366                     19.0000  2569516         
  11896  3030       37.0000   375                     19.0000  2595157         
  11945  3069       46.0000   359                     19.0000  2663116         
  12007  3094       46.0000   360                     19.0000  2699269         
  12060  3105       47.0000   374                     19.0000  2728304         
  12127  3176       46.0000   228                     19.0000  2786868         
  12183  3232       39.0000   330                     19.0000  2830864         
  12225  3295       47.0000   325                     19.0000  2884166         
  12287  3307       22.0000   478                     19.0000  2888990         
Elapsed time = 129.81 sec. (66054.71 ticks, tree = 21.27 MB, solutions = 0)
  12362  3325       46.0000   297                     19.0000  2934111         
  12433  3336       46.0000   291                     19.0000  2952643         
  12494  3433       48.0000   326                     19.0000  3006870         
  12565  3520       46.0000   266                     19.0000  3054468         
  12622  3549    infeasible                           19.0000  3124599         
  12649  3528       48.0000   304                     19.0000  3107454         
  12679  3591    infeasible                           19.0000  3157670         
  12716  3613       37.0000   401                     19.0000  3249734         
  12768  3634       47.0000   266                     19.0000  3269559         
  12841  3638       46.0000   337                     19.0000  3286982         
Elapsed time = 148.11 sec. (75688.07 ticks, tree = 26.99 MB, solutions = 0)
  12914  3659    infeasible                           19.0000  3339940         
  12967  3660       20.0000   556                     19.0000  3344440         
  13022  3759       46.0000   325                     19.0000  3392330         
  13054  3825       28.0000   391                     19.0000  3453925         
  13111  3846       19.8901   522                     19.0000  3477486         
  13185  3873       47.0000   340                     19.0000  3508876         
  13261  3902    infeasible                           19.0000  3539774         
  13306  3993       28.0000   454                     19.0000  3613572         
  13365  4015       47.0000   322                     19.0000  3631291         
  13397  4067       47.0000   353                     19.0000  3707881         
Elapsed time = 166.72 sec. (85335.04 ticks, tree = 32.89 MB, solutions = 0)
  13430  4104       41.5000   362                     19.0000  3747791         
  13466  4113       46.0000   334                     19.0000  3751551         
  13528  4158       37.0000   280                     19.0000  3829621         
  13625  4174       46.0000   326                     19.0000  3861325         
  13708  4260       46.0000   290                     19.0000  3931655         
  13773  4276       46.0000   257                     19.0000  3938044         
  13855  4386    infeasible                           19.0000  3996873         
  13929  4390       37.0000   304                     19.0000  4001777         
  13997  4383       47.0000   325                     19.0000  3994818         
  14177  4670    infeasible                           19.0000  4232029         
Elapsed time = 190.22 sec. (97851.74 ticks, tree = 44.43 MB, solutions = 0)
  14373  4723       46.0000   337                     19.0000  4324527         
  14712  4880       46.0000   292                     19.0000  4495589         
  15018  5215       46.0000   297                     19.1603  4716867         
  15329  5430       46.0000   240                     19.3782  4855406         
  15650  5755       46.0000   312                     20.0000  5084463         
  15863  5870       46.0000   377                     20.0000  5182936         
  16072  6065       46.0000   262                     20.0000  5414795         
  16319  6195       46.0000   349                     20.0000  5537261         
  16572  6268       29.0000   394                     20.0000  5614993         
  16853  6486       46.0000   258                     20.0000  5780647         
Elapsed time = 264.18 sec. (136145.76 ticks, tree = 77.66 MB, solutions = 0)
  17050  6684       46.0000   311                     20.0000  5931818         
  17297  6836       47.0000   288                     20.0000  6124916         
  17427  7056       46.0000   382                     20.0000  6358900         
  17636  7124       28.0000   455                     20.0000  6469291         
  17859  7241       46.0000   402                     20.0000  6619199         
  18082  7516       29.0000   394                     20.0000  6900668         
  18364  7561       46.0000   329                     20.0000  6950520         
  18656  7816       37.0000   337                     20.2051  7176769         
  18936  7926       47.0000   331                     20.4852  7264065         
  19204  8172       29.0000   447                     20.7561  7470709         
Elapsed time = 338.90 sec. (174465.52 ticks, tree = 107.43 MB, solutions = 0)
  19435  8391       48.0000   216                     21.0000  7660172         
  19694  8504       28.0000   402                     21.0000  7809290         
  20004  8768       47.0000   387                     21.0000  8018079         
  20286  9007       47.0000   275                     21.0000  8169866         
  20513  9153       37.0000   345                     21.0000  8293921         
  20840  9452       46.0000   293                     21.1463  8542050         
  21129  9569       47.0000   284                     21.2500  8594055         
  21393  9652    infeasible                           21.4260  8695611         
  21629  9983       48.0000   227                     21.4260  8958590         
  21918 10255       46.0000   330                     21.8707  9190297         
Elapsed time = 410.78 sec. (212750.92 ticks, tree = 154.65 MB, solutions = 0)
  22187 10235       28.0000   445                     21.8707  9186511         
  22403 10611       46.0000   310                     22.0000  9479150         
  22617 10686       39.0000   346                     22.0000  9550356         
  22824 10918       46.0000   378                     22.0000  9815656         
  23087 10976       46.0000   240                     22.0000  9888471         
  23348 11281       46.0000   379                     22.0000 10172984         
  23600 11417       37.0000   360                     22.7500 10275232         
  23817 11591       47.0000   297                     23.0000 10445383         
  24080 11778       47.0000   380                     23.0000 10632287         
  24287 11846       39.0000   342                     23.0000 10680155         
Elapsed time = 481.38 sec. (251030.82 ticks, tree = 190.45 MB, solutions = 0)
  24485 12054       46.0000   269                     23.0000 10897571         
  24672 12194       46.0000   358                     23.3156 11131559         
  24900 12343       47.0000   330                     24.0000 11254573         
  25151 12358       28.0000   415                     24.0000 11304614         
  25435 12568       46.0000   234                     24.0000 11474558         
  25707 12816       46.0000   343                     24.0000 11700660         
  25984 12988       46.0000   262                     24.0000 11821260         
  26220 13120       46.0000   370                     24.0000 11953885         
  26460 13471       46.0000   307                     24.0000 12234325         
  26693 13441       46.0000   341                     24.0000 12205204         
Elapsed time = 553.16 sec. (289277.36 ticks, tree = 227.16 MB, solutions = 0)
  26884 13724       46.0000   305                     24.0000 12438067         
  27029 13963       40.0000   373                     24.0000 12719912         
  27272 14010       46.0000   314                     24.0000 12770122         
  27522 14135       35.0000   394                     24.0000 12891581         
  27754 14534       38.0000   368                     25.0000 13281883         
  27937 14636       47.0000   389                     25.0000 13388066         
  28130 14591       37.0000   374                     25.0000 13346680         
  28364 14778       47.0000   345                     25.0000 13523290         
  28563 14889    infeasible                           25.0000 13651378         
  28786 15237       46.0000   347                     25.0000 14016092         
Elapsed time = 623.20 sec. (327656.51 ticks, tree = 267.93 MB, solutions = 0)
  29056 15227       46.0000   305                     25.0000 14003080         
  29289 15441       46.0000   234                     25.0000 14196960         
  29489 15616       46.0000   345                     25.2308 14386156         
  29679 15661       47.0000   320                     25.6429 14443065         
  29881 15992       47.0000   327                     25.6860 14780984         
  30078 16027       46.0000   315                     27.0000 14834917         
  30299 16304       46.0000   299                     27.0000 15146240         
  30493 16351       37.0000   380                     28.0000 15203031         
  30675 16539       47.0000   325                     28.0000 15446297         
  30900 16639       37.0000   389                     28.0000 15548540         
Elapsed time = 693.77 sec. (365990.87 ticks, tree = 300.61 MB, solutions = 0)
  31097 16820       29.0000   462                     28.0000 15786547         
  31290 16852    infeasible                           28.0000 15848308         
  31475 17064       46.0000   398                     28.0000 16129191         
  31616 17083       46.0000   279                     28.0000 16147973         
  31815 17246       46.0000   257                     28.0000 16453094         
  32036 17225       31.0732   401                     28.0000 16426239         
  32235 17273       48.0000   388                     28.0000 16489503         
  32424 17647       37.2500   348                     28.0000 16971209         
  32658 17489       28.0000   501                     28.0000 16788540         
  32821 17711       47.0000   305                     28.0000 17041607         
Elapsed time = 764.17 sec. (404296.14 ticks, tree = 324.47 MB, solutions = 0)
  32983 17989       46.0000   348                     28.0000 17355878         
  33175 18170       46.0000   355                     28.0000 17609386         
  33377 18233       38.0000   262                     28.0000 17708103         
  33552 18129       46.0000   367                     28.0000 17559064         
  33711 18295       46.0000   368                     28.0000 17816530         
  33919 18443       47.0000   339                     28.0000 18003965         
  34093 18639       46.0000   350                     28.0000 18316099         
  34252 18622       46.0000   361                     28.0000 18290946         
  34419 18774       47.0000   380                     28.0000 18484533         
  34565 19017       46.0000   329                     28.0000 18795714         
Elapsed time = 835.09 sec. (442601.98 ticks, tree = 362.82 MB, solutions = 0)
  34721 19073       46.0000   329                     28.0000 18894740         
  34897 19078    infeasible                           28.0000 18914989         
  35062 19124       37.0000   380                     28.0000 18976229         
  35221 19358       46.0000   333                     28.0000 19309238         
  35364 19491       46.0000   342                     28.0000 19509792         
  35508 19430       46.0000   351                     28.0000 19434767         
  35646 19722       46.0000   365                     28.0000 19773988         
  35830 19670       46.0000   370                     28.0000 19716042         
  36025 19885    infeasible                           28.0000 20050187         
  36234 19923       46.0000   324                     28.0000 20118818         
Elapsed time = 909.61 sec. (480960.40 ticks, tree = 385.80 MB, solutions = 0)
  36434 20001       46.0000   274                     28.0000 20220129         
  36600 20005    infeasible                           28.0000 20239192         
  36806 20421       46.0000   359                     28.0000 20712814         
  36998 20402       46.0000   284                     28.0000 20691463         
  37186 20592    infeasible                           28.0000 20873197         
  37399 20665       37.0000   321                     28.0000 20973649         
  37579 20882       47.0000   350                     28.0000 21234366         
  37740 21068       46.0000   366                     28.0000 21436366         
  37885 20970       46.0000   327                     28.0000 21314450         
  38030 21089       37.0000   374                     28.0000 21471195         
Elapsed time = 979.53 sec. (519221.88 ticks, tree = 422.53 MB, solutions = 0)
  38184 21197    infeasible                           28.0000 21586785         
  38385 21479       46.0000   333                     28.0000 21967371         
  38587 21380       37.0000   325                     28.0000 21849984         
  38757 21513       46.0000   277                     28.0000 22005935         
  38922 21668       46.0000   345                     28.0000 22207942         
  39104 21732       46.0000   367                     28.0000 22265493         
  39299 21886       46.0000   298                     28.0000 22439692         
  39436 22140       46.0000   389                     28.0000 22762544         
  39559 22307       47.0000   356                     28.0000 22968115         
  39690 22417       46.0000   265                     28.0000 23079347         
Elapsed time = 1051.26 sec. (557667.33 ticks, tree = 459.98 MB, solutions = 0)
  39872 22343    infeasible                           28.0000 23006206         
  40082 22505       46.0000   350                     28.0000 23201363         
  40255 22569       46.2500   386                     28.0000 23332047         
  40433 22705       46.0000   454                     28.0000 23505971         
  40595 22964    infeasible                           28.0000 23849324         
  40747 22979       46.0000   346                     28.0000 23865490         
  40903 23157       46.0000   348                     28.0000 24073448         
  41066 23280       46.0000   380                     28.0000 24248089         
  41240 23317       40.0000   407                     28.0000 24310213         
  41449 23315       46.0000   364                     28.0000 24284368         
Elapsed time = 1121.77 sec. (595972.17 ticks, tree = 490.04 MB, solutions = 0)
  41681 23498    infeasible                           28.0000 24535404         
  41850 23766       46.0000   390                     28.0000 24827909         
  41981 23627       46.0000   300                     28.0000 24680058         
  42117 23853    infeasible                           28.0000 24913858         
  42319 24104    infeasible                           28.0000 25206525         
  42476 24021       46.0000   393                     28.0000 25107826         
  42652 24330       47.0000   396                     28.0000 25509115         
  42845 24271       37.0689   406                     28.0000 25445643         
  43019 24308       47.0000   396                     28.0000 25494614         
  43181 24488       37.0348   459                     28.0000 25686138         
Elapsed time = 1192.94 sec. (634405.16 ticks, tree = 531.78 MB, solutions = 0)
  43285 24697       46.0000   372                     28.0000 25962032         
  43406 24659       28.0000   492                     28.0000 25933642         
  43523 24758       46.0000   332                     28.0000 26057269         
  43662 25020       46.0000   309                     28.0000 26417339         
  43803 25067       47.0000   331                     28.0000 26528803         
  43941 25293       46.0000   333                     28.0000 26879177         
  44097 25327       46.0000   402                     28.0000 26940176         
  44260 25329       46.0000   326                     28.0000 26914346         
  44420 25449       37.1021   427                     28.0000 27143541         
  44535 25491       29.2656   436                     28.0000 27229527         
Elapsed time = 1263.98 sec. (672696.03 ticks, tree = 561.92 MB, solutions = 0)
  44705 25422       46.0000   277                     28.0000 27079654         
  44862 25672       46.0000   323                     28.0000 27445159         
  45004 25681       46.0000   319                     28.0000 27463891         
  45135 25983       47.0000   383                     28.0000 27871089         
  45285 25876       46.0000   356                     28.0000 27723866         
  45447 26015       46.0000   341                     28.0000 27908725         
  45577 26212       46.0000   354                     28.0000 28200563         
  45720 26315    infeasible                           28.0000 28340570         
  45846 26436       46.0000   377                     28.0000 28532736         
  45972 26587       46.0000   343                     28.0000 28745847         
Elapsed time = 1335.17 sec. (711140.78 ticks, tree = 601.28 MB, solutions = 0)
  46104 26619       46.1256   387                     28.0000 28823183         
  46247 26572       46.0000   335                     28.0000 28710994         
  46389 26779       48.0000   281                     28.0000 29086092         
  46564 26918       46.0000   377                     28.0000 29277349         
  46703 26825       47.0000   352                     28.0000 29122064         
  46801 26845       46.0000   400                     28.0000 29140249         
  46925 27023    infeasible                           28.0000 29446730         
  47046 27064       30.7857   474                     28.0000 29526398         
  47190 27400       46.0000   387                     28.0000 29927087         
  47317 27405    infeasible                           28.0000 29944735         
Elapsed time = 1406.62 sec. (749433.42 ticks, tree = 630.71 MB, solutions = 0)
  47440 27498       46.0000   355                     28.0000 30087046         
  47633 27538       37.0000   302                     28.0000 30171566         
  47799 27620       37.0029   445                     28.0000 30291285         
  47979 27860       46.0000   282                     28.0000 30601547         
  48137 27688       46.0000   353                     28.0000 30378755         
  48309 27992       43.0000   395                     28.0000 30758264         
  48462 28221       46.0000   381                     28.0000 31049554         
  48602 28021       46.0000   326                     28.0000 30734971         
  48720 28465       46.0000   374                     28.0000 31340787         
  48834 28290    infeasible                           28.0000 31160177         
Elapsed time = 1478.42 sec. (787916.30 ticks, tree = 661.49 MB, solutions = 0)
  48920 28298       37.0000   377                     28.0000 31174362         
  49037 28446       46.0000   353                     28.0000 31332136         
  49156 28656       46.0000   349                     28.0000 31657683         
  49326 28771       47.0000   338                     28.0000 31857136         
  49467 28902       46.0000   382                     28.0000 32119693         
  49616 28831       46.0513   365                     28.0000 31944652         
  49774 28883       46.0000   311                     28.0000 32080435         
  49953 29086       29.5514   429                     28.0000 32374660         
  50096 29005       46.2005   356                     28.0000 32256714         
  50220 29314       37.0000   375                     28.0000 32742363         
Elapsed time = 1552.69 sec. (826246.10 ticks, tree = 696.91 MB, solutions = 0)
  50328 29137       46.0000   420                     28.0000 32494984         
  50449 29534       47.0000   297                     28.0000 33080106         
  50609 29341       46.0000   395                     28.0000 32785562         
  50776 29670       29.0000   433                     28.0000 33227705         
  50935 29511       47.0000   359                     28.0000 33020163         
  51068 29806    infeasible                           28.0000 33449748         
  51191 29810       38.0000   432                     28.0000 33465904         
  51320 30056       46.0000   375                     28.0000 33822954         
  51453 30020       46.0000   296                     28.0000 33770697         
  51624 30298       46.0000   325                     28.0000 34137283         
Elapsed time = 1624.54 sec. (864507.40 ticks, tree = 734.18 MB, solutions = 0)
  51746 30158       46.0000   350                     28.0000 33946829         
  51848 30166    infeasible                           28.0000 33964357         
  51978 30622    infeasible                           28.0000 34587307         
  52127 30651    infeasible                           28.0000 34655418         
  52287 30514       47.0000   399                     28.0000 34416806         
  52431 30593       48.0000   306                     28.0000 34497970         
  52593 30938       46.0000   348                     28.0000 35054037         
  52730 30697       46.0482   387                     28.0000 34724469         
  52858 30904       46.0000   370                     28.0058 35018533         
  52997 30928       46.0000   341                     28.0208 35034859         
Elapsed time = 1696.55 sec. (902928.58 ticks, tree = 757.12 MB, solutions = 0)
  53143 30989       46.0000   363                     28.0246 35117701         
  53290 31173       47.0000   331                     28.0327 35417798         
  53441 31184       46.0000   308                     28.0327 35436830         
  53593 31590       46.0000   377                     28.0491 35975626         
  53706 31682       46.0000   368                     28.0633 36112108         
  53845 31564       48.0000   292                     28.0804 35941410         
  53964 31627       46.0000   404                     28.0918 36026472         
  54097 31930    infeasible                           28.0997 36439815         
  54211 31814       46.0000   367                     28.1091 36312779         
  54323 32044       46.0000   393                     28.1364 36597901         
Elapsed time = 1765.66 sec. (941227.18 ticks, tree = 801.34 MB, solutions = 0)
  54441 32270       46.0000   343                     28.1379 36975326         
  54550 32335       37.0000   303                     28.1379 37061901         
  54658 32202       46.0000   374                     28.1449 36857734         
  54786 32300       37.1071   396                     28.1449 37024777         

GUB cover cuts applied:  938
Clique cuts applied:  98
Cover cuts applied:  1552
Implied bound cuts applied:  498
Flow cuts applied:  13
Mixed integer rounding cuts applied:  732
Zero-half cuts applied:  30
Lift and project cuts applied:  1
Gomory fractional cuts applied:  75

Root node processing (before b&c):
  Real time             =    1.11 sec. (505.47 ticks)
Parallel b&c, 8 threads:
  Real time             = 1798.90 sec. (960300.73 ticks)
  Sync time (average)   =   95.36 sec.
  Wait time (average)   =    0.02 sec.
                          ------------
Total (root+branch&cut) = 1800.01 sec. (960806.20 ticks)
! --------------------------------------------------------
! Problem is UNKNOWN
! CPLEX Status = AbortTimeLim
! --------------------------------------------------------
