! Solving for graph /home/truongxuanhieu/CPLEX-MIP-for-MinSpanLabeling/benchmarks/abp/F-curtis54.mtx.rnd
! Target value is set to 13
! Lower bound is set to 14
! Upper bound is set to 54
! Time limit is set to 1800
! Vertices mode is set to No hole
! Target value mode is set to Antibandwidth
Version identifier: 22.2.0.0 | 2026-05-04 | 5dff98e58
CPXPARAM_TimeLimit                               1800
Tried aggregator 2 times.
MIP Presolve eliminated 126 rows and 135 columns.
MIP Presolve modified 5792 coefficients.
Aggregator did 410 substitutions.
Reduced MIP has 821 rows, 3548 columns, and 10503 nonzeros.
Reduced MIP has 3067 binaries, 179 generals, 0 SOSs, and 302 indicators.
Presolve time = 0.02 sec. (13.25 ticks)
Probing time = 0.02 sec. (6.43 ticks)
Tried aggregator 1 time.
Detecting symmetries...
Reduced MIP has 821 rows, 3548 columns, and 10503 nonzeros.
Reduced MIP has 3067 binaries, 233 generals, 0 SOSs, and 302 indicators.
Presolve time = 0.01 sec. (7.62 ticks)
Probing time = 0.01 sec. (3.29 ticks)
Clique table members: 2688.
MIP emphasis: balance optimality and feasibility.
MIP search method: dynamic search.
Parallel mode: deterministic, using up to 8 threads.
Root relaxation solution time = 0.01 sec. (7.82 ticks)

        Nodes                                         Cuts/
   Node  Left     Objective  IInf  Best Integer    Best Bound    ItCnt     Gap

      0     0       14.0000   124                     14.0000      247         
      0     0       14.0000   320                   Cuts: 305      493         
      0     0       14.0000   234                   Cuts: 305      693         
      0     0       14.0000   286                   Cuts: 305      895         
Detecting symmetries...
      0     2       14.0000   202                     14.0000      895         
Elapsed time = 0.83 sec. (372.70 ticks, tree = 0.02 MB, solutions = 0)
    403   315       44.0000   141                     14.0000    21358         
    896   638       47.0000   137                     14.0000    43305         
   1339  1082       40.0000   130                     14.0000    73612         
   1639  1409       41.0000   172                     14.0000   103893         
   1986  1609       41.0000   169                     14.0000   126304         
   2389  1936       42.0000   133                     14.0000   156146         
   2889  2429       40.0000   200                     18.0769   179874         
   3233  2688       40.0000   145                     23.0000   201664         

Performing restart 1

Repeating presolve.
Tried aggregator 1 time.
Reduced MIP has 821 rows, 3548 columns, and 10503 nonzeros.
Reduced MIP has 3067 binaries, 233 generals, 0 SOSs, and 302 indicators.
Presolve time = 0.01 sec. (5.72 ticks)
Tried aggregator 1 time.
Reduced MIP has 821 rows, 3548 columns, and 10503 nonzeros.
Reduced MIP has 3067 binaries, 233 generals, 0 SOSs, and 302 indicators.
Presolve time = 0.01 sec. (7.84 ticks)
Represolve time = 0.06 sec. (28.21 ticks)
   3332     0       14.0000   292                   Cuts: 305   212887         
   3332     0       14.0000   335                   Cuts: 305   213382         
   3332     0       14.0000   350                   Cuts: 305   214234         
   3332     0       14.0000   391                   Cuts: 305   214753         
   3332     2       14.0000   309                     23.0000   214753         
   3785   370       40.0000   185                     23.0000   236440         
Elapsed time = 9.33 sec. (4572.17 ticks, tree = 0.44 MB, solutions = 0)
   4678  1035    infeasible                           23.0000   291250         
   5095  1164       53.0000   266                     25.0000   351778         
   5334  1458       40.0000   167                     25.0000   446046         
   6054  1964       40.0000   150                     27.0000   537656         
   6760  2426       40.0000   244                     27.0000   631310         
   7454  2785       34.0095   228                     27.0000   707633         
   8061  3298       53.0000   246                     27.0000   790613         

Performing restart 2

Repeating presolve.
Tried aggregator 1 time.
Reduced MIP has 821 rows, 3548 columns, and 12291 nonzeros.
Reduced MIP has 3067 binaries, 233 generals, 0 SOSs, and 302 indicators.
Presolve time = 0.01 sec. (6.15 ticks)
Tried aggregator 1 time.
Reduced MIP has 821 rows, 3548 columns, and 12291 nonzeros.
Reduced MIP has 3067 binaries, 233 generals, 0 SOSs, and 302 indicators.
Presolve time = 0.01 sec. (8.68 ticks)
Represolve time = 0.10 sec. (46.89 ticks)
   8489     0       15.0000   484                   Cuts: 305   852458         
   8489     0       18.0000   368                   Cuts: 305   853794         
   8489     0       18.0000   402                   Cuts: 305   854189         
   8489     0       18.0000   407                   Cuts: 285   854981         
   8489     0       18.0000   397                   Cuts: 305   855467         
   8489     0       18.0000   392                   Cuts: 305   855932         
   8489     0       18.0673   419                   Cuts: 305   856810         
   8489     0       19.0000   363                   Cuts: 305   857298         
   8489     0       19.0000   422                   Cuts: 305   857792         
   8489     2       19.0000   302                     27.0000   857792         
   8694   166       40.0000   160                     27.0000   868902         
   8977   405       41.0000   270                     27.0000   904354         
Elapsed time = 36.93 sec. (17038.65 ticks, tree = 0.53 MB, solutions = 0)
   9154   559       47.0000   210                     27.0000   939759         
   9406   657       45.0000   169                     27.0000   969879         
   9664   931       53.0000   207                     27.0000  1037527         
   9788  1027       53.0000   334                     27.0000  1069251         
   9961  1111       53.0000   272                     27.0000  1124972         
  10058  1249       40.0000   344                     27.0000  1202984         
  10206  1358       53.0000   301                     27.0000  1264094         
  10349  1472       53.0000   286                     27.0000  1341970         
  10424  1503       53.0000   326                     27.0000  1391534         
  10525  1546       45.0000   211                     27.0000  1484702         
Elapsed time = 56.77 sec. (26684.83 ticks, tree = 7.12 MB, solutions = 0)
  10674  1633       45.0000   236                     27.0000  1528032         
  10868  1815       46.0000   149                     27.0000  1600012         
  11023  1851       40.0000   224                     27.0000  1634158         
  11114  1989       50.0000   318                     27.0000  1709989         
  11194  2036       41.0000   248                     27.0000  1756997         
  11274  2101       42.0000   327                     27.0000  1810149         
  11365  2191    infeasible                           27.0000  1891252         
  11447  2254       53.0000   258                     27.0000  1930644         
  11510  2291       53.0000   261                     27.0000  1985633         
  11596  2352       40.0000   210                     27.0000  2046760         
Elapsed time = 76.21 sec. (36369.28 ticks, tree = 15.13 MB, solutions = 0)
  11670  2375       53.0000   308                     27.0000  2087117         
  11745  2417       53.0000   295                     27.0000  2129596         
  11783  2496       33.5000   371                     27.0000  2227542         
  11862  2514       53.0000   285                     27.0000  2257436         
  11942  2590       53.0000   277                     27.0000  2332381         
  12040  2628       54.0000   208                     27.0000  2359162         
  12171  2669    infeasible                           27.2902  2407968         
  12296  2772       40.0000   205                     27.2902  2463664         
  12396  2802       40.0000   335                     27.3578  2505726         
  12484  2924       53.0000   291                     28.0000  2588886         
Elapsed time = 95.13 sec. (46015.48 ticks, tree = 21.68 MB, solutions = 0)
  12604  2982       29.0000   429                     28.0000  2645287         
  12740  3073       42.4091   277                     28.0000  2699987         
  12888  3193       47.0000   230                     28.0000  2760747         
  13064  3293       40.0000   233                     28.0000  2820032         
  13163  3380       42.0000   282                     28.0000  2859142         
  13249  3508       45.0000   225                     28.0000  2940210         
  13357  3555    infeasible                           28.0000  2980659         
  13470  3610       35.0000   393                     28.0000  3032257         
  13644  3698       53.0000   316                     28.0000  3097785         
  13748  3821       39.0000   284                     28.0000  3136668         
Elapsed time = 114.74 sec. (55621.95 ticks, tree = 34.69 MB, solutions = 0)
  13859  3837    infeasible                           28.0000  3163429         
  13930  4010       53.0000   266                     28.6736  3258665         
  14011  4041    infeasible                           28.6736  3306946         
  14084  4097       54.0000   226                     28.6736  3344906         
  14172  4144       52.0000   298                     28.6774  3374984         
  14259  4225       29.0000   420                     28.8633  3453131         
  14372  4301       54.0000   214                     28.8633  3509898         
  14470  4309       54.0000   200                     29.0000  3541552         
  14575  4425       30.2500   417                     29.0000  3613753         
  14679  4498    infeasible                           29.0000  3657514         
Elapsed time = 133.86 sec. (65239.49 ticks, tree = 45.42 MB, solutions = 0)
  14808  4588       44.0000   301                     29.0000  3726602         
  14950  4606       53.0000   249                     29.0000  3734909         
  15044  4766       29.0000   451                     29.0000  3850616         
  15133  4834       53.0000   321                     29.0000  3921633         
  15250  4887       40.0000   234                     29.4988  3964730         
  15396  4973       46.0000   178                     29.4988  3996915         
  15513  4982       34.6239   354                     29.4988  4002343         
  15649  5024       40.0000   329                     29.4988  4035561         
  15756  5231       30.5448   379                     29.9455  4135464         
  15914  5246       33.0000   389                     29.9455  4143699         
Elapsed time = 155.94 sec. (74834.90 ticks, tree = 59.50 MB, solutions = 0)
  15999  5397       46.5000   333                     29.9455  4248734         
  16092  5375       53.0000   338                     29.9455  4245750         
  16171  5455       54.0000   226                     29.9455  4287151         
  16269  5576       54.0000   217                     29.9455  4371040         
  16375  5629       53.0000   306                     30.0000  4409662         
  16456  5646    infeasible                           30.0000  4434144         
  16510  5727       42.0000   330                     30.1004  4513425         
  16583  5732       40.1538   303                     30.1004  4510985         
  16681  5805       40.0000   284                     30.2028  4560150         
  16753  5801       53.0000   289                     30.2028  4589202         
Elapsed time = 175.66 sec. (84581.57 ticks, tree = 69.84 MB, solutions = 0)
  16843  5911       54.0000   235                     30.2028  4704298         
  16923  5922       41.0000   293                     30.2500  4709533         
  17008  5985    infeasible                           30.2500  4768015         
  17094  6050       33.0000   384                     30.2500  4830447         
  17207  6167       53.0000   288                     30.2500  4905659         
  17333  6241       44.0000   316                     30.2500  4972518         
  17454  6226       40.0000   309                     30.2500  4953381         
  17528  6375       53.0000   373                     30.7222  5062109         
  17649  6322       41.0000   278                     30.8044  5024852         
  17945  6635       53.0000   269                     31.0000  5300599         
Elapsed time = 200.87 sec. (97041.33 ticks, tree = 85.72 MB, solutions = 0)
  18211  6770       53.0000   283                     31.0000  5462673         
  18476  6900       54.0000   234                     31.0000  5610161         
  18748  7062       31.1818   422                     31.0000  5802931         
  19108  7290       32.2703   392                     31.0000  6002809         
  19450  7490    infeasible                           31.1373  6201994         
  19734  7676       53.0000   273                     31.1373  6380267         
  20129  7844       53.0000   313                     31.1897  6551139         
  20632  8185       46.0000   295                     31.2281  6775841         
  20941  8426       44.0000   290                     31.8448  6927706         
  21217  8581       45.0000   307                     32.0000  7079849         
Elapsed time = 278.35 sec. (135319.02 ticks, tree = 127.87 MB, solutions = 0)
  21469  8721    infeasible                           32.0000  7290054         
  21819  8878       42.0000   324                     32.0807  7484967         
  22112  9000       53.0000   291                     33.0000  7617556         
  22429  9169       46.0000   309                     33.0000  7824897         
  22717  9347       42.5606   346                     33.0000  7965684         
  22990  9466       46.0000   336                     33.1455  8108956         
  23346  9691       53.0000   285                     33.5000  8351014         
  23653  9867       53.0000   311                     33.5000  8474437         
  23854  9997       53.0000   300                     33.7407  8655243         
  24184 10248       53.0000   311                     33.8405  8913555         
Elapsed time = 355.33 sec. (173584.47 ticks, tree = 167.72 MB, solutions = 0)
  24553 10532       53.0000   372                     34.0000  9088374         
  24900 10666       41.0000   260                     34.0000  9175116         
  25283 10795    infeasible                           34.0000  9317612         
  25553 11197       54.0000   326                     34.0000  9628635         
  25869 11327       53.0000   246                     34.0000  9758746         
  26204 11596       34.0000   306                     34.0000  9976640         
  26550 11821       42.0000   236                     34.0000 10148472         
  27025 12146       53.0000   347                     34.0000 10371962         
  27336 12204       41.0000   332                     34.0000 10399578         
  27620 12606       47.0000   260                     34.0000 10727387         
Elapsed time = 428.88 sec. (211833.17 ticks, tree = 227.91 MB, solutions = 0)
  27886 12659       47.0000   333                     34.0000 10816745         
  28134 12787       53.0000   283                     34.0000 10953793         
  28393 12986       53.0000   318                     34.0000 11136764         
  28658 13049       53.0000   328                     34.0000 11274829         
  28921 13231       53.0000   335                     34.0000 11442524         
  29152 13371       53.0000   314                     34.1522 11604485         
  29392 13566    infeasible                           34.6364 11829734         
  29718 13730       53.0000   365                     34.7358 12016489         
  29989 13796       53.0000   374                     35.0000 12088073         
  30299 14010       48.0000   202                     35.0000 12289369         
Elapsed time = 503.72 sec. (250168.75 ticks, tree = 265.21 MB, solutions = 0)
  30699 14292    infeasible                           35.0000 12543418         
  30988 14322       45.0000   311                     35.0000 12592874         
  31271 14585    infeasible                           35.0000 12851590         
  31592 14820       40.0000   284                     35.0216 13091896         
  31927 14964       53.0000   364                     35.5000 13223654         
  32184 15144       53.0000   331                     35.8333 13346253         
  32509 15233       53.0000   396                     36.0000 13423017         
  32792 15350       49.0000   212                     36.0000 13559532         
  33098 15560       53.0000   300                     36.0000 13758778         
  33349 15909       36.0000   345                     36.0000 14064317         
Elapsed time = 578.53 sec. (288406.08 ticks, tree = 318.82 MB, solutions = 0)
  33629 16044       40.0000   355                     36.0000 14238260         
  33838 16136       54.0000   288                     36.0000 14321613         
  34135 16154    infeasible                           36.0000 14365037         
  34422 16514    infeasible                           36.0000 14738935         
  34719 16743       53.0000   295                     36.0447 14943210         
  35075 16705       53.0000   333                     36.0984 14928018         
  35347 16890       53.0000   386                     37.0000 15107028         
  35602 17105       53.0000   380                     37.0000 15263188         
  35828 17385       53.0000   357                     37.0000 15513635         
  36131 17537       38.0000   442                     37.0000 15697089         
Elapsed time = 652.30 sec. (326670.15 ticks, tree = 366.24 MB, solutions = 0)
  36370 17548       54.0000   307                     37.0000 15717053         
  36589 17669       53.0000   403                     37.0000 15866764         
  36832 17815       53.0000   366                     37.0867 16011255         
  37075 18141       53.0000   351                     37.0867 16368577         
  37299 18186    infeasible                           37.0867 16419273         
  37550 18401       53.0000   373                     37.0867 16689177         
  37774 18409       53.0000   368                     37.1286 16710427         
  38081 18646       41.0000   232                     37.3498 16927498         
  38387 18723       53.0000   329                     37.6348 17054590         
  38685 18809       53.0000   291                     38.0000 17114332         
Elapsed time = 725.48 sec. (364879.14 ticks, tree = 403.94 MB, solutions = 0)
  38935 19217    infeasible                           38.0000 17411328         
  39201 19249       53.0000   331                     38.0000 17430222         
  39455 19409       53.0000   323                     38.0000 17608590         
  39681 19773       53.0000   378                     38.0000 18002193         
  39931 19853       53.0000   370                     38.0000 18092079         
  40196 19930       53.0000   302                     38.0000 18193046         
  40427 20162       51.0000   357                     38.1059 18430094         
  40669 20315       46.0000   333                     38.1776 18638694         
  40882 20307       54.0000   299                     38.2500 18621148         
  41061 20412       53.0000   339                     39.0000 18753457         
Elapsed time = 802.09 sec. (403268.03 ticks, tree = 451.18 MB, solutions = 0)
  41282 20530    infeasible                           39.0000 18894542         
  41475 20682       53.0000   325                     39.0000 19089283         
  41699 20933    infeasible                           39.0000 19344459         
  41916 20999       53.0000   320                     39.0000 19443048         
  42123 21075       40.0000   310                     39.0000 19594903         
  42312 21180       41.0000   327                     39.0000 19731275         
  42508 21412       43.0000   299                     39.0000 20069383         
  42722 21397       53.0000   375                     39.0000 20046858         
  42928 21518       53.0000   340                     39.0000 20179178         
  43086 21730    infeasible                           39.0000 20435017         
Elapsed time = 874.55 sec. (441637.68 ticks, tree = 491.56 MB, solutions = 0)
  43315 21914       53.0000   347                     39.0000 20615988         
  43497 21953    infeasible                           39.0000 20716861         
  43729 22032       53.0000   366                     39.0000 20826256         
  43939 22046       53.0000   276                     39.0000 20845668         
  44120 22173       53.0000   327                     39.0000 20984056         
  44328 22571    infeasible                           39.0000 21437617         
  44558 22454       53.0000   381                     39.0000 21274555         
  44773 22605       53.0000   323                     39.0000 21477829         
  44986 22832       53.0000   344                     39.0000 21784529         
  45195 22799       41.0000   280                     39.0000 21718187         
Elapsed time = 947.57 sec. (479920.25 ticks, tree = 525.15 MB, solutions = 0)
  45361 23122       53.0000   274                     39.0000 22091288         
  45588 23213       53.0000   336                     39.0897 22196431         
  45827 23295       53.0000   331                     39.0897 22309069         
  46023 23404       53.0000   319                     39.0897 22505235         
  46205 23419       53.0000   331                     39.0897 22525403         
  46388 23537       40.0000   304                     39.1082 22646041         
  46617 23783       53.0000   354                     39.1818 23027667         
  46829 23791       53.0000   350                     39.1818 22950171         
  47075 23851       53.0000   313                     39.2226 23126782         
  47304 24202       53.0000   389                     39.2226 23563681         
Elapsed time = 1020.53 sec. (518196.60 ticks, tree = 567.01 MB, solutions = 0)
  47522 24195       40.0000   302                     39.2226 23541206         
  47756 24273       40.0000   325                     39.2226 23696178         
  47984 24272    infeasible                           39.2226 23666367         
  48190 24377       40.0000   411                     39.2226 23847041         
  48350 24645    infeasible                           40.0000 24293237         
  48556 24685       41.0000   392                     40.0000 24365793         
  48729 24747    infeasible                           40.0000 24480103         
  48914 24757    infeasible                           40.0000 24458625         
  49130 25000       44.0000   243                     40.0000 24884545         
  49320 25082    infeasible                           40.0000 25053146         
Elapsed time = 1092.64 sec. (556611.53 ticks, tree = 591.11 MB, solutions = 0)
  49534 25048       53.0000   314                     40.0000 24919923         
  49730 25091       53.0000   377                     40.0000 25093831         
  49903 25377       40.0000   345                     40.0000 25520452         
  50086 25222    infeasible                           40.0000 25332506         
  50283 25395       53.0000   270                     40.0000 25506058         
  50485 25719       53.0000   334                     40.0000 26055730         
  50740 25762       53.0000   375                     40.0000 26113829         
  50929 25834       53.0000   300                     40.0000 26188128         
  51127 25899       40.2418   347                     40.0000 26260963         
  51331 26163       53.0000   375                     40.0000 26577155         
Elapsed time = 1164.13 sec. (594848.74 ticks, tree = 631.71 MB, solutions = 0)
  51504 26170    infeasible                           40.0000 26595979         
  51675 26324       53.0000   279                     40.0000 26785979         
  51883 26272       53.0000   265                     40.0000 26740857         
  52033 26459       46.5000   378                     40.0000 27024733         
  52194 26473       53.0000   267                     40.0000 27042907         
  52351 26697       54.0000   332                     40.0000 27349020         
  52516 26725       54.0000   174                     40.0000 27368206         
  52706 26882       53.0000   323                     40.0000 27706466         
  52879 27070       40.0000   340                     40.0000 27924716         
  53110 27142    infeasible                           40.0000 28037733         
Elapsed time = 1234.51 sec. (633127.56 ticks, tree = 662.67 MB, solutions = 0)
  53314 27147       53.0000   286                     40.0000 28009018         
  53536 27317       52.0000   387                     40.0000 28277871         
  53751 27406       53.0000   324                     40.0000 28350753         
  53946 27737       40.0000   424                     40.0000 28680130         
  54118 27679       40.0000   420                     40.0000 28645782         
  54301 27783       53.0000   310                     40.0000 28718086         
  54472 28004       53.0000   386                     40.0000 29041891         
  54675 28162       53.0000   324                     40.0000 29270185         
  54880 27962       54.0000   378                     40.0000 28976877         
  55073 28183       53.0000   343                     40.0000 29306180         
Elapsed time = 1305.24 sec. (671407.98 ticks, tree = 705.40 MB, solutions = 0)
  55256 28544       53.0000   270                     40.0000 29705341         
  55432 28599       53.0000   330                     40.0000 29837269         
  55616 28641       53.0000   210                     40.0000 29858017         
  55794 28595    infeasible                           40.0000 29815911         
  55988 28828       53.0000   316                     40.0000 30109292         
  56137 28877    infeasible                           40.0000 30227269         
  56310 28974       40.0000   302                     40.0000 30360858         
  56477 29201       53.0000   350                     40.0000 30667120         
  56629 29215       53.0000   313                     40.0000 30686399         
  56803 29312       53.0000   387                     40.0000 30907188         
Elapsed time = 1378.99 sec. (709772.39 ticks, tree = 751.94 MB, solutions = 0)
  56965 29544       42.5606   354                     40.0000 31155164         
  57129 29498       53.0000   346                     40.0000 31116204         
  57364 29668       53.0000   325                     40.0000 31352696         
  57551 29587       53.0000   381                     40.0000 31261016         
  57710 30002       53.0000   361                     40.0000 31829681         
  57864 29902       53.0000   349                     40.0000 31734149         
  58060 30107       53.0000   265                     40.0000 31979881         
  58230 30236       40.0239   375                     40.0000 32174270         
  58432 30134       53.0000   290                     40.0000 32018504         
  58653 30530    infeasible                           40.0000 32606220         
Elapsed time = 1449.43 sec. (748136.98 ticks, tree = 797.10 MB, solutions = 0)
  58841 30564    infeasible                           40.0000 32625043         
  59056 30519    infeasible                           40.0000 32586892         
  59235 30583       53.0000   298                     40.0000 32659594         
  59481 30926       42.3636   360                     40.0000 33082996         
  59636 30874       40.0000   304                     40.0000 33033942         
  59857 31127       41.0000   250                     40.0000 33286304         
  60045 31368       40.0000   315                     40.0000 33592829         
  60185 31325       53.0000   248                     40.0000 33548831         
  60347 31503       53.0000   327                     40.0000 33806978         
  60563 31591       53.0000   281                     40.0000 33884918         
Elapsed time = 1521.05 sec. (786407.36 ticks, tree = 837.66 MB, solutions = 0)
  60784 31763       40.0000   255                     40.0000 34188048         
  60952 31868       53.0000   301                     40.0000 34314122         
  61198 31726       54.0000   364                     40.0000 34104723         
  61446 32067       40.0000   302                     40.0000 34514596         
  61639 31977       53.0000   300                     40.0000 34431012         
  61870 32513       53.0000   265                     40.0000 34962680         
  62081 32760       53.0000   326                     40.0000 35157964         
  62256 32428       41.1154   323                     40.0000 34888900         
  62491 32821       42.0000   313                     40.0000 35316975         
  62700 32831       53.0000   270                     40.0000 35213946         
Elapsed time = 1592.66 sec. (824772.13 ticks, tree = 887.03 MB, solutions = 0)
  62940 33094       54.0000   200                     40.0000 35572887         
  63106 33205       53.0000   289                     40.0000 35720073         
  63261 33442    infeasible                           40.0000 36018441         
  63432 33598    infeasible                           40.0000 36148129         
  63583 33696       41.0000   304                     40.0000 36348573         
  63753 33751       53.0000   331                     40.0000 36421439         
  63940 33713       53.0000   290                     40.0000 36329890         
  64088 33822       53.0000   298                     40.0000 36577397         
  64258 34008       53.0000   283                     40.0000 36835024         
  64441 34033       53.0000   412                     40.0000 36909365         
Elapsed time = 1663.09 sec. (863173.58 ticks, tree = 938.80 MB, solutions = 0)
  64629 34129       50.0000   297                     40.0000 37039530         
  64840 34377       53.0000   303                     40.0000 37410502         
  65028 34360       53.0000   349                     40.0000 37371154         
  65217 34391       53.0000   319                     40.0000 37386269         
  65375 34606       53.0000   310                     40.0000 37637065         
  65508 34624       53.0000   342                     40.0000 37654610         
  65656 34647       54.0000   373                     40.0000 37724004         
  65790 34908       53.0000   324                     40.0000 38091012         
  65981 34990       53.0000   337                     40.0000 38163644         
  66149 35018       40.0000   332                     40.0000 38181921         
Elapsed time = 1734.56 sec. (901451.29 ticks, tree = 974.95 MB, solutions = 0)
  66317 35265    infeasible                           40.0000 38672033         
  66525 35336       53.0000   299                     40.0000 38736209         
  66682 35188       53.0000   387                     40.0000 38537556         
  66848 35559    infeasible                           40.0000 39020406         
  66988 35386       53.0000   346                     40.0000 38791476         
  67163 35826       53.0000   363                     40.0000 39420124         
  67341 35705       53.0000   330                     40.0000 39260110         
  67518 35733       53.0000   322                     40.0000 39277526         
  67695 35936    infeasible                           40.0000 39595976         

GUB cover cuts applied:  707
Clique cuts applied:  64
Cover cuts applied:  2166
Implied bound cuts applied:  776
Flow cuts applied:  8
Mixed integer rounding cuts applied:  305
Zero-half cuts applied:  17
Lift and project cuts applied:  2
Gomory fractional cuts applied:  85

Root node processing (before b&c):
  Real time             =    0.83 sec. (372.15 ticks)
Parallel b&c, 8 threads:
  Real time             = 1799.37 sec. (937853.62 ticks)
  Sync time (average)   =  124.57 sec.
  Wait time (average)   =    0.02 sec.
                          ------------
Total (root+branch&cut) = 1800.19 sec. (938225.77 ticks)
! --------------------------------------------------------
! Problem is UNKNOWN
! CPLEX Status = AbortTimeLim
! --------------------------------------------------------
