! Solving for graph /home/truongxuanhieu/CPLEX-MIP-for-MinSpanLabeling/benchmarks/abp/G-will57.mtx.rnd
! Target value is set to 13
! Lower bound is set to 14
! Upper bound is set to 57
! Time limit is set to 1800
! Vertices mode is set to No hole
! Target value mode is set to Antibandwidth
Version identifier: 22.2.0.0 | 2026-05-04 | 5dff98e58
CPXPARAM_TimeLimit                               1800
Tried aggregator 2 times.
MIP Presolve eliminated 129 rows and 142 columns.
MIP Presolve modified 6456 coefficients.
Aggregator did 425 substitutions.
Reduced MIP has 851 rows, 3901 columns, and 11559 nonzeros.
Reduced MIP has 3405 binaries, 185 generals, 0 SOSs, and 311 indicators.
Presolve time = 0.02 sec. (14.46 ticks)
Probing time = 0.02 sec. (7.38 ticks)
Tried aggregator 2 times.
Detecting symmetries...
Aggregator did 4 substitutions.
Reduced MIP has 847 rows, 3897 columns, and 11555 nonzeros.
Reduced MIP has 3405 binaries, 238 generals, 0 SOSs, and 311 indicators.
Presolve time = 0.01 sec. (10.82 ticks)
Probing time = 0.01 sec. (3.38 ticks)
Clique table members: 2196.
MIP emphasis: balance optimality and feasibility.
MIP search method: dynamic search.
Parallel mode: deterministic, using up to 8 threads.
Root relaxation solution time = 0.01 sec. (9.33 ticks)

        Nodes                                         Cuts/
   Node  Left     Objective  IInf  Best Integer    Best Bound    ItCnt     Gap

      0     0       14.0000   137                     14.0000      260         
      0     0       14.0000   282                   Cuts: 311      502         
      0     0       14.0000   262                   Cuts: 311      727         
      0     0       14.0000   219                   Cuts: 311     1018         
      0     0       14.0000   258                   Cuts: 311     1189         
Detecting symmetries...
      0     2       14.0000   191                     14.0000     1189         
Elapsed time = 1.02 sec. (478.40 ticks, tree = 0.02 MB, solutions = 0)
    303   263       42.0000   139                     14.0000    18372         
    563   513       27.0000   125                     14.0000    42801         
   1003   817       40.0000   134                     14.0000    65266         
   1376  1176       43.0000   142                     14.0000    90508         

Performing restart 1

Repeating presolve.
Tried aggregator 1 time.
Reduced MIP has 847 rows, 3897 columns, and 11555 nonzeros.
Reduced MIP has 3405 binaries, 238 generals, 0 SOSs, and 311 indicators.
Presolve time = 0.01 sec. (6.16 ticks)
Tried aggregator 1 time.
Reduced MIP has 847 rows, 3897 columns, and 11555 nonzeros.
Reduced MIP has 3405 binaries, 238 generals, 0 SOSs, and 311 indicators.
Presolve time = 0.01 sec. (8.54 ticks)
Represolve time = 0.06 sec. (32.31 ticks)
   1811     0       14.0000   280                   Cuts: 311   117913         
   1811     0       14.0000   329                   Cuts: 311   118503         
   1811     0       14.1457   461                   Cuts: 311   119005         
   1811     0       15.0000   390                   Cuts: 311   119353         
   1811     0       15.0973   462                   Cuts: 311   119733         
   1811     0       16.0000   478                   Cuts: 311   120119         
   1811     0       16.0000   445                   Cuts: 311   120593         
   1811     0       16.0000   423                   Cuts: 311   121024         
   1811     0       16.0000   402                   Cuts: 311   121563         
   1811     0       16.5553   432                   Cuts: 311   122215         
   1811     0       16.6176   410                   Cuts: 311   122488         
   1811     0       16.6176   436                   Cuts: 311   122720         
   1811     0       16.7065   441                   Cuts: 311   123389         
   1811     0       16.7080   453                   Cuts: 311   123763         
   1811     0       16.8190   466                   Cuts: 311   124329         
   1811     0       16.8412   380                   Cuts: 311   124610         
   1811     0       16.8534   431                   Cuts: 311   124886         
   1811     0       16.8534   423                   Cuts: 311   125100         
   1811     2       17.0000   274                     16.8534   125100         
   1853    25       40.0000   146                     18.3333   126405         
   1896    53       33.5000   316                     18.3333   131660         
   1982   126       40.0000   183                     18.3333   138012         
   2174   275       40.0000   150                     18.3333   145429         
   2766   687       54.0000   201                     27.0000   173653         
Elapsed time = 15.15 sec. (7626.75 ticks, tree = 1.07 MB, solutions = 0)
   3150  1051       40.0000   253                     27.0000   224916         
   3445  1343       44.0000   122                     27.0000   286072         
   3642  1603       53.0000   276                     27.7735   375178         
   3706  1640       53.0000   244                     32.2876   418556         
   3810  1704       53.0000   220                     33.5000   478757         
   3901  1795    infeasible                           33.5000   566917         
   3976  1839       53.0000   253                     33.5000   621675         
   4046  1878       40.0000   258                     40.0000   662284         
   4115  1891       53.0000   335                     40.0000   696768         
   4321  1988       53.0000   253                     40.0000   770978         
Elapsed time = 33.96 sec. (17229.75 ticks, tree = 4.19 MB, solutions = 0)
   4482  2181       53.0000   232                     40.0000   824121         
   4569  2205       53.0000   298                     40.0000   854088         
   4702  2262    infeasible                           40.0000   931873         
   4784  2306       53.0000   266                     40.0000   982022         
   4847  2344       53.0000   273                     40.0000  1021368         
   4929  2392       53.0000   250                     40.0000  1097083         
   5015  2429       53.0000   289                     40.0000  1154601         
   5075  2473       53.0000   269                     40.0000  1222802         
   5114  2499       40.0000   311                     40.0000  1275177         
   5190  2534       54.0000   272                     40.0000  1312312         
Elapsed time = 53.05 sec. (26851.75 ticks, tree = 8.81 MB, solutions = 0)
   5304  2593       54.0000   227                     40.0000  1341923         

Performing restart 2

Repeating presolve.
Tried aggregator 1 time.
Reduced MIP has 847 rows, 3897 columns, and 13277 nonzeros.
Reduced MIP has 3405 binaries, 238 generals, 0 SOSs, and 311 indicators.
Presolve time = 0.01 sec. (6.83 ticks)
Tried aggregator 1 time.
MIP Presolve modified 3 coefficients.
Reduced MIP has 847 rows, 3897 columns, and 13277 nonzeros.
Reduced MIP has 3405 binaries, 238 generals, 0 SOSs, and 311 indicators.
Presolve time = 0.01 sec. (9.60 ticks)
Represolve time = 0.25 sec. (138.95 ticks)
   5355     0       18.0000   565                   Cuts: 311  1403258         
   5355     0       19.0000   480                   Cuts: 311  1408395         
   5355     0       19.0000   415                   Cuts: 311  1409404         
   5355     0       19.0000   460                   Cuts: 311  1410212         
   5355     0       19.0130   490                   Cuts: 311  1411513         
   5355     0       20.0000   407                   Cuts: 311  1412073         
   5355     0       20.0000   453                   Cuts: 311  1412607         
   5355     0       20.7326   405                   Cuts: 311  1413159         
   5355     0       22.0917   407                   Cuts: 311  1413466         
   5355     0       23.0000   380                   Cuts: 311  1413930         
   5355     0       23.0000   368                   Cuts: 311  1414466         
   5355     0       23.3411   417                   Cuts: 311  1414911         
   5355     0       23.6021   422                   Cuts: 311  1415464         
   5355     2       24.0000   271                     40.0000  1415464         
   5614   184       52.0000   202                     40.0000  1435557         
   5908   424    infeasible                           40.0000  1481897         
   6124   596       53.0000   225                     40.0000  1527678         
   6320   725       27.0000   283                     40.0000  1566789         
   6506   842       56.0000   256                     40.0000  1622047         
   6684  1051       27.0000   352                     40.0000  1686559         
   6837  1159       53.0000   259                     40.0000  1742374         
   7010  1264       53.0000   240                     40.0000  1793245         
Elapsed time = 83.77 sec. (43564.59 ticks, tree = 6.87 MB, solutions = 0)
   7174  1350       53.0000   210                     40.0000  1821690         
   7359  1541       27.0000   359                     40.0000  1876144         
   7469  1618       53.0000   211                     40.0000  1902367         
   7610  1726       40.0000   227                     40.0000  1950495         
   7728  1787       40.0000   334                     40.0000  1980537         
   7811  1908       53.0000   196                     40.0000  2052494         
   7923  1925       44.5000   338                     40.0000  2074373         
   8016  2021       54.0000   300                     40.0000  2107233         
   8106  2114       56.0000   222                     40.0000  2154617         
   8212  2160       40.0000   380                     40.0000  2188014         
Elapsed time = 101.23 sec. (53212.44 ticks, tree = 15.91 MB, solutions = 0)
   8308  2256    infeasible                           40.0000  2244242         
   8394  2310       53.0000   263                     40.0000  2274259         
   8494  2426       53.0000   283                     40.0000  2331933         
   8580  2498       53.0000   279                     40.0000  2381308         
   8654  2561       53.0000   306                     40.0000  2415671         
   8728  2597       53.0000   312                     40.0000  2456925         
   8780  2639       53.0000   304                     40.0000  2498715         
   8838  2691       27.0000   438                     40.0000  2551174         
   8888  2729       53.0000   313                     40.0000  2592153         
   8934  2751       40.0000   373                     40.0000  2614062         
Elapsed time = 119.41 sec. (62910.38 ticks, tree = 22.89 MB, solutions = 0)
   8997  2795       53.0000   274                     40.0000  2647419         
   9057  2870    infeasible                           40.0000  2705828         
   9092  2895       53.0000   356                     40.0000  2723738         
   9144  2946       53.0000   273                     40.0000  2802228         
   9213  2948       54.0000   225                     40.0000  2802095         
   9286  3030    infeasible                           40.0000  2860497         
   9325  3049       40.0000   385                     40.0000  2884469         
   9359  3115       53.0000   319                     40.0000  2921445         
   9411  3133       53.0000   294                     40.0000  2958277         
   9463  3144       53.0000   334                     40.0000  2975207         
Elapsed time = 137.91 sec. (72682.31 ticks, tree = 28.65 MB, solutions = 0)
   9518  3195       44.0345   375                     40.0000  3033654         
   9566  3245       53.0000   254                     40.0000  3066626         
   9600  3254       53.0000   283                     40.0000  3084566         
   9654  3277       55.0000   329                     40.0000  3109377         
   9694  3311       55.0000   282                     40.0000  3145008         
   9744  3367       53.0000   396                     40.0000  3224438         
   9791  3391       54.0000   287                     40.0000  3248957         
   9839  3407       53.0000   338                     40.0000  3263462         
   9902  3444       53.0000   340                     40.0000  3289050         
   9974  3496    infeasible                           40.0000  3341711         
Elapsed time = 157.16 sec. (82406.33 ticks, tree = 33.54 MB, solutions = 0)
  10033  3522    infeasible                           40.0000  3371836         
  10067  3617       53.0000   259                     40.0000  3438381         
  10112  3590       53.0000   323                     40.0000  3418703         
  10149  3636       53.0000   278                     40.0000  3458834         
  10183  3699       56.0000   370                     40.0000  3517847         
  10218  3734       54.0000   353                     40.0000  3562416         
  10281  3775       54.0000   208                     40.0000  3625805         
  10350  3753       53.0000   301                     40.0000  3588517         
  10396  3791       40.0000   395                     40.0000  3642060         
  10436  3824       53.0000   305                     40.0000  3664872         
Elapsed time = 175.11 sec. (92247.54 ticks, tree = 38.15 MB, solutions = 0)
  10483  3890       40.0000   377                     40.0000  3729583         
  10560  3940       54.0000   356                     40.0000  3776476         
  10605  3944       54.0000   374                     40.0000  3779915         
  10664  4045       54.0000   348                     40.0000  3856807         
  10705  3988       27.0000   523                     40.0000  3830600         
  10744  4080       40.0000   301                     40.0000  3881782         
  10788  4085       53.0000   309                     40.0000  3886148         
  10842  4154       53.0000   294                     40.0000  3957218         
  10898  4166       53.0000   178                     40.0000  3961809         
  11118  4354       53.0000   303                     40.0000  4152158         
Elapsed time = 197.90 sec. (104879.32 ticks, tree = 48.09 MB, solutions = 0)
  11289  4524       53.0000   342                     40.0000  4286678         
  11543  4637       53.0000   373                     40.0000  4392581         
  11691  4754       56.0000   393                     40.0000  4463772         
  11857  4961       54.0000   216                     40.0000  4669372         
  12080  5043       53.0000   452                     40.0000  4737502         
  12181  5263       53.0000   365                     40.0000  4973422         
  12336  5331       53.0000   289                     40.0000  5072181         
  12528  5471       47.0000   370                     40.0000  5211871         
  12777  5601    infeasible                           40.0000  5335138         
  12917  5722       54.0000   307                     40.0000  5436602         
Elapsed time = 265.97 sec. (143199.75 ticks, tree = 73.38 MB, solutions = 0)
  13074  5861       54.2858   298                     40.0000  5649818         
  13323  5979       55.0000   282                     40.0000  5733359         
  13522  6083       56.0000   232                     40.0000  5831793         
  13652  6248       53.0000   319                     40.0000  5980609         
  13800  6358       53.0000   294                     40.0000  6155348         
  14000  6491       40.0000   399                     40.0000  6284625         
  14188  6609       56.0000   320                     40.0000  6426275         
  14348  6789       54.0000   304                     40.0000  6631950         
  14485  6849       40.0000   435                     40.0000  6723262         
  14616  6959       53.0000   350                     40.0000  6863666         
Elapsed time = 334.61 sec. (181553.59 ticks, tree = 93.79 MB, solutions = 0)
  14762  7019       54.0000   396                     40.0000  6980927         
  14933  7067       53.0000   300                     40.0000  7047954         
  15106  7277       55.0000   283                     40.0000  7244486         
  15317  7300       54.0000   239                     40.0000  7281716         
  15554  7579       53.0000   220                     40.0000  7501830         
  15719  7687       40.7262   479                     40.0000  7609795         
  15898  7846       57.0000   204                     40.0000  7768900         
  16041  7943       54.0000   260                     40.0000  7874427         
  16207  8021       54.0000   227                     40.0000  7959526         
  16367  8086       55.0000   274                     40.0000  8057065         
Elapsed time = 403.26 sec. (219903.36 ticks, tree = 118.04 MB, solutions = 0)
  16578  8269       29.0000   547                     40.0000  8203829         
  16763  8395       55.0000   302                     40.0000  8408714         
  16906  8458       57.0000   243                     40.0000  8459970         
  17122  8688       53.0000   355                     40.0000  8678093         
  17275  8736       53.0000   261                     40.0000  8744615         
  17486  8935       54.0000   362                     40.0000  8966602         
  17690  9040       42.0000   398                     40.0000  9052715         
  17830  9222    infeasible                           40.0000  9287983         
  17995  9324       53.0000   392                     40.0000  9378310         
  18180  9440       53.0000   338                     40.0000  9512804         
Elapsed time = 473.10 sec. (258272.04 ticks, tree = 149.56 MB, solutions = 0)
  18338  9543       40.0000   400                     40.0000  9607439         
  18492  9709       54.0000   292                     40.0000  9768980         
  18672  9730       53.0000   397                     40.0000  9790043         
  18838  9870       53.0000   396                     40.0000  9970085         
  19005 10007       53.0000   393                     40.0000 10139950         
  19152 10021       57.0000   321                     40.0000 10154927         
  19338 10183       55.0000   316                     40.0000 10331140         
  19554 10310       53.0000   301                     40.0000 10486829         
  19755 10572       55.0000   382                     40.0000 10740227         
  19953 10643       54.0000   306                     40.0000 10807442         
Elapsed time = 543.14 sec. (296668.91 ticks, tree = 178.11 MB, solutions = 0)
  20117 10712       53.0000   325                     40.0000 10878098         
  20277 10980       53.0000   311                     40.0000 11133777         
  20479 11009       53.0000   328                     40.0000 11175594         
  20738 11243       53.0000   298                     40.0000 11409908         
  20927 11420       55.0000   324                     40.0000 11596962         
  21124 11395       53.0000   271                     40.0000 11581700         
  21276 11581       54.0000   345                     40.0000 11721603         
  21425 11678       56.0000   328                     40.0000 11824651         
  21547 11724       37.0000   417                     40.0000 11910894         
  21658 11830       53.0000   354                     40.0000 12095320         
Elapsed time = 612.31 sec. (334996.99 ticks, tree = 208.58 MB, solutions = 0)
  21841 11933       44.0000   375                     40.0000 12318684         
  21965 12021       53.0000   367                     40.0000 12481647         
  22113 12127       53.0000   302                     40.0000 12618106         
  22246 12197       40.0000   381                     40.0000 12692354         
  22348 12277       40.0000   396                     40.0000 12851816         
  22481 12352       56.0000   315                     40.0000 12943580         
  22647 12429       53.0000   337                     40.0000 13122151         
  22811 12552       54.0000   334                     40.0000 13283194         
  22965 12559       53.0000   357                     40.0000 13285576         
  23136 12619       53.0000   342                     40.0000 13379938         
Elapsed time = 682.78 sec. (373378.91 ticks, tree = 225.70 MB, solutions = 0)
  23275 12868       53.0000   370                     40.0000 13687843         
  23431 12912       54.0000   185                     40.0000 13732619         
  23613 13020       56.0000   277                     40.0000 13863943         
  23750 13098    infeasible                           40.0000 13980951         
  23884 13165       54.0000   296                     40.0000 14066014         
  24014 13424       53.0000   352                     40.0000 14453443         
  24150 13415       56.0000   291                     40.0000 14432826         
  24273 13533    infeasible                           40.0000 14634425         
  24405 13542       46.5000   410                     40.0000 14682181         
  24576 13663       54.3168   307                     40.0000 14817093         
Elapsed time = 754.47 sec. (411796.95 ticks, tree = 252.70 MB, solutions = 0)
  24722 13699    infeasible                           40.0000 14904316         
  24838 13918       53.0000   255                     40.0000 15194715         
  24946 13928       54.0000   320                     40.0000 15212615         
  25060 14013       54.0000   371                     40.0000 15400505         
  25160 14025    infeasible                           40.0000 15418235         
  25286 14205       53.0000   333                     40.0000 15717306         
  25443 14340       56.0000   270                     40.0000 15916254         
  25624 14371       53.0000   419                     40.0000 15999237         
  25751 14407       40.0391   395                     40.0000 16055698         
  25897 14477       54.0000   248                     40.0000 16142184         
Elapsed time = 824.54 sec. (450244.77 ticks, tree = 273.93 MB, solutions = 0)
  26059 14596    infeasible                           40.0000 16291864         
  26196 14683       40.0000   469                     40.0000 16381308         
  26356 14782       53.0000   412                     40.0000 16550684         
  26481 14929    infeasible                           40.0000 16760520         
  26588 15028       53.0000   313                     40.0000 16917634         
  26727 15033       53.0000   443                     40.0000 16936254         
  26847 15174       54.0000   419                     40.0000 17111320         
  26956 15251       53.0000   354                     40.0000 17234104         
  27080 15378       53.0000   382                     40.0000 17454682         
  27227 15379       53.0000   326                     40.0000 17436190         
Elapsed time = 894.57 sec. (488737.60 ticks, tree = 299.08 MB, solutions = 0)
  27365 15632       57.0000   253                     40.0000 17800601         
  27493 15646       56.0000   329                     40.0000 17817845         
  27635 15819       54.0000   306                     40.0000 18110364         
  27779 15835       53.0000   333                     40.0000 18126206         
  27926 15909       53.0000   333                     40.0000 18187536         
  28067 16074    infeasible                           40.0000 18459650         
  28196 16040    infeasible                           40.0000 18434652         
  28319 16049       53.0000   337                     40.0000 18448427         
  28449 16310    infeasible                           40.0000 18796430         
  28607 16315       53.0000   218                     40.0000 18766039         
Elapsed time = 964.53 sec. (527197.20 ticks, tree = 323.03 MB, solutions = 0)
  28733 16431    infeasible                           40.0000 18988566         
  28895 16441       53.0000   400                     40.0000 19002627         
  29040 16616       57.0000   319                     40.0000 19225201         
  29173 16808       54.0000   381                     40.0000 19502150         
  29332 16712       53.0000   343                     40.0000 19377417         
  29480 16806       54.0000   276                     40.0000 19491336         
  29612 16984       40.0000   415                     40.0000 19732628         
  29728 17099       54.0000   286                     40.0000 19889256         
  29846 17058       53.0000   356                     40.0000 19848218         
  29976 17369       55.0000   353                     40.0000 20294752         
Elapsed time = 1035.26 sec. (565611.41 ticks, tree = 355.23 MB, solutions = 0)
  30111 17280       54.0000   425                     40.0000 20186037         
  30314 17460       55.0000   199                     40.0000 20369088         
  30457 17578       40.0000   422                     40.0000 20629737         
  30578 17715       57.0000   367                     40.0000 20789421         
  30745 17727       57.0000   299                     40.0000 20804209         
  30889 17737       53.0000   354                     40.0000 20819508         
  30996 18007       56.0000   333                     40.0000 21151023         
  31096 18076       56.0000   391                     40.0000 21251506         
  31209 18112       57.0000   323                     40.0000 21306088         
  31391 18234       55.0000   329                     40.0000 21442821         
Elapsed time = 1105.38 sec. (603945.63 ticks, tree = 380.73 MB, solutions = 0)
  31516 18334       53.0000   351                     40.0000 21653445         
  31670 18343       53.0000   320                     40.0000 21625029         
  31814 18381    infeasible                           40.0000 21732290         
  31932 18517       53.0000   417                     40.0000 21893967         
  32032 18682       57.0000   311                     40.0000 22125895         
  32158 18718       53.0000   376                     40.0000 22193331         
  32277 18689       53.0000   433                     40.0000 22154101         
  32399 18868       55.0000   359                     40.0000 22373628         
  32563 18907       53.0000   372                     40.0000 22436596         
  32710 18983       56.0000   390                     40.0000 22592026         
Elapsed time = 1175.61 sec. (642305.53 ticks, tree = 402.48 MB, solutions = 0)
  32811 19077       54.0000   265                     40.0000 22700956         
  32962 19243       57.0000   349                     40.0000 22949046         
  33069 19403       53.0000   462                     40.0000 23171252         
  33188 19569       57.0000   272                     40.0000 23414893         
  33304 19505       57.0000   344                     40.0000 23365790         
  33442 19513       54.0000   376                     40.0000 23380003         
  33535 19777       53.0000   324                     40.0000 23729560         
  33654 19785       53.0000   400                     40.0000 23744586         
  33772 19743       53.0000   354                     40.0000 23676525         
  33862 19929       53.0000   367                     40.0000 23969585         
Elapsed time = 1245.60 sec. (680763.51 ticks, tree = 432.09 MB, solutions = 0)
  33941 19897       57.0000   283                     40.0000 23886013         
  34035 19966       53.0000   383                     40.0000 24049679         
  34155 20079       53.0000   291                     40.0000 24217342         
  34301 20151       44.0000   384                     40.0000 24347558         
  34430 20317       53.0000   375                     40.0000 24696090         
  34532 20241       53.0000   318                     40.0000 24537847         
  34618 20359       53.0000   459                     40.0000 24778032         
  34739 20489       53.0000   335                     40.0000 24961193         
  34882 20428       55.0000   267                     40.0000 24871768         
  35007 20725       53.0000   495                     40.0000 25336608         
Elapsed time = 1316.73 sec. (719214.84 ticks, tree = 453.66 MB, solutions = 0)
  35130 20636       53.0000   390                     40.0000 25206478         
  35250 20816       53.0000   403                     40.0000 25479688         
  35352 20714       54.0000   378                     40.0000 25327162         
  35457 20837       53.0000   469                     40.0000 25513298         
  35575 20911       53.0000   395                     40.0000 25635707         
  35696 21181       55.0000   307                     40.0000 26084404         
  35807 21118       53.0000   426                     40.0000 25990881         
  35912 21244       54.0000   282                     40.0000 26172398         
  36032 21413       40.2085   450                     40.0000 26433834         
  36163 21374       53.0000   339                     40.0000 26347687         
Elapsed time = 1388.92 sec. (757668.26 ticks, tree = 474.57 MB, solutions = 0)
  36260 21441       53.0000   374                     40.0000 26466645         
  36404 21501       54.0000   288                     40.0000 26572259         
  36492 21617       57.0000   322                     40.0000 26752017         
  36591 21703       40.0000   367                     40.0000 26887614         
  36676 21564       40.1140   467                     40.0000 26721040         
  36778 21852       47.0000   379                     40.0000 27132591         
  36891 21894       56.0000   268                     40.0000 27201394         
  36981 21841       53.0000   386                     40.0000 27101574         
  37057 22018    infeasible                           40.0000 27451042         
  37124 22095       53.0000   474                     40.0000 27606640         
Elapsed time = 1458.31 sec. (796566.91 ticks, tree = 498.75 MB, solutions = 0)
  37199 22233       53.0000   332                     40.0000 27850072         
  37294 22251       53.0000   280                     40.0000 27869294         
  37398 22150       53.0000   369                     40.0000 27694406         
  37515 22230       53.0000   396                     40.0000 27834624         
  37621 22284    infeasible                           40.0000 27970530         
  37738 22519       45.0000   424                     40.0000 28421769         
  37865 22535       56.0000   283                     40.0000 28437113         
  37945 22423       53.0000   354                     40.0000 28241819         
  38039 22583       53.0000   376                     40.0000 28574792         
  38136 22595       53.0000   367                     40.0000 28588306         
Elapsed time = 1528.78 sec. (835149.00 ticks, tree = 513.56 MB, solutions = 0)
  38220 22769    infeasible                           40.0000 28857341         
  38317 22724       53.0000   480                     40.0000 28806203         
  38405 22978       53.0000   410                     40.0000 29146154         
  38532 22989       54.0000   353                     40.0000 29160714         
  38629 23151       40.0000   467                     40.0000 29539445         
  38733 23127       55.0000   392                     40.0000 29495002         
  38820 23059       53.0000   271                     40.0000 29326089         
  38929 23182       57.0000   396                     40.0000 29583898         
  39022 23322       53.0000   296                     40.0000 29860424         
  39097 23299    infeasible                           40.0000 29807069         
Elapsed time = 1597.59 sec. (873637.38 ticks, tree = 537.87 MB, solutions = 0)
  39180 23536       53.0000   433                     40.0000 30210391         
  39315 23349       57.0000   350                     40.0000 29901202         
  39429 23722       53.0000   434                     40.0000 30452193         
  39532 23548       53.0000   445                     40.0000 30259634         
  39601 23734       53.0000   498                     40.0000 30476734         
  39707 23877       54.0094   343                     40.0000 30742011         
  39811 23785       54.0000   303                     40.0000 30577473         
  39908 23935       53.0000   421                     40.0000 30843180         
  40025 23956       53.0000   288                     40.0000 30859558         
  40154 24010       53.0000   355                     40.0000 30941881         
Elapsed time = 1667.01 sec. (912094.05 ticks, tree = 562.99 MB, solutions = 0)
  40243 24027    infeasible                           40.0000 30958915         
  40344 24338       57.0000   195                     40.0000 31510878         
  40465 24287       54.0000   309                     40.0000 31445662         
  40562 24358       53.0000   359                     40.0000 31538114         
  40673 24398       53.0000   321                     40.0000 31610087         
  40774 24487       55.0000   253                     40.0000 31745082         
  40845 24689       53.0000   264                     40.0000 32060887         
  40935 24594       55.0000   258                     40.0000 31950358         
  41077 24715       53.0000   338                     40.0000 32099516         
  41173 24853       56.0000   465                     40.0000 32347086         
Elapsed time = 1736.47 sec. (950580.43 ticks, tree = 592.64 MB, solutions = 0)
  41256 24737       53.0000   394                     40.0000 32132115         
  41353 24815       54.0000   381                     40.0000 32256448         
  41458 24878       54.0000   339                     40.0000 32340467         
  41545 25051    infeasible                           40.0000 32704960         
  41612 25228       55.0000   230                     40.0000 32990003         
  41695 25102       54.0000   318                     40.0000 32794774         
  41816 25180       53.0000   307                     40.0000 32879388         
  41921 25284    infeasible                           40.0000 33106502         
  42008 25295       53.0000   408                     40.0000 33119149         

GUB cover cuts applied:  1192
Clique cuts applied:  40
Cover cuts applied:  1236
Implied bound cuts applied:  542
Flow cuts applied:  34
Mixed integer rounding cuts applied:  477
Zero-half cuts applied:  20
Lift and project cuts applied:  4
Gomory fractional cuts applied:  46

Root node processing (before b&c):
  Real time             =    1.01 sec. (477.39 ticks)
Parallel b&c, 8 threads:
  Real time             = 1799.00 sec. (987416.98 ticks)
  Sync time (average)   =   99.01 sec.
  Wait time (average)   =    0.04 sec.
                          ------------
Total (root+branch&cut) = 1800.01 sec. (987894.37 ticks)
! --------------------------------------------------------
! Problem is UNKNOWN
! CPLEX Status = AbortTimeLim
! --------------------------------------------------------
