! Solving for graph /home/truongxuanhieu/CPLEX-MIP-for-MinSpanLabeling/benchmarks/abp/I-ash85.mtx.rnd
! Target value is set to 23
! Lower bound is set to 24
! Upper bound is set to 85
! Time limit is set to 1800
! Vertices mode is set to No hole
! Target value mode is set to Antibandwidth
Version identifier: 22.2.0.0 | 2026-05-04 | 5dff98e58
CPXPARAM_TimeLimit                               1800
Tried aggregator 2 times.
MIP Presolve eliminated 221 rows and 212 columns.
MIP Presolve modified 14390 coefficients.
Aggregator did 693 substitutions.
Reduced MIP has 1387 rows, 8315 columns, and 24699 nonzeros.
Reduced MIP has 7487 binaries, 305 generals, 0 SOSs, and 523 indicators.
Presolve time = 0.04 sec. (29.99 ticks)
Probing time = 0.04 sec. (22.61 ticks)
Tried aggregator 1 time.
Detecting symmetries...
Reduced MIP has 1387 rows, 8315 columns, and 24699 nonzeros.
Reduced MIP has 7487 binaries, 390 generals, 0 SOSs, and 523 indicators.
Presolve time = 0.02 sec. (16.37 ticks)
Probing time = 0.02 sec. (4.59 ticks)
Clique table members: 2247.
MIP emphasis: balance optimality and feasibility.
MIP search method: dynamic search.
Parallel mode: deterministic, using up to 8 threads.
Root relaxation solution time = 0.02 sec. (21.15 ticks)

        Nodes                                         Cuts/
   Node  Left     Objective  IInf  Best Integer    Best Bound    ItCnt     Gap

      0     0       24.0000   231                     24.0000      465         
      0     0       24.0000   498                   Cuts: 446      824         
      0     0       24.0000   380                   Cuts: 446     1235         
      0     0       24.0000   389                   Cuts: 446     1789         
Detecting symmetries...
      0     2       24.0000   260                     24.0000     1789         
Elapsed time = 2.34 sec. (1200.72 ticks, tree = 0.02 MB, solutions = 0)
    326   275       47.0000   201                     25.0000    14577         
    565   515       70.0000   332                     25.0000    30840         
    698   559       70.0000   280                     25.0000    44591         
    922   815       71.0000   275                     25.0000    59338         
    975   893       71.0000   273                     25.0000    72118         
   1163   922       71.0000   246                     25.0000    78780         
   1360  1175    infeasible                           25.0000   100492         
   1581  1293       47.0000   231                     25.0000   111122         
   1814  1606       48.0000   281                     25.0000   134454         
   2331  2042       75.0000   242                     35.5000   185900         
Elapsed time = 8.66 sec. (4316.08 ticks, tree = 8.33 MB, solutions = 0)
   3008  2521       48.0000   225                     38.0000   227264         

Performing restart 1

Repeating presolve.
Tried aggregator 1 time.
MIP Presolve eliminated 0 rows and 27 columns.
Reduced MIP has 1387 rows, 8288 columns, and 24618 nonzeros.
Reduced MIP has 7460 binaries, 390 generals, 0 SOSs, and 523 indicators.
Presolve time = 0.01 sec. (11.90 ticks)
Tried aggregator 1 time.
Reduced MIP has 1387 rows, 8288 columns, and 24618 nonzeros.
Reduced MIP has 7460 binaries, 390 generals, 0 SOSs, and 523 indicators.
Presolve time = 0.02 sec. (16.79 ticks)
Represolve time = 0.13 sec. (67.88 ticks)
   3317     0       24.0000   511                   Cuts: 446   268221         
   3317     0       24.0000   621                   Cuts: 446   269016         
   3317     0       24.0000   568                   Cuts: 446   269954         
   3317     0       24.0000   573                   Cuts: 446   271152         
   3317     0       25.0000   612                   Cuts: 446   272649         
   3317     2       26.0000   437                     38.0000   272649         
   3394    63       47.0000   387                     38.0000   278577         
   3541   194       47.0000   294                     38.0000   283445         
   3702   311       47.0000   282                     38.0000   289738         
   3898   493       48.0000   293                     38.0000   304299         
   3984   546       47.0000   430                     38.0000   309654         
   4182   595       70.0000   313                     38.0000   322074         
   4327   840       47.0000   258                     38.0000   338840         
   4577   939       71.0000   265                     38.0000   346087         
Elapsed time = 30.57 sec. (16394.58 ticks, tree = 7.22 MB, solutions = 0)
   4752  1175       70.0000   324                     38.0000   368085         
   5064  1289       71.0000   332                     38.0000   378914         
   5307  1588       47.0000   357                     38.0000   399447         
   5593  1768       70.0000   295                     38.0000   416295         
   5681  1992       47.0000   438                     38.0000   448445         
   6006  2065       70.0000   302                     40.0000   459762         
   6333  2397       55.0000   335                     40.0000   492593         
   6493  2567       82.0000   513                     40.0000   517418         
   6641  2693       72.0000   285                     47.0000   540090         
   6746  2801       70.0000   406                     47.0000   567643         
Elapsed time = 48.89 sec. (25991.03 ticks, tree = 29.09 MB, solutions = 0)
   6864  2889       70.0000   288                     47.0000   593500         
   7168  2994       49.0000   307                     47.0000   615962         
   7447  3242       57.0000   329                     47.0000   655536         
   7545  3337    infeasible                           47.0000   676902         
   7591  3407       70.0000   362                     47.0000   740763         

Performing restart 2

Repeating presolve.
Tried aggregator 1 time.
Reduced MIP has 1387 rows, 8288 columns, and 28969 nonzeros.
Reduced MIP has 7460 binaries, 390 generals, 0 SOSs, and 523 indicators.
Presolve time = 0.02 sec. (13.33 ticks)
Tried aggregator 1 time.
MIP Presolve modified 2 coefficients.
Reduced MIP has 1387 rows, 8288 columns, and 28969 nonzeros.
Reduced MIP has 7460 binaries, 390 generals, 0 SOSs, and 523 indicators.
Presolve time = 0.03 sec. (19.30 ticks)
Represolve time = 0.22 sec. (121.40 ticks)
   7603     0       27.8226   890                   Cuts: 446   790106         
   7603     0       28.0990   775                   Cuts: 446   790931         
   7603     0       29.0000   721                   Cuts: 446   791534         
   7603     0       29.0000   721                   Cuts: 446   793612         
   7603     0       29.3512   761                   Cuts: 446   798263         
   7603     0       30.0000   675                   Cuts: 446   799139         
   7603     0       30.0000   708                   Cuts: 446   800597         
   7603     0       30.0332   734                   Cuts: 446   803862         
   7603     0       31.0000   657                   Cuts: 446   804768         
   7603     0       31.0000   638                   Cuts: 446   805614         
   7603     0       31.0000   680                   Cuts: 446   807014         
   7603     2       31.0000   565                     47.0000   807014         
   7619    16       70.0000   310                     47.0000   809383         
   7649     8       33.0000   451                     47.0000   807302         
   7651    44       70.0000   455                     47.0000   813879         
   7655    50       70.0000   516                     47.0000   813446         
Elapsed time = 93.68 sec. (50697.68 ticks, tree = 0.08 MB, solutions = 0)
   7660    51       70.0000   469                     47.0000   815755         
   7665    55       70.0000   552                     47.0000   825767         
   7670    61       36.0000   666                     47.0000   844316         
   7678    69       70.0000   426                     47.0000   856291         
   7687    76       70.0000   433                     47.0000   864142         
   7703    78       34.0000   621                     47.0000   865263         
   7716    83       38.1446   597                     47.0000   869262         
   7728   101       70.0000   423                     47.0000   873477         
   7763   127       55.0000   497                     47.0000   884959         
   7801   156       70.0000   376                     47.0000   891812         
Elapsed time = 112.01 sec. (60922.03 ticks, tree = 0.90 MB, solutions = 0)
   7837   151       74.0000   416                     47.0000   890800         
   7891   218       71.0000   415                     47.0000   905551         
   7920   222       80.0000   321                     47.0000   902944         
   7950   257       78.0000   343                     47.0000   912344         
   7992   334       78.0000   370                     47.0000   928282         
   8037   357       47.0000   485                     47.0000   935569         
   8078   379       70.0000   445                     47.0000   938566         
   8104   379       78.0000   388                     47.0000   948188         
   8120   474       78.0000   444                     47.0000   980545         
   8136   454       79.0000   395                     47.0000   967223         
Elapsed time = 129.56 sec. (70652.22 ticks, tree = 5.90 MB, solutions = 0)
   8151   464       43.5000   706                     47.0000   986980         
   8159   477       39.5000   824                     47.0000   992012         
   8170   487       43.7556   736                     47.0000  1024980         
   8187   505       79.0000   458                     47.0000  1051558         
   8212   507    infeasible                           47.0000  1055910         
   8236   511       47.0000   554                     47.0000  1059342         
   8275   524       47.0000   718                     47.0000  1078548         
   8310   574       56.0000   482                     47.0000  1106694         
   8400   590       60.0000   454                     47.0000  1117685         
   8469   666       57.0000   447                     47.0000  1154085         
Elapsed time = 149.43 sec. (80857.60 ticks, tree = 9.73 MB, solutions = 0)
   8559   604       71.0000   409                     47.0000  1126525         
   8611   688       81.0000   450                     47.0000  1164518         
   8656   693    infeasible                           47.0000  1170082         
   8716   891       49.6441   627                     47.0000  1273777         
   8740   776       73.0000   400                     47.0000  1213538         
   8769   823       70.0000   460                     47.0000  1235704         
   8794  1016    infeasible                           47.0000  1372325         
   8817  1059       74.0000   496                     47.0000  1439933         
   8854  1006       56.0000   603                     47.0000  1356489         
   8887  1075       51.0000   583                     47.0000  1468424         
Elapsed time = 168.41 sec. (90622.93 ticks, tree = 17.11 MB, solutions = 0)
   8929  1127    infeasible                           47.0000  1500805         
   8979  1133       55.0000   556                     47.0000  1515867         
   9028  1158       79.0000   505                     47.0000  1528601         
   9099  1229       81.0000   427                     47.0000  1571432         
   9145  1168       78.0000   446                     47.0000  1540771         
   9183  1315       78.0000   413                     47.0000  1635445         
   9212  1214       47.0000   674                     47.0000  1568840         
   9261  1309       55.0000   589                     47.0000  1623908         
   9321  1396       83.0000   478                     47.0000  1716509         
   9379  1401       83.0000   500                     47.0000  1721771         
Elapsed time = 185.46 sec. (100338.39 ticks, tree = 24.78 MB, solutions = 0)
   9425  1496       70.0000   458                     47.0000  1791434         
   9459  1554       56.0000   422                     47.0000  1817081         
   9509  1592       59.0000   459                     47.0000  1850381         
   9574  1602       59.0000   460                     47.0000  1851113         
   9624  1661       56.0000   565                     47.0000  1922195         
   9676  1668       56.0000   544                     47.0000  1924637         
   9718  1673       56.0000   498                     47.0000  1927761         
   9771  1819       75.0000   471                     47.0000  2014475         
   9839  1812       60.0000   499                     47.0000  2009951         
  10062  2067       75.0000   411                     47.0000  2186201         
Elapsed time = 209.67 sec. (112837.83 ticks, tree = 41.12 MB, solutions = 0)
  10144  2126       47.0000   691                     47.0000  2275462         
  10223  2192       70.0000   420                     47.0000  2378619         
  10319  2271       71.0000   490                     47.0000  2458610         
  10410  2374       47.0000   704                     47.0000  2620511         
  10454  2414       72.0000   551                     47.0000  2684209         
  10523  2463       72.0000   395                     47.0000  2787774         
  10600  2534       73.0000   455                     47.0000  2930161         
  10655  2528       70.0000   458                     47.0000  2929063         
  10731  2626       59.0000   638                     47.0000  3085945         
  10823  2673    infeasible                           47.0000  3162391         
Elapsed time = 280.40 sec. (151647.60 ticks, tree = 52.47 MB, solutions = 0)
  10898  2784       77.0000   411                     47.0000  3289076         
  11003  2799       83.0000   537                     47.0000  3306701         
  11118  2916       76.0000   398                     47.0000  3414440         
  11177  2964    infeasible                           47.0000  3484435         
  11224  3058       53.0000   696                     47.0000  3612723         
  11314  3122       64.0000   518                     47.0000  3711142         
  11419  3205    infeasible                           47.0000  3819719         
  11485  3212       47.0000   700                     47.0000  3833605         
  11540  3285       71.0000   601                     47.0000  3946702         
  11601  3360       85.0000   458                     47.0000  4087040         
Elapsed time = 350.64 sec. (190568.67 ticks, tree = 71.41 MB, solutions = 0)
  11654  3393       62.0000   621                     47.0000  4139836         
  11695  3485       51.0000   639                     47.0000  4292537         
  11755  3494       70.0000   608                     47.0000  4334612         
  11801  3558       55.0000   650                     47.0000  4454840         
  11856  3579       70.0000   491                     47.0000  4493952         
  11905  3657       70.0000   509                     47.0000  4672986         
  11953  3672       58.9439   598                     47.0000  4699229         
  12051  3723       80.0000   423                     47.0000  4821681         
  12104  3782       56.0000   712                     47.0000  4936339         
  12170  3811       55.0000   537                     47.0000  4986845         
Elapsed time = 418.25 sec. (229046.63 ticks, tree = 82.71 MB, solutions = 0)
  12243  3858    infeasible                           47.0000  5039172         
  12312  3941       70.0000   585                     47.0000  5223363         
  12377  3997       82.0000   512                     47.0000  5316410         
  12421  4014       48.1000   794                     47.0000  5359570         
  12456  4016       47.2765   770                     47.0000  5371404         
  12537  4121       71.0000   524                     47.0000  5570399         
  12639  4156    infeasible                           47.0000  5649920         
  12725  4160       47.0000   764                     47.0000  5659451         
  12799  4342       80.0000   559                     47.0000  5877411         
  12874  4346    infeasible                           47.0000  5892182         
Elapsed time = 486.29 sec. (267593.18 ticks, tree = 98.50 MB, solutions = 0)
  12916  4386       43.0000   836                     47.0000  5942778         
  12970  4512       70.0000   488                     47.0000  6170470         
  13043  4531       78.0000   579                     47.0000  6228945         
  13123  4575       79.0000   494                     47.0000  6264350         
  13183  4622    infeasible                           47.0000  6408712         
  13240  4689       83.0000   621                     47.0000  6493193         
  13301  4744       70.0000   559                     47.0000  6597938         
  13357  4765       78.0000   601                     47.0000  6671704         
  13421  4774       83.0000   578                     47.0000  6685210         
  13517  4844       78.0000   529                     47.0000  6805087         
Elapsed time = 554.12 sec. (306184.09 ticks, tree = 111.32 MB, solutions = 0)
  13572  4979       85.0000   586                     47.0000  7030108         
  13661  5063       58.0000   650                     47.0000  7139390         
  13756  5113       81.0000   520                     47.0000  7214081         
  13832  5150       47.0000   660                     47.0000  7282530         
  13883  5237       79.0000   548                     47.0000  7351957         
  13942  5198       70.0000   624                     47.0000  7322523         
  14019  5304       78.0000   565                     47.0000  7469536         
  14110  5344       70.0000   669                     47.0000  7559617         
  14174  5391       70.0000   571                     47.0000  7600698         
  14221  5513       70.0000   542                     47.0000  7828866         
Elapsed time = 625.55 sec. (345111.94 ticks, tree = 132.04 MB, solutions = 0)
  14271  5560       70.0000   656                     47.0000  7951142         
  14377  5572       71.0000   531                     47.0000  7964072         
  14462  5571       70.0000   585                     47.0000  7938744         
  14557  5675    infeasible                           47.0000  8145206         
  14644  5776       70.0000   655                     47.0000  8286044         
  14751  5853       78.0000   509                     47.0000  8378978         
  14811  5797       81.0000   517                     47.0000  8309907         
  14874  5955       55.0000   653                     47.0000  8536075         
  14959  5994       70.0000   604                     47.0000  8608256         
  15025  6027       47.0000   789                     47.0000  8667285         
Elapsed time = 694.85 sec. (383581.90 ticks, tree = 148.67 MB, solutions = 0)
  15100  6168       70.0000   685                     47.0000  8886412         
  15171  6200       75.0000   552                     47.0000  8927393         
  15251  6266    infeasible                           47.0000  9045623         
  15342  6322       67.0000   549                     47.0000  9117664         
  15459  6345       67.0000   486                     47.0000  9126617         
  15531  6357       70.0000   687                     47.0000  9189038         
  15636  6622       70.0000   501                     47.0000  9456487         
  15697  6596       85.0000   611                     47.0000  9439876         
  15753  6699       70.0000   618                     47.0000  9607868         
  15822  6670       76.0000   666                     47.0000  9565361         
Elapsed time = 766.26 sec. (422380.47 ticks, tree = 169.27 MB, solutions = 0)
  15879  6712       70.0000   662                     47.0000  9638009         
  15925  6827       70.0000   600                     47.0000  9778273         
  15972  6838       78.0000   467                     47.0000  9791101         
  16024  6979       70.0000   586                     47.0000 10097252         
  16124  6966       78.0000   388                     47.0000 10056952         
  16248  7060       70.0000   548                     47.0000 10264127         
  16330  7073       83.0000   559                     47.0000 10278341         
  16393  7134       70.0000   581                     47.0000 10323405         
  16501  7156    infeasible                           47.0000 10338533         
  16588  7216       55.0000   657                     47.0000 10459486         
Elapsed time = 838.29 sec. (461192.79 ticks, tree = 186.79 MB, solutions = 0)
  16640  7273       70.0000   550                     47.0000 10565593         
  16698  7419       61.0000   691                     47.0000 10754276         
  16758  7431       70.0000   593                     47.0000 10785647         
  16839  7454       70.0000   634                     47.0000 10836550         
  16904  7551       74.0000   511                     47.0000 11016919         
  16985  7589       79.0000   495                     47.0000 11094767         
  17074  7630       78.0000   473                     47.0000 11162361         
  17162  7704       55.0000   684                     47.0000 11282151         
  17253  7801       61.0000   693                     47.0000 11420451         
  17327  7800       79.0000   518                     47.0000 11405071         
Elapsed time = 908.30 sec. (499923.71 ticks, tree = 204.15 MB, solutions = 0)
  17386  7894       78.0000   457                     47.0000 11505262         
  17442  7996       81.0000   451                     47.0000 11704639         
  17494  8025    infeasible                           47.0000 11773594         
  17557  8014       81.0000   462                     47.0000 11743270         
  17600  8179       82.0000   482                     47.0000 12029847         
  17636  8206       78.0000   575                     47.0000 12071297         
  17680  8124       53.9405   715                     47.0000 11946712         
  17718  8226       49.0000   826                     47.0000 12218133         
  17768  8295       71.0000   598                     47.0000 12407156         
  17837  8323       62.0000   671                     47.0000 12470678         
Elapsed time = 974.93 sec. (538679.06 ticks, tree = 221.55 MB, solutions = 0)
  17913  8356       70.0000   550                     47.0000 12532979         
  17976  8334       45.6873   841                     47.0000 12493352         
  18029  8400       48.0000   689                     47.0000 12598832         
  18079  8513       47.0000   693                     47.0000 12818985         
  18136  8591       85.0000   499                     47.0000 12953348         
  18192  8593       55.0000   667                     47.0000 12964256         
  18258  8682       70.0000   594                     47.0000 13119844         
  18297  8602       47.0000   780                     47.0000 12984687         
  18354  8708       74.0000   609                     47.0000 13144325         
  18422  8745       51.0000   723                     47.0000 13277658         
Elapsed time = 1045.15 sec. (577553.37 ticks, tree = 236.17 MB, solutions = 0)
  18486  8714       58.0000   659                     47.0000 13213892         
  18571  8890       70.0000   585                     47.0000 13525693         
  18638  8805       70.0000   593                     47.0000 13428939         
  18713  8910       81.0000   565                     47.0000 13552335         
  18809  9004       77.0381   527                     47.0000 13703347         
  18892  9074       81.0000   579                     47.0000 13832255         
  18984  9011       70.0000   597                     47.0000 13730950         
  19070  9269       71.0000   543                     47.0000 14126366         
  19153  9110       66.0000   677                     47.0000 13918293         
  19185  9324       70.0000   586                     47.0000 14231926         
Elapsed time = 1116.13 sec. (616311.36 ticks, tree = 255.09 MB, solutions = 0)
  19240  9388       71.0000   554                     47.0000 14372056         
  19316  9445       79.0000   601                     47.0000 14467074         
  19398  9458       79.0000   506                     47.0000 14479343         
  19482  9474       79.0000   509                     47.0000 14491829         
  19529  9492       72.7500   586                     47.0000 14541000         
  19599  9707       72.0000   517                     47.0000 14860725         
  19656  9568       47.0024   835                     47.0000 14652052         
  19729  9735    infeasible                           47.0000 14938824         
  19787  9856       70.0000   608                     47.0000 15157084         
  19854  9802       79.0000   554                     47.0000 15045880         
Elapsed time = 1187.89 sec. (655068.11 ticks, tree = 271.59 MB, solutions = 0)
  19923  9809    infeasible                           47.0000 15061342         
  20036  9854       74.0000   550                     47.0000 15148036         
  20107 10021       58.8363   770                     47.0000 15419336         
  20141 10054       47.0000   773                     47.0000 15467424         
  20222 10111       71.0000   671                     47.0000 15566817         
  20351 10222       62.0000   723                     47.0000 15667541         
  20420 10305    infeasible                           47.0000 15908779         
  20476 10229       82.0000   508                     47.0000 15646502         
  20511 10400       82.0000   471                     47.0000 16028617         
  20547 10291       65.0000   638                     47.0000 15909565         
Elapsed time = 1255.74 sec. (693669.14 ticks, tree = 288.02 MB, solutions = 0)
  20584 10557       58.5689   674                     47.0000 16217319         
  20639 10569       78.0000   546                     47.0000 16229801         
  20700 10556       54.0000   679                     47.0000 16188185         
  20766 10618       76.0000   589                     47.0000 16376746         
  20843 10644       70.0000   628                     47.0000 16513735         
  20921 10642       77.4713   547                     47.0000 16487231         
  20995 10712       47.0000   755                     47.0000 16615931         
  21045 10858       79.0000   543                     47.0000 16850906         
  21111 10776       81.0000   381                     47.0000 16738130         
  21192 10881       48.2857   765                     47.0000 16899578         
Elapsed time = 1330.59 sec. (732460.86 ticks, tree = 305.50 MB, solutions = 0)
  21243 10999       81.0000   461                     47.0000 17040450         
  21296 10888       70.0000   658                     47.0000 16907799         
  21357 11115       70.0000   673                     47.0000 17247624         
  21429 11187    infeasible                           47.0000 17331432         
  21476 11258       70.0000   652                     47.0000 17533657         
  21522 11154       70.0000   640                     47.0000 17303568         
  21581 11274       55.0000   660                     47.0000 17592501         
  21649 11199       47.2492   839                     47.0000 17402597         
  21705 11445       55.0000   702                     47.0000 17903243         
  21747 11454       56.0000   578                     47.0000 17915107         
Elapsed time = 1400.31 sec. (771569.42 ticks, tree = 325.73 MB, solutions = 0)
  21787 11479       83.0000   512                     47.0000 17974555         
  21817 11493       83.0000   503                     47.0000 17986936         
  21863 11508       83.0000   503                     47.0000 18000983         
  21909 11558       76.0000   513                     47.0000 18150375         
  21945 11602       70.0000   693                     47.0000 18298086         
  21973 11608       70.0000   589                     47.0000 18305770         
  22001 11703       48.9680   802                     47.0000 18506849         
  22030 11727       71.0000   544                     47.0000 18566457         
  22058 11711       57.0400   678                     47.0000 18532339         
  22089 11789       47.0056   852                     47.0000 18744544         
Elapsed time = 1470.32 sec. (811249.15 ticks, tree = 337.60 MB, solutions = 0)
  22120 11800       81.0000   607                     47.0000 18807066         
  22146 11812       79.0000   598                     47.0000 18911130         
  22177 11819       79.0000   601                     47.0000 18922015         
  22215 11846       79.0000   695                     47.0000 19046240         
  22250 11849       85.0000   631                     47.0000 19056425         
  22282 11833       70.0000   621                     47.0000 18997834         
  22309 11901       47.5324   877                     47.0000 19231963         
  22356 11915       78.0000   590                     47.0000 19273662         
  22416 11995       78.0000   567                     47.0000 19453143         
  22477 11953       85.0000   524                     47.0000 19375564         
Elapsed time = 1539.47 sec. (850220.28 ticks, tree = 338.73 MB, solutions = 0)
  22522 12045       70.0000   667                     47.0000 19585232         
  22571 12021       84.0000   608                     47.0000 19490438         
  22619 12114       47.8852   801                     47.0000 19730195         
  22684 12252       81.0000   489                     47.0000 19957197         
  22753 12272       81.0000   481                     47.0000 19969066         
  22818 12289       82.0000   513                     47.0000 19984257         
  22856 12356       83.0000   544                     47.0000 20158355         
  22906 12324    infeasible                           47.0000 20112001         
  22966 12427       70.0000   485                     47.0000 20322141         
  23019 12439       70.0000   547                     47.0000 20338605         
Elapsed time = 1609.91 sec. (888930.92 ticks, tree = 354.98 MB, solutions = 0)
  23089 12455       70.5630   448                     47.0000 20354416         
  23149 12409       57.1847   715                     47.0000 20287068         
  23219 12416       71.0000   694                     47.0000 20238895         
  23253 12626       79.0000   600                     47.0000 20715095         
  23289 12588       79.0000   618                     47.0000 20617013         
  23347 12586       71.6520   586                     47.0000 20661276         
  23425 12656       75.0000   468                     47.0000 20703365         
  23515 12669       80.0000   435                     47.0000 20762578         
  23543 12782       73.0000   512                     47.0000 20976596         
  23588 13054       81.0000   528                     47.0000 21475462         
Elapsed time = 1681.04 sec. (927857.27 ticks, tree = 377.40 MB, solutions = 0)
  23651 12837       70.0000   564                     47.0000 21135164         
  23709 12979       82.0000   569                     47.0000 21376618         
  23759 12986       82.0000   559                     47.0000 21389745         
  23815 13078       65.0000   650                     47.0000 21528466         
  23884 13088    infeasible                           47.0000 21540265         
  23933 13156       82.0000   449                     47.0000 21654394         
  23964 13232       47.0000   790                     47.0000 21898736         
  23997 13157       65.0000   674                     47.0000 21747742         
  24048 13321       78.0000   548                     47.0000 22100975         
  24124 13354       78.0000   577                     47.0000 22147709         
Elapsed time = 1749.50 sec. (966915.80 ticks, tree = 388.47 MB, solutions = 0)
  24180 13404       81.0000   501                     47.0000 22238057         
  24235 13505       70.0000   582                     47.0000 22424924         
  24278 13587       70.0000   511                     47.0000 22622920         
  24312 13416       48.4167   817                     47.0000 22268297         
  24359 13526       70.0000   609                     47.0000 22538152         
  24406 13532       70.1250   589                     47.0000 22551636         
  24456 13624    infeasible                           47.0000 22673962         

GUB cover cuts applied:  1488
Clique cuts applied:  104
Cover cuts applied:  354
Implied bound cuts applied:  439
Flow cuts applied:  22
Mixed integer rounding cuts applied:  711
Zero-half cuts applied:  47
Gomory fractional cuts applied:  94

Root node processing (before b&c):
  Real time             =    2.33 sec. (1198.87 ticks)
Parallel b&c, 8 threads:
  Real time             = 1798.12 sec. (998380.62 ticks)
  Sync time (average)   =  181.04 sec.
  Wait time (average)   =    0.04 sec.
                          ------------
Total (root+branch&cut) = 1800.45 sec. (999579.49 ticks)
! --------------------------------------------------------
! Problem is UNKNOWN
! CPLEX Status = AbortTimeLim
! --------------------------------------------------------
