! Solving for graph /home/truongxuanhieu/CPLEX-MIP-for-MinSpanLabeling/benchmarks/abp/J-nos4.mtx.rnd
! Target value is set to 35
! Lower bound is set to 36
! Upper bound is set to 100
! Time limit is set to 1800
! Vertices mode is set to No hole
! Target value mode is set to Antibandwidth
Version identifier: 22.2.0.0 | 2026-05-04 | 5dff98e58
CPXPARAM_TimeLimit                               1800
Tried aggregator 2 times.
MIP Presolve eliminated 249 rows and 250 columns.
MIP Presolve modified 19936 coefficients.
Aggregator did 794 substitutions.
Reduced MIP has 1589 rows, 11239 columns, and 33431 nonzeros.
Reduced MIP has 10297 binaries, 348 generals, 0 SOSs, and 594 indicators.
Presolve time = 0.05 sec. (40.35 ticks)
Probing time = 0.07 sec. (34.29 ticks)
Tried aggregator 2 times.
Detecting symmetries...
Aggregator did 7 substitutions.
Reduced MIP has 1582 rows, 11232 columns, and 33424 nonzeros.
Reduced MIP has 10297 binaries, 441 generals, 0 SOSs, and 594 indicators.
Presolve time = 0.04 sec. (28.51 ticks)
Probing time = 0.02 sec. (5.19 ticks)
Clique table members: 2386.
MIP emphasis: balance optimality and feasibility.
MIP search method: dynamic search.
Parallel mode: deterministic, using up to 8 threads.
Root relaxation solution time = 0.08 sec. (40.41 ticks)

        Nodes                                         Cuts/
   Node  Left     Objective  IInf  Best Integer    Best Bound    ItCnt     Gap

      0     0       36.0000   269                     36.0000      703         
      0     0       36.0000   528                   Cuts: 495     1142         
      0     0       36.0000   436                   Cuts: 495     1473         
      0     0       36.0000   484                   Cuts: 495     2157         
Detecting symmetries...
      0     2       36.0000   335                     36.0000     2157         
Elapsed time = 3.02 sec. (1651.80 ticks, tree = 0.02 MB, solutions = 0)
     84    73       71.0000   394                     36.0000    11763         
    204   177       36.0000   308                     36.0000    27202         
    271   214       36.0000   402                     36.0000    36883         
    449   312       71.0000   355                     36.0000    52133         
    584   411       42.1869   472                     36.0000    66338         
    621   446       71.0000   357                     36.0000    81296         
    691   503       71.0000   354                     36.0000    92141         
    767   532       71.0000   325                     36.0000    99187         
    830   595       54.0000   370                     36.0000   112910         
   1138   780       71.0000   319                     36.0000   164920         
Elapsed time = 9.63 sec. (4782.49 ticks, tree = 3.12 MB, solutions = 0)
   1506  1056       71.0000   435                     36.0000   237412         
   1952  1339       83.0000   296                     36.0000   304241         
   2190  1587       71.0000   336                     36.0000   379792         
   2512  1824       72.0000   333                     36.0000   436847         
   2636  1671       71.0000   336                     36.0000   404491         
   2875  2026       72.0000   365                     36.0000   532416         
   3097  2246    infeasible                           36.0000   624769         
   3177  2291       71.0000   384                     36.0000   667193         

Performing restart 1

Repeating presolve.
Tried aggregator 1 time.
MIP Presolve eliminated 0 rows and 120 columns.
Reduced MIP has 1582 rows, 11112 columns, and 33064 nonzeros.
Reduced MIP has 10177 binaries, 441 generals, 0 SOSs, and 594 indicators.
Presolve time = 0.02 sec. (15.50 ticks)
Tried aggregator 1 time.
Reduced MIP has 1582 rows, 11112 columns, and 33064 nonzeros.
Reduced MIP has 10177 binaries, 441 generals, 0 SOSs, and 594 indicators.
Presolve time = 0.03 sec. (22.17 ticks)
Represolve time = 0.19 sec. (93.96 ticks)
   3280     0       36.0000   632                   Cuts: 495   709808         
   3280     0       36.0000   766                   Cuts: 495   711023         
   3280     0       36.0000   712                   Cuts: 495   712343         
   3280     0       36.0066   845                   Cuts: 495   713915         
   3280     0       37.0000   798                   Cuts: 495   715025         
   3280     0       37.0000   783                   Cuts: 495   716086         
   3280     0       37.0935   847                   Cuts: 495   717414         
   3280     0       38.0000   852                   Cuts: 495   718928         
   3280     0       39.7499   837                   Cuts: 495   719887         
   3280     0       41.0788   864                   Cuts: 495   721297         
   3280     0       43.2447   861                   Cuts: 495   722738         
   3280     0       43.2468   882                   Cuts: 495   724592         
   3280     0       43.3854   891                   Cuts: 495   726356         
   3280     0       43.3854   869                   Cuts: 495   728700         
   3280     0       43.3854   901                   Cuts: 495   730242         
   3280     0       43.3854   957                   Cuts: 495   733001         
   3280     2       44.0000   777                     43.3854   733001         
   3284     6       44.7500   654                     44.7500   734244         
Elapsed time = 68.57 sec. (35262.31 ticks, tree = 0.02 MB, solutions = 0)
   3290    11       71.0000   477                     44.7500   737640         
   3304    24       71.0000   488                     44.7500   741776         
   3328    41    infeasible                           44.7500   746240         
   3343    45       71.0000   504                     44.7500   749827         
   3350    48       71.0000   584                     44.7500   760933         
   3361    47       45.0000   832                     44.7500   768755         
   3372    54       71.0000   621                     44.7500   792528         
   3379    59       71.0000   697                     44.7500   805208         
   3383    58       71.0000   585                     44.7500   819425         
   3393    65       71.0000   522                     44.7500   842769         
Elapsed time = 87.83 sec. (45854.55 ticks, tree = 0.53 MB, solutions = 0)
   3402    74       71.0000   600                     44.7500   857204         
   3415    77       71.0000   632                     44.7500   868792         
   3428    80       71.0000   562                     44.7500   871600         
   3433    99       71.0000   714                     44.7500   926464         
   3443   102       71.0000   689                     44.7500   928366         
   3455   109    infeasible                           44.7500   979179         
   3465   111       71.0000   686                     44.7500   958966         
   3470   117       71.0000   661                     44.7500  1009213         
   3477   126       71.0000   642                     44.7500  1024394         
   3488   133       71.0000   690                     44.7500  1075852         
Elapsed time = 106.89 sec. (56947.28 ticks, tree = 0.93 MB, solutions = 0)
   3497   135       71.0000   690                     44.7500  1081609         
   3505   139       71.0000   574                     44.7500  1108251         
   3515   141       71.0000   574                     44.7500  1109773         
   3529   153       71.0000   684                     44.7500  1126818         
   3542   173       77.0000   541                     44.7500  1150037         
   3556   179       72.0000   573                     44.7500  1165456         
   3573   174       49.9421   927                     44.7500  1182010         
   3593   175       71.0000   825                     44.7500  1184466         
   3605   217       72.0000   635                     44.7500  1252762         
   3616   222       89.0000   651                     44.7500  1261377         
Elapsed time = 124.80 sec. (67498.14 ticks, tree = 2.52 MB, solutions = 0)
   3624   183       72.0000   515                     44.7500  1244752         
   3631   241       89.0000   568                     44.7500  1343910         
   3638   234       75.0000   511                     46.9940  1319917         
   3648   240       75.0000   514                     46.9940  1342910         
   3661   242       75.0000   497                     49.9421  1347137         
   3676   260       89.0000   469                     49.9421  1407240         
   3694   253       89.0000   474                     49.9421  1399092         
   3712   270       89.0000   375                     49.9421  1411119         
   3730   261       99.0000   629                     49.9421  1403825         
   3749   277    infeasible                           49.9421  1478239         
Elapsed time = 146.79 sec. (78250.32 ticks, tree = 2.88 MB, solutions = 0)
   3768   326       73.0000   559                     49.9421  1525546         
   3805   272       81.0000   539                     49.9421  1478630         
   3845   335       81.0000   528                     49.9421  1552712         
   3850   329       71.0000   608                     49.9421  1566594         
   3872   340       81.0000   520                     71.0000  1553116         
   3898   343       72.0000   534                     71.0000  1576959         
   3917   349       73.0000   549                     71.0000  1581649         
   3928   391       71.0000   743                     71.0000  1578916         
   3944   458       73.0000   586                     71.0000  1627295         
   3960   463    infeasible                           71.0000  1628660         
Elapsed time = 163.26 sec. (88246.42 ticks, tree = 6.83 MB, solutions = 0)
   3971   460       75.0000   634                     71.0000  1631161         
   3978   433       71.0000   712                     71.0000  1606238         
   3983   468    infeasible                           71.0000  1655287         
   3989   458       71.0000   637                     71.0000  1632884         
   3994   493       72.0000   623                     71.0000  1702916         
   4000   496       72.0000   614                     71.0000  1705758         
   4005   490    infeasible                           71.0000  1748163         
   4010   489    infeasible                           71.0000  1751803         
   4016   499    infeasible                           71.0000  1719636         
   4022   503    infeasible                           71.0000  1802507         
Elapsed time = 184.61 sec. (99140.00 ticks, tree = 7.48 MB, solutions = 0)
   4027   493       72.1219   748                     71.0000  1771191         
   4035   505       77.0000   664                     71.0000  1833004         
   4039   500    infeasible                           71.0000  1925993         
   4046   499       72.7827   716                     71.0000  1900736         
   4053   497    infeasible                           71.0000  1903764         
   4058   514       77.0000   511                     71.0000  2003087         
   4062   500       72.1491   695                     71.0000  1895284         
   4071   516       74.1011   626                     71.0000  2063165         
   4078   503    infeasible                           71.0000  1989461         
   4083   506       71.0000   644                     71.0000  2000972         
Elapsed time = 204.07 sec. (110140.21 ticks, tree = 7.30 MB, solutions = 0)
   4089   520       73.0407   597                     71.0000  2110392         
   4100   512       78.0000   675                     71.0000  2156489         
   4103   526       82.1430   503                     71.0000  2117739         
   4112   531       83.6565   484                     71.0000  2119288         
   4118   536       84.0000   361                     71.0000  2122805         
   4124   535       85.0000   378                     71.0000  2249245         
   4129   538       98.0000   560                     71.0000  2257060         
   4131   540       98.0000   587                     71.0000  2262940         
   4136   541       71.0000   757                     71.0000  2349206         
   4153   542       71.0000   661                     71.0000  2362923         
Elapsed time = 230.70 sec. (124606.43 ticks, tree = 8.01 MB, solutions = 0)
   4177   561       98.0000   517                     71.0000  2428136         
   4197   567       73.0000   556                     71.0000  2514425         
   4216   560       71.0000   666                     71.0000  2488693         
   4230   597       90.0000   394                     71.0000  2698757         
   4268   601       95.0000   684                     71.0000  2779390         
   4318   620       78.4586   532                     71.0000  2873078         
   4380   634    infeasible                           71.0000  2880996         
   4407   696    infeasible                           71.0000  3121825         
   4421   684       85.3296   481                     71.0000  3063858         
   4443   692       95.0000   570                     71.0000  3096238         
Elapsed time = 299.77 sec. (163706.08 ticks, tree = 9.39 MB, solutions = 0)
   4481   740       76.5231   637                     71.0000  3292575         
   4509   710       75.7410   601                     71.0000  3196618         
   4523   745       71.0789   827                     71.0000  3383507         
   4544   784       71.0000   744                     71.0000  3589922         
   4555   748       72.2370   754                     71.0000  3418128         
   4568   785       71.0000   655                     71.0000  3631017         
   4583   786       71.0000   649                     71.0000  3642345         
   4597   805       71.0000   741                     71.0000  3778594         
   4607   807       71.0000   725                     71.0000  3788861         
   4620   818       75.6036   665                     71.0000  3932357         
Elapsed time = 369.37 sec. (204172.83 ticks, tree = 12.68 MB, solutions = 0)
   4633   811       90.0000   534                     71.0000  3993264         
   4653   825       71.0525   809                     71.0000  4147100         
   4663   823    infeasible                           71.0000  4105816         
   4674   815       71.3200   751                     71.0000  4095172         
   4679   838       71.0000   736                     71.0000  4288622         
   4703   848       83.6316   444                     71.0000  4429063         
   4722   857       85.0000   327                     71.0000  4437285         
   4752   896       86.0000   319                     71.0000  4791726         
   4759   848       71.6571   754                     71.0000  4517835         
   4766   895       71.0000   556                     71.0000  4798780         
Elapsed time = 446.45 sec. (245877.16 ticks, tree = 13.69 MB, solutions = 0)
   4778   862       73.0000   721                     71.0000  4775621         
   4796   912       76.0000   556                     71.0000  5132753         
   4820   909       71.0000   605                     71.0000  5088225         
   4850   924       82.0000   369                     71.0000  5292247         
   4899   944       90.0000   311                     71.0000  5161779         
   4955   975    infeasible                           71.0000  5364336         
   4961   970       72.0000   632                     71.0000  5424407         
   4970   916       71.2866   698                     71.0000  5235181         
   4982   974    infeasible                           71.0000  5395728         
   4991   969    infeasible                           71.0000  5618026         
Elapsed time = 515.42 sec. (286034.91 ticks, tree = 14.19 MB, solutions = 0)
   5002  1001       71.0000   781                     71.0000  5836174         
   5007   986       71.0000   679                     71.0000  5661536         
   5014  1002       71.1307   826                     71.0000  5829888         
   5024  1008       71.5349   702                     71.0000  5913877         
   5031  1015       79.0000   573                     71.0000  6036077         
   5042  1025       73.3333   741                     71.0000  6137842         
   5052   970       71.0000   657                     71.0000  5631321         
   5060  1029       74.0000   569                     71.0000  6163818         
   5074  1047       75.3638   567                     71.0000  6397711         
   5089  1048       71.0015   806                     71.0000  6450224         
Elapsed time = 582.51 sec. (329009.12 ticks, tree = 15.78 MB, solutions = 0)
   5107  1052       75.7803   557                     71.0000  6465037         
   5128  1047       71.0000   625                     71.0000  6507946         
   5146  1078       83.0000   312                     71.0000  6853699         
   5166  1063    infeasible                           71.0000  6801561         
   5198  1108       92.0000   260                     71.0000  6890497         
   5236  1052       71.0000   780                     71.0000  6633550         
   5245  1082       71.0000   763                     71.0000  7103120         
   5258  1084       97.0000   660                     71.0000  7112529         
   5273  1144       80.0000   446                     71.0000  7323100         
   5289  1087       72.0000   600                     71.0000  7160608         
Elapsed time = 651.13 sec. (369136.90 ticks, tree = 16.05 MB, solutions = 0)
   5320  1173       86.0000   298                     71.0000  7349480         
   5356  1198       86.0000   280                     71.0000  7362506         
   5398  1228       91.0000   191                     71.0000  7377358         
   5447  1282       93.0000   238                     71.0000  7748833         
   5477  1165       71.0000   715                     71.0000  7699566         
   5487  1084       71.0000   771                     71.0000  7228321         
   5497  1168       71.0004   780                     71.0000  7728882         
   5513  1169      100.0000   688                     71.0000  7742114         
   5533  1270       73.5446   700                     71.0000  7993092         
   5549  1270       74.0000   583                     71.0000  8010279         
Elapsed time = 724.39 sec. (410099.83 ticks, tree = 17.14 MB, solutions = 0)
   5561  1281    infeasible                           71.0000  8121899         
   5571  1332    infeasible                           71.0000  8432175         
   5576  1333    infeasible                           71.0000  8540711         
   5587  1337       71.3735   840                     71.0000  8519474         
   5595  1339       74.4608   815                     71.0000  8535138         
   5606  1342    infeasible                           71.0000  8691650         
   5618  1356    infeasible                           71.0000  8915750         
   5628  1348       88.0000   680                     71.0000  8792223         
   5640  1351       72.3866   704                     71.0000  8840434         
   5651  1352       72.2829   691                     71.0000  8854323         
Elapsed time = 794.64 sec. (452575.48 ticks, tree = 17.51 MB, solutions = 0)
   5663  1374       89.0000   634                     71.0000  9223081         
   5683  1370       71.0000   749                     71.0000  9184353         
   5694  1391       76.2037   595                     71.0000  9312467         
   5709  1373       71.0000   666                     71.0000  9234759         
   5725  1399       75.0000   535                     71.0000  9487035         
   5737  1387       71.0293   746                     71.0000  9366284         
   5755  1422       88.0000   625                     71.0000  9791029         
   5776  1428       74.0000   679                     71.0000  9850552         
   5787  1427       71.0000   675                     71.0000  9910632         
   5792  1438       72.0000   679                     71.0000 10026439         
Elapsed time = 861.68 sec. (492290.46 ticks, tree = 19.11 MB, solutions = 0)
   5800  1426       71.0000   654                     71.0000  9870861         
   5811  1425    infeasible                           71.0000  9946939         
   5821  1441       72.4674   765                     71.0000 10062001         
   5832  1437       76.2543   654                     71.0000 10015672         
   5842  1479       77.0000   607                     71.0000 10433348         
   5854  1485       73.1907   729                     71.0000 10503520         
   5879  1490       82.7305   479                     71.0000 10514178         
   5913  1464       71.7304   833                     71.0000 10260945         
   5957  1525       89.0000   326                     71.0000 10532175         
   6021  1491    infeasible                           71.0000 10626846         
Elapsed time = 932.69 sec. (532611.15 ticks, tree = 20.26 MB, solutions = 0)
   6037  1539       72.0000   681                     71.0000 10972655         
   6041  1529       71.0000   628                     71.0000 10898450         
   6050  1493       76.2670   698                     71.0000 10649669         
   6066  1543       73.3462   715                     71.0000 11018479         
   6079  1509       72.8294   682                     71.0000 10871159         
   6104  1633       79.0000   544                     71.0000 11429831         
   6125  1631       99.0000   554                     71.0000 11364807         
   6143  1643       99.0000   543                     71.0000 11377084         
   6162  1653       99.0000   466                     71.0000 11387610         
   6187  1664    infeasible                           71.0000 11402887         
Elapsed time = 1001.71 sec. (573077.85 ticks, tree = 23.42 MB, solutions = 0)
   6200  1662       78.4398   571                     71.0000 11718452         
   6215  1665       80.0000   493                     71.0000 11732377         
   6231  1650    infeasible                           71.0000 11669715         
   6249  1674       74.1640   705                     71.0000 11857516         
   6258  1664       89.0000   689                     71.0000 11766358         
   6271  1650       71.0000   689                     71.0000 11633860         
   6282  1721       99.0000   656                     71.0000 11975909         
   6289  1729       96.0000   715                     71.0000 12056316         
   6303  1729       71.0039   804                     71.0000 12188875         
   6314  1733       71.0000   705                     71.0000 12253013         
Elapsed time = 1069.82 sec. (615310.88 ticks, tree = 25.02 MB, solutions = 0)
   6324  1740       71.2082   820                     71.0000 12321472         
   6344  1754       74.6358   631                     71.0000 12446807         
   6354  1741       73.5505   791                     71.0000 12353248         
   6369  1777       89.0000   581                     71.0000 12766031         
   6392  1800       78.0000   551                     71.0000 12993396         
   6408  1805       80.0000   511                     71.0000 13009989         
   6420  1754    infeasible                           71.0000 12570957         
   6436  1761       99.0000   742                     71.0000 12677668         
   6443  1811       79.8633   740                     71.0000 13062669         
   6454  1803       72.0000   646                     71.0000 13351603         
Elapsed time = 1143.77 sec. (657498.83 ticks, tree = 25.75 MB, solutions = 0)
   6467  1804       73.1312   685                     71.0000 13365260         
   6479  1797    infeasible                           71.0000 13229304         
   6486  1804       80.1418   846                     71.0000 13467760         
   6496  1805       98.0000   808                     71.0000 13427388         
   6505  1808       71.0208   791                     71.0000 13397923         
   6517  1820    infeasible                           71.0000 13648413         
   6523  1840       98.0000   705                     71.0000 13825915         
   6528  1822       71.0000   818                     71.0000 13713668         
   6529  1821       71.0000   836                     71.0000 13659455         
   6534  1824       71.9252   896                     71.0000 13746821         
Elapsed time = 1208.28 sec. (705422.71 ticks, tree = 26.43 MB, solutions = 0)
   6539  1840       71.0000   767                     71.0000 13863584         

Performing restart 2

Repeating presolve.
Tried aggregator 1 time.
MIP Presolve modified 58 coefficients.
Reduced MIP has 1582 rows, 11112 columns, and 40103 nonzeros.
Reduced MIP has 10177 binaries, 441 generals, 0 SOSs, and 594 indicators.
Presolve time = 0.03 sec. (25.98 ticks)
Tried aggregator 1 time.
Reduced MIP has 1582 rows, 11112 columns, and 40103 nonzeros.
Reduced MIP has 10177 binaries, 441 generals, 0 SOSs, and 594 indicators.
Presolve time = 0.04 sec. (25.89 ticks)
Represolve time = 0.56 sec. (343.43 ticks)
   6540     0       47.5019  1379                   Cuts: 495 14263726         
   6540     0       49.4564  1206                   Cuts: 495 14274571         
   6540     0       51.5512  1085                   Cuts: 495 14282742         
   6540     0       52.0000  1010                   Cuts: 495 14289233         
   6540     0       54.0000   833                   Cuts: 495 14294141         
   6540     0       54.0353   908                   Cuts: 495 14296448         
   6540     0       55.0000   830                   Cuts: 495 14297936         
   6540     0       55.0000   830                   Cuts: 495 14300279         
   6540     0       55.0660   847                   Cuts: 495 14303847         
   6540     0       56.0000   741                   Cuts: 495 14305307         
   6540     0       56.0000   782                   Cuts: 495 14306661         
   6540     0       56.0000   734                   Cuts: 495 14308482         
   6540     0       56.0000   763                   Cuts: 495 14309756         
   6540     2       56.0000   535                     71.0000 14309756         
   6618     9       71.0000   379                     71.0000 14313039         
   6879   214    infeasible                           71.0000 14394760         
   7251   403    infeasible                           71.0000 14461806         
   7577   684       71.0000   366                     71.0000 14566937         
   8077  1096       56.0000   405                     71.0000 14722655         
   8192  1170       83.0000   604                     71.0000 14794655         
   8254  1234       92.0000   406                     71.0000 14908929         
   8281  1241    infeasible                           71.0000 14952504         
Elapsed time = 1361.29 sec. (804236.85 ticks, tree = 19.73 MB, solutions = 0)
   8300  1256    infeasible                           71.0000 15040337         
   8323  1275    infeasible                           71.0000 15137186         
   8338  1279       71.0000   869                     71.0000 15159777         
   8356  1290       84.0000   723                     71.0000 15221175         
   8373  1288       72.0000   767                     71.0000 15208151         
   8391  1313    infeasible                           71.0000 15360890         
   8424  1328    infeasible                           71.0000 15457094         
   8442  1337       72.0000   726                     71.0000 15476189         
   8455  1347       71.0000   914                     71.0000 15604259         
   8466  1346       76.0000   716                     71.0000 15643238         
Elapsed time = 1428.80 sec. (845584.79 ticks, tree = 21.90 MB, solutions = 0)
   8498  1367       88.0000   372                     71.0000 15735589         
   8542  1406       88.0000   375                     71.0000 15831910         
   8582  1439       90.3649   487                     71.0000 15911954         
   8603  1437    infeasible                           71.0000 15976312         
   8618  1449       64.1273   904                     71.0000 16024594         
   8633  1451       96.0000   698                     71.0000 16045305         
   8653  1469    infeasible                           71.0000 16190460         
   8669  1469       76.0000   791                     71.0000 16182830         
   8690  1489       76.0000   613                     71.0000 16280726         
   8704  1491    infeasible                           71.0000 16331846         
Elapsed time = 1498.21 sec. (885340.75 ticks, tree = 25.68 MB, solutions = 0)
   8719  1501       91.0000   721                     71.0000 16383587         
   8733  1510       71.0000   945                     71.0000 16491741         
   8751  1526       71.0000   882                     71.0000 16570108         
   8768  1535       92.0000   611                     71.0000 16601332         
   8784  1525       63.0000  1035                     71.0000 16571686         
   8801  1558       99.0000   725                     71.0000 16776244         
   8814  1565       71.0000   875                     71.0000 16799412         
   8821  1570       71.0000   939                     71.0000 16832509         
   8832  1567       92.0000   743                     71.0000 16837112         
   8846  1584       95.0000   642                     71.0000 16954843         
Elapsed time = 1562.74 sec. (925844.90 ticks, tree = 28.86 MB, solutions = 0)
   8861  1607       98.0000   633                     71.0000 17096731         
   8879  1597       95.0000   836                     71.0000 17051327         
   8888  1621       98.0000   554                     71.0000 17233739         
   8900  1619       95.0000   789                     71.0000 17218549         
   8908  1634       92.0000   543                     71.0000 17352858         
   8927  1640       92.0000   492                     71.0000 17364479         
   8955  1661       92.0000   349                     71.0000 17525211         
   8996  1685       94.0000   378                     71.0000 17539818         
   9034  1677       95.0000   485                     71.0000 17641054         
   9060  1686       92.0000   515                     71.0000 17712638         
Elapsed time = 1631.53 sec. (965627.72 ticks, tree = 30.91 MB, solutions = 0)
   9102  1733       95.0000   399                     71.0000 17772183         
   9144  1752       95.0320   456                     71.0000 17789126         
   9183  1848       99.0000   821                     71.0000 17996795         
   9196  1857       71.0000   895                     71.0000 18052569         
   9215  1863       71.0000   857                     71.0000 18077091         
   9225  1868       99.0000   709                     71.0000 18167631         
   9243  1881       87.0000   750                     71.0000 18236219         
   9256  1892       73.0000   691                     71.0000 18324534         
   9267  1887    infeasible                           71.0000 18272960         
   9273  1894       71.0000   839                     71.0000 18355679         
Elapsed time = 1700.61 sec. (1007560.64 ticks, tree = 35.80 MB, solutions = 0)
   9287  1901    infeasible                           71.0000 18441322         
   9297  1903       74.0000   598                     71.0000 18454238         
   9309  1903       98.0000   872                     71.0000 18480886         
   9323  1919       94.0000   685                     71.0000 18674703         
   9335  1924       94.0000   680                     71.0000 18685362         
   9353  1943       94.0000   602                     71.0000 18841490         
   9366  1949       94.0000   529                     71.0000 18851136         
   9384  1959       96.0000   853                     71.0000 18966117         
   9398  1952       65.0000  1002                     71.0000 18899648         
   9410  1986       98.0000   856                     71.0000 19111747         
Elapsed time = 1785.00 sec. (1047673.64 ticks, tree = 37.66 MB, solutions = 0)
   9429  1991       71.0000   907                     71.0000 19141301         
   9448  2001       96.0000   649                     71.0000 19183479         

GUB cover cuts applied:  1268
Clique cuts applied:  62
Cover cuts applied:  28
Implied bound cuts applied:  356
Flow cuts applied:  12
Mixed integer rounding cuts applied:  491
Zero-half cuts applied:  80
Gomory fractional cuts applied:  20

Root node processing (before b&c):
  Real time             =    3.01 sec. (1649.97 ticks)
Parallel b&c, 8 threads:
  Real time             = 1797.02 sec. (1056321.82 ticks)
  Sync time (average)   =  194.59 sec.
  Wait time (average)   =    0.09 sec.
                          ------------
Total (root+branch&cut) = 1800.03 sec. (1057971.79 ticks)
! --------------------------------------------------------
! Problem is UNKNOWN
! CPLEX Status = AbortTimeLim
! --------------------------------------------------------
