! Solving for graph /home/truongxuanhieu/CPLEX-MIP-for-MinSpanLabeling/benchmarks/abp/K-dwt__234.mtx.rnd
! Target value is set to 51
! Lower bound is set to 52
! Upper bound is set to 117
! Time limit is set to 1800
! Vertices mode is set to No hole
! Target value mode is set to Antibandwidth
Version identifier: 22.2.0.0 | 2026-05-04 | 5dff98e58
CPXPARAM_TimeLimit                               1800
Tried aggregator 2 times.
MIP Presolve eliminated 164 rows and 292 columns.
MIP Presolve modified 27314 coefficients.
Aggregator did 675 substitutions.
Reduced MIP has 1351 rows, 14631 columns, and 43676 nonzeros.
Reduced MIP has 13910 binaries, 280 generals, 0 SOSs, and 441 indicators.
Presolve time = 0.06 sec. (50.87 ticks)
Probing time = 0.10 sec. (50.75 ticks)
Tried aggregator 2 times.
Detecting symmetries...
Aggregator did 8 substitutions.
Reduced MIP has 1343 rows, 14623 columns, and 43668 nonzeros.
Reduced MIP has 13910 binaries, 389 generals, 0 SOSs, and 441 indicators.
Presolve time = 0.05 sec. (36.47 ticks)
Probing time = 0.02 sec. (5.84 ticks)
Clique table members: 6467.
MIP emphasis: balance optimality and feasibility.
MIP search method: dynamic search.
Parallel mode: deterministic, using up to 8 threads.
Root relaxation solution time = 0.11 sec. (68.71 ticks)

        Nodes                                         Cuts/
   Node  Left     Objective  IInf  Best Integer    Best Bound    ItCnt     Gap

      0     0       52.0000   216                     52.0000      962         
      0     0       52.0000   543                   Cuts: 435     1442         
      0     0       52.0000   435                   Cuts: 435     2255         
      0     0       52.0000   426                   Cuts: 435     2926         
      0     0       52.0000   396                   Cuts: 217     3518         
      0     0       52.0000   483                   Cuts: 435     4378         
Detecting symmetries...
Detecting symmetries...
      0     2       52.0000   284                     52.0000     4378         
Elapsed time = 8.54 sec. (4563.50 ticks, tree = 0.02 MB, solutions = 0)
    108    96       52.0000   263                     52.0000    10484         
    159   132       52.0000   277                     52.0000    17974         
    184    46       52.0000   200                     52.0000     8736         
    193   165      103.0000   432                     52.0000    29763         
    203   198      103.0000   397                     52.0000    48983         
    211   204      103.0000   423                     52.0000    57954         
    265   226      103.0000   404                     52.0000    68290         
    332   259      103.0000   397                     52.0000    79372         
    418   358      103.0000   433                     52.0000    96489         
    554   515      103.0000   409                     52.0000   133271         
Elapsed time = 15.28 sec. (7714.76 ticks, tree = 7.97 MB, solutions = 0)
    710   603      103.0000   365                     52.0000   165693         
    839   717    infeasible                           52.0000   199069         
    879   781      103.0000   413                     52.0000   238326         
    943   828      103.0000   413                     52.0000   271122         
   1023   841      116.0000   524                     52.0000   280397         
   1062   939      104.0000   416                     52.0000   351080         
   1134   968      103.0000   426                     52.0000   369514         
   1256  1031      104.0000   381                     52.0000   413046         
   1403  1164      108.0000   405                     52.0000   455907         
   1514  1314      103.0000   415                     52.0000   513240         
Elapsed time = 31.92 sec. (17331.59 ticks, tree = 24.60 MB, solutions = 0)
   1581  1365      103.0000   426                     52.0000   534711         
   1668  1420      104.0000   382                     52.0000   580704         
   1824  1512    infeasible                           52.0000   621270         
   1938  1678      103.0000   400                     52.0000   679794         
   2018  1707      114.0000   508                     52.0000   702325         
   2052  1766      103.0000   412                     52.0000   747087         
   2176  1832      104.0000   395                     52.0000   819206         
   2355  1967      103.0000   388                     52.0000   852775         
   2540  2061      112.0000   423                     52.0000   893948         
   2723  2200      104.0000   339                     52.0000   937581         
Elapsed time = 48.98 sec. (26946.18 ticks, tree = 44.15 MB, solutions = 0)
   2887  2311    infeasible                           52.0000   986163         
   3043  2469      103.0000   388                     52.0000  1032809         
   3157  2657    infeasible                           52.0000  1110099         
   3223  2714       94.0000   393                     52.0000  1128524         
   3320  2763      103.0000   430                     52.0000  1166616         

Performing restart 1

Repeating presolve.
Tried aggregator 1 time.
MIP Presolve eliminated 0 rows and 387 columns.
Reduced MIP has 1343 rows, 14236 columns, and 42507 nonzeros.
Reduced MIP has 13523 binaries, 389 generals, 0 SOSs, and 441 indicators.
Presolve time = 0.02 sec. (19.56 ticks)
Tried aggregator 1 time.
Reduced MIP has 1343 rows, 14236 columns, and 42507 nonzeros.
Reduced MIP has 13523 binaries, 389 generals, 0 SOSs, and 441 indicators.
Presolve time = 0.04 sec. (27.84 ticks)
Represolve time = 0.23 sec. (129.27 ticks)
   3336     0       52.0000   545                   Cuts: 435  1216679         
   3336     0       52.0000   638                   Cuts: 435  1218298         
   3336     0       52.0000   620                   Cuts: 421  1220569         
   3336     0       52.0000   720                   Cuts: 435  1223521         
   3336     0       52.0000   773                   Cuts: 435  1227229         
   3336     2       52.0000   683                     52.0000  1227229         
   3340     6       52.0000   538                     52.0000  1228416         
   3346     3       52.0000   673                     52.0000  1227283         
   3352     9       52.0000   485                     52.0000  1228803         
   3361     7       52.0000   532                     52.0000  1228563         
Elapsed time = 89.26 sec. (49962.41 ticks, tree = 0.02 MB, solutions = 0)
   3378    33       78.0000   568                     52.0000  1243560         
   3398    53      103.0000   542                     52.0000  1256055         
   3416    73      103.0000   389                     52.0000  1266846         
   3452    94      103.0000   419                     52.0000  1280010         
   3536   139      103.0000   349                     52.0000  1290260         
   3647   223      103.0000   427                     52.0000  1318829         
   3744   292      103.0000   402                     52.0000  1325224         
   3845   351      103.0000   324                     52.0000  1336909         
   3877   403      103.0000   530                     52.0000  1353711         
   3894   452      112.0000   461                     52.0000  1367048         
Elapsed time = 107.40 sec. (59821.83 ticks, tree = 6.53 MB, solutions = 0)
   3919   473      103.0000   426                     52.0000  1411546         
   3990   503      103.0000   354                     52.0000  1422394         
   4179   507      103.0000   414                     52.0000  1436869         
   4373   666      104.0000   376                     52.0000  1460780         
   4549   819      103.0000   361                     52.0000  1477788         
   4758   985      104.0000   386                     52.0000  1506065         
   4947  1045      104.0000   352                     52.0000  1516293         
   5053  1190      103.0000   467                     52.0000  1548699         
   5071  1390      103.0000   492                     52.0000  1604357         
   5093  1410      103.0000   378                     52.0000  1621139         
Elapsed time = 125.99 sec. (69385.78 ticks, tree = 25.90 MB, solutions = 0)
   5140  1429      103.0000   395                     52.0000  1625512         
   5210  1455      103.0000   356                     52.0000  1633982         
   5263  1542       79.8000   665                     52.0000  1667733         
   5326  1559       99.0000   467                     52.0000  1668639         
   5420  1658      103.0000   376                     52.0000  1704050         
   5582  1697      109.0000   441                     52.2592  1717472         
   5615  1701       62.4611   778                     52.2592  1737247         
   5651  1909      103.0000   449                     52.2592  1788597         
   5703  1927      103.0000   372                     52.2592  1802739         
   5825  1975       87.0000   394                     52.2592  1818976         
Elapsed time = 144.00 sec. (79045.51 ticks, tree = 38.07 MB, solutions = 0)
   5926  2098      104.0000   437                     52.2592  1852015         
   6017  2118      114.0000   420                     52.2592  1864443         
   6121  2169      103.0000   284                     52.9162  1873396         
   6307  2218      103.0000   411                     52.9162  1888774         
   6428  2456      114.0000   503                     52.9162  1950003         
   6600  2620      103.0000   438                     52.9162  1985533         
   6745  2687      103.0000   326                     52.9162  1990571         
   6798  2715       56.3744   892                     53.5487  2020918         
   6822  2936      103.0000   479                     53.5487  2087482         
   6850  2937       83.0000   634                     53.5895  2076639         
Elapsed time = 162.90 sec. (88697.07 ticks, tree = 60.00 MB, solutions = 0)
   6894  2945      112.0000   494                     53.5895  2099469         
   6962  3007      103.0000   458                     53.5895  2143818         
   7032  3038      106.0000   426                     53.5895  2150785         
   7184  3133       93.0000   306                     53.5895  2177600         
   7360  3202      106.0000   419                     53.5895  2199531         
   7481  3274      111.0000   370                     53.5895  2223138         
   7587  3497      103.0000   409                     53.5895  2278697         
   7636  3511      104.9087   474                     53.5895  2288889         
   7661  3600      103.0000   558                     53.5895  2323146         
   7684  3628       86.0000   675                     53.5895  2348418         
Elapsed time = 181.14 sec. (98460.79 ticks, tree = 75.35 MB, solutions = 0)
   7716  3660       86.0000   637                     53.5895  2373861         
   7782  3673      103.0000   418                     53.5895  2375504         
   7850  3702      103.0000   424                     53.5895  2389527         
   7963  3826      103.0000   355                     53.5895  2415197         
   8098  3826      103.0000   534                     53.5895  2415603         
   8261  3866      103.0000   402                     53.5895  2432023         
   8365  4152       70.0000   620                     53.5895  2503341         
   8455  4102      104.0000   429                     53.5895  2491610         
   8541  4209      105.0000   386                     53.5895  2511325         
   8660  4438      111.0000   483                     53.5895  2626915         
Elapsed time = 202.61 sec. (110970.59 ticks, tree = 93.75 MB, solutions = 0)
   8767  4536      103.0000   497                     53.5895  2710585         
   9005  4695      103.0000   328                     53.5895  2781028         
   9296  4916      106.0000   325                     53.5895  2877158         
   9383  5067      103.0000   435                     53.5895  2948833         

Performing restart 2

Repeating presolve.
Tried aggregator 1 time.
MIP Presolve modified 59 coefficients.
Reduced MIP has 1343 rows, 14236 columns, and 54106 nonzeros.
Reduced MIP has 13523 binaries, 389 generals, 0 SOSs, and 441 indicators.
Presolve time = 0.03 sec. (24.91 ticks)
Tried aggregator 1 time.
Reduced MIP has 1343 rows, 14236 columns, and 54106 nonzeros.
Reduced MIP has 13523 binaries, 389 generals, 0 SOSs, and 441 indicators.
Presolve time = 0.06 sec. (33.80 ticks)
Represolve time = 0.39 sec. (205.68 ticks)
   9390     0       60.0669   988                   Cuts: 435  2994791         
   9390     0       61.0000   954                   Cuts: 435  2999828         
   9390     0       62.5579   974                   Cuts: 435  3007112         
   9390     0       63.7353  1004                   Cuts: 435  3009135         
   9390     0       64.4954   991                   Cuts: 435  3011027         
   9390     0       65.0861   998                   Cuts: 435  3013568         
   9390     0       65.5614  1019                   Cuts: 435  3015881         
   9390     0       65.8847  1014                   Cuts: 435  3017720         
   9390     0       66.0949  1042                   Cuts: 435  3019020         
   9390     0       66.4543  1034                   Cuts: 435  3022217         
   9390     0       66.8420  1066                   Cuts: 435  3024754         
   9390     0       67.2897  1048                   Cuts: 435  3027217         
   9390     0       67.4692  1087                   Cuts: 435  3028822         
   9390     0       67.9826  1066                   Cuts: 435  3031198         
   9390     0       68.1465  1061                   Cuts: 435  3033000         
   9390     0       68.3753  1101                   Cuts: 435  3035484         
   9390     0       68.4740  1131                   Cuts: 435  3038046         
   9390     0       68.5603  1126                   Cuts: 435  3039891         
   9390     0       68.6982  1151                   Cuts: 435  3043077         
   9390     0       68.7843  1123                   Cuts: 435  3044423         
   9390     0       68.9012  1168                   Cuts: 435  3046751         
   9390     0       69.0096  1191                   Cuts: 435  3049694         
   9390     0       69.0782  1184                   Cuts: 435  3053664         
   9390     0       69.1285  1191                   Cuts: 435  3056194         
   9390     0       69.2120  1208                   Cuts: 435  3059273         
   9390     0       69.3062  1245                   Cuts: 435  3062413         
   9390     0       69.3361  1186                   Cuts: 435  3065680         
   9390     0       69.4000  1191                   Cuts: 435  3068653         
   9390     0       69.4527  1187                   Cuts: 435  3073484         
   9390     0       69.5013  1187                   Cuts: 435  3076720         
   9390     0       69.5857  1206                   Cuts: 435  3079703         
   9390     0       69.6256  1198                   Cuts: 435  3084001         
   9390     0       69.6822  1216                   Cuts: 435  3087073         
   9390     0       69.6994  1200                   Cuts: 435  3108274         
   9390     0       69.7441  1206                   Cuts: 435  3111515         
   9390     0       70.1698  1209                   Cuts: 435  3119091         
   9390     0       70.3890  1211                   Cuts: 435  3123595         
   9390     0       70.4817  1218                   Cuts: 435  3127487         
   9390     0       70.5197  1194                   Cuts: 435  3131170         
   9390     0       70.5759  1182                   Cuts: 435  3134096         
   9390     0       70.6273  1258                   Cuts: 435  3138650         
   9390     0       70.6481  1247                   Cuts: 435  3141655         
   9390     0       70.6959  1254                   Cuts: 435  3146001         
   9390     0       70.7214  1258                   Cuts: 435  3148994         
   9390     0       70.7682  1275                   Cuts: 435  3151678         
   9390     0       70.8175  1305                   Cuts: 435  3155012         
   9390     0       70.8872  1325                   Cuts: 435  3161349         
   9390     0       70.9466  1376                   Cuts: 435  3166599         
   9390     0       71.0037  1379                   Cuts: 435  3170513         
   9390     0       71.0581  1425                   Cuts: 435  3175672         
   9390     0       71.0818  1402                   Cuts: 435  3178212         
   9390     0       71.0955  1390                   Cuts: 435  3182744         
   9390     0       71.1081  1414                   Cuts: 435  3184208         
   9390     0       71.1339  1435                   Cuts: 435  3187781         
   9390     0       71.1517  1422                   Cuts: 435  3190564         
   9390     2       72.0000  1200                     71.1517  3190564         
   9391     3       72.0000  1147                     72.0000  3200923         
   9392     4       72.0000  1174                     72.0000  3203722         
   9393     5       72.0000  1215                     72.0000  3207472         
   9395     7       87.0000   792                     72.0000  3216049         
   9397     4      102.0000   824                     72.0000  3210916         
Elapsed time = 677.25 sec. (414548.08 ticks, tree = 0.02 MB, solutions = 0)
   9399    11       87.0000   820                     72.0000  3227074         
   9404    13       87.0000   769                     72.0000  3227377         
   9411    15      102.0000   780                     72.0000  3248282         
   9415    19       87.0000   828                     72.0000  3259540         
   9424    27      103.0000   771                     72.0000  3279281         
   9433    32       87.0000   764                     72.0000  3289091         
   9444    43       87.0000   843                     72.0000  3308706         
   9452    57       87.0000   753                     72.0000  3370110         
   9463    64       87.0000   839                     72.0000  3400462         
   9473    75      103.0000   675                     72.0000  3449786         
Elapsed time = 741.54 sec. (458289.88 ticks, tree = 0.97 MB, solutions = 0)
   9482    81      102.0000   716                     72.0000  3479460         
   9491    95      102.0000   702                     72.0000  3543320         
   9503    96      102.0000   694                     72.0000  3548737         
   9516    99      103.0000   669                     72.0000  3557890         
   9530   121       87.0000   763                     72.0000  3643257         
   9543   120      103.0000   725                     72.0000  3635233         
   9563   140      103.0000   652                     72.0000  3687584         
   9577   168      103.0000   653                     72.0000  3784329         
   9599   183      103.0000   682                     72.0000  3827814         
   9617   185      103.0000   713                     72.0000  3834769         
Elapsed time = 804.89 sec. (499460.53 ticks, tree = 2.95 MB, solutions = 0)
   9639   204       82.0000   665                     72.0000  3914567         
   9655   207      103.0000   623                     72.0000  3911925         
   9667   218      103.0000   721                     72.0000  3993375         
   9683   232      103.0000   678                     72.0000  4050964         
   9698   219      103.0000   526                     72.0000  3975212         
   9704   268      103.0000   710                     72.0000  4147322         
   9718   276      103.2798   581                     72.0000  4214847         
   9744   290      103.0000   552                     72.0000  4252701         
   9760   292      103.0000   569                     72.0000  4265912         
   9773   346      103.0000   572                     72.0000  4450328         
Elapsed time = 868.09 sec. (539480.40 ticks, tree = 6.54 MB, solutions = 0)
   9800   349       88.0000   620                     72.0000  4457573         
   9822   365      103.0000   703                     72.0000  4508066         
   9858   368      103.0000   784                     72.0000  4514870         
   9896   367       91.0000   679                     72.0000  4480346         
   9928   400       89.0000   817                     72.0000  4622441         
   9956   442      103.0000   624                     72.0000  4791093         
   9997   449      103.0000   613                     72.0000  4800356         
  10034   505      113.0000   442                     72.0000  4904704         
  10085   530       74.0000  1026                     72.0000  5039278         
  10135   521       89.0000   702                     72.0000  4980358         
Elapsed time = 932.10 sec. (578919.07 ticks, tree = 11.31 MB, solutions = 0)
  10147   665      104.0000   585                     72.0000  5216112         
  10164   569      103.0000   666                     72.0000  5134323         
  10178   569      103.0000   568                     72.0000  5091293         
  10193   695      103.0000   545                     72.0000  5263481         
  10212   708      103.0000   571                     72.0000  5338003         
  10234   689      104.0000   653                     72.0000  5263761         
  10266   716       87.0000   780                     72.0000  5369527         
  10295   734      103.0000   520                     72.0000  5435700         
  10330   759      103.0000   473                     72.0000  5452265         
  10357   765      113.0000   617                     72.0000  5461853         
Elapsed time = 993.76 sec. (619493.66 ticks, tree = 18.07 MB, solutions = 0)
  10371   771      113.0000   542                     72.0000  5471674         
  10383   822      103.0000   493                     72.0000  5666321         
  10397   830      103.0000   462                     72.0000  5679892         
  10408   806       75.0000   967                     72.0000  5628869         
  10420   871      113.0000   587                     72.0000  5760300         
  10437   879      113.0000   534                     72.0000  5769382         
  10451   881      114.0000   634                     72.0000  5836915         
  10476   904      106.0000   433                     72.0000  5914706         
  10494   931       77.0000   975                     72.0000  5986043         
  10509   930       89.0000   749                     72.0000  5971003         
Elapsed time = 1060.49 sec. (661329.95 ticks, tree = 22.75 MB, solutions = 0)
  10515   949      114.0000   643                     72.0000  6092932         
  10520   935      103.0000   694                     72.0000  5987726         
  10529   974      103.0000   764                     72.0000  6214604         
  10536   985      103.0000   685                     72.0000  6250225         
  10546   991      103.0000   620                     72.0000  6257474         
  10556   998       78.0000  1015                     72.0000  6363970         
  10564   999      114.0000   556                     72.0000  6354385         
  10575   989      114.0000   812                     72.0000  6308188         
  10581  1041    infeasible                           72.0000  6615560         
  10585  1025       77.0000  1036                     72.0000  6525322         
Elapsed time = 1128.03 sec. (705870.28 ticks, tree = 25.70 MB, solutions = 0)
  10587  1014      103.0000   894                     72.0000  6475002         
  10595  1050      104.0000   505                     72.0000  6681910         
  10608  1056      113.0000   523                     72.0000  6692111         
  10620  1061      106.0000   542                     72.0000  6701069         
  10628  1015       74.0000  1244                     72.0000  6496635         
  10635  1059      103.0000   708                     72.0000  6767480         
  10642  1090      103.0000   705                     72.0000  6948301         
  10653  1092      103.0000   670                     72.0000  6959559         
  10663  1061       74.0000  1225                     72.0000  6867158         
  10675  1095      103.0000   876                     72.0000  6986782         
Elapsed time = 1200.68 sec. (750755.77 ticks, tree = 27.89 MB, solutions = 0)
  10686  1098      103.0000   653                     72.0000  6985425         
  10693  1098      103.0000   739                     72.0000  7000498         
  10699  1126      104.0000   567                     72.0000  7235651         
  10711  1132      104.0000   562                     72.0000  7243059         
  10723  1138      104.0000   542                     72.0000  7251811         
  10730  1142      103.0000   765                     72.0000  7284125         
  10737  1142    infeasible                           72.0000  7264610         
  10750   965       72.0000  1299                     72.0000  6177613         
  10762  1175      106.0000   608                     72.0000  7500610         
  10771  1181      106.0000   550                     72.0000  7508968         
Elapsed time = 1268.19 sec. (793867.43 ticks, tree = 30.76 MB, solutions = 0)
  10786  1190    infeasible                           72.0000  7517283         
  10797  1189      103.0000   684                     72.0000  7559677         
  10808  1199    infeasible                           72.0000  7542056         
  10819  1205      109.0000   589                     72.0000  7555879         
  10836  1194      103.0000   647                     72.0000  7585048         
  10850  1199      106.0000   641                     72.0000  7593980         
  10864  1204      103.0000   541                     72.0000  7602055         
  10869  1269      103.0000   552                     72.0000  7963124         
  10876  1200      103.0000   832                     72.0000  7736552         
  10882  1278      103.0000   546                     72.0000  7984962         
Elapsed time = 1332.52 sec. (835385.64 ticks, tree = 34.08 MB, solutions = 0)
  10891  1198      103.0000   784                     72.0000  7695205         
  10898  1275      103.0000   760                     72.0000  7993186         
  10904  1287      103.0000   748                     72.0000  8092011         
  10912  1302      103.0000   512                     72.0000  8230154         
  10922  1283      103.0000   692                     72.0000  8015028         
  10929  1248       72.6299  1280                     72.0000  7944643         
  10935  1286      103.0000   718                     72.0000  8031467         
  10945  1309      103.0000   507                     72.0000  8282406         
  10953  1307    infeasible                           72.0000  8302699         
  10966  1330      103.0000   616                     72.0000  8392322         
Elapsed time = 1403.47 sec. (879258.81 ticks, tree = 35.73 MB, solutions = 0)
  10975  1334      103.0000   574                     72.0000  8399904         
  10985  1338      104.0000   561                     72.0000  8408402         
  10992  1356      103.0000   858                     72.0000  8647501         
  10999  1345      104.0000   538                     72.0000  8416202         
  11005  1357      103.0000   885                     72.0000  8689505         
  11015  1394      103.0000   627                     72.0000  8779961         
  11035  1398      104.0000   506                     72.0000  8741426         
  11050  1407      104.0000   512                     72.0000  8751239         
  11065  1404       76.1101  1198                     72.0000  8879727         
  11076  1410      106.0000   609                     72.0000  8862543         
Elapsed time = 1471.10 sec. (921309.72 ticks, tree = 38.51 MB, solutions = 0)
  11092  1426      104.0000   523                     72.0000  8768609         
  11105  1397      103.3371   677                     72.0000  8837013         
  11116  1475      104.0422   558                     72.0000  9188297         
  11128  1482      106.0000   445                     72.0000  9201031         
  11137  1480    infeasible                           72.0000  9217584         
  11142  1495      115.0000   620                     72.0000  9319927         
  11148  1420      103.0000   669                     72.0000  8989589         
  11152  1482      112.0000   852                     72.0000  9241132         
  11156  1483      112.0000   816                     72.0000  9251465         
  11168  1536      104.0000   632                     72.0000  9621717         
Elapsed time = 1540.50 sec. (966968.29 ticks, tree = 42.78 MB, solutions = 0)
  11175  1538       74.7050  1246                     72.0000  9660553         
  11184  1538    infeasible                           72.0000  9633590         
  11194  1534      112.0000   788                     72.0000  9568991         
  11202  1542       74.8610  1210                     72.0000  9678480         
  11208  1503      103.0000   645                     72.0000  9450252         
  11216  1563      115.0000   516                     72.0000  9769483         
  11233  1558      103.0000   811                     72.0000  9866984         
  11242  1591      106.0000   517                     72.0000  9987486         
  11257  1566      115.0000   534                     72.0000  9804299         
  11263  1561      103.0000   765                     72.0000  9887601         
Elapsed time = 1604.79 sec. (1006499.83 ticks, tree = 43.58 MB, solutions = 0)
  11274  1629      115.0000   506                     72.0000 10271692         
  11287  1637      115.0000   509                     72.0000 10282326         
  11301  1642      115.0000   458                     72.0000 10293141         
  11308  1582      112.0000   661                     72.0000  9954740         
  11315  1641      103.0000   773                     72.0000 10407056         
  11323  1661      112.0000   558                     72.0000 10470130         
  11330  1663      112.0000   631                     72.0000 10479222         
  11336  1667      112.0000   630                     72.0000 10488452         
  11344  1671      112.0000   619                     72.0000 10497767         
  11352  1668       76.0000  1141                     72.0000 10626057         
Elapsed time = 1671.62 sec. (1052238.24 ticks, tree = 47.24 MB, solutions = 0)
  11358  1674    infeasible                           72.0000 10517975         
  11366  1678      112.0000   572                     72.0000 10526234         
  11375  1690      103.5403   729                     72.0000 10877319         
  11389  1691      103.0000   672                     72.0000 10723973         
  11398  1694      103.0000   681                     72.0000 10730078         
  11409  1736       74.3627  1243                     72.0000 11117806         
  11423  1663      103.0000   926                     72.0000 10566551         
  11435  1733      112.0000   563                     72.0000 10981593         
  11444  1736      112.0000   597                     72.0000 10993456         
  11457  1762      103.0000   645                     72.0000 11256048         
Elapsed time = 1740.81 sec. (1092798.72 ticks, tree = 50.57 MB, solutions = 0)
  11466  1764      103.0000   593                     72.0000 11268603         
  11479  1767      103.0000   575                     72.0000 11278800         
  11488  1744      103.0000   810                     72.0000 11162959         
  11496  1727    infeasible                           72.0000 11110252         
  11502  1746      105.0000   828                     72.0000 11179928         
  11511  1811      103.0000   810                     72.0000 11692068         
  11518  1766      103.0000   789                     72.0000 11336485         
  11523  1820      103.0000   762                     72.0000 11766019         

GUB cover cuts applied:  1885
Clique cuts applied:  46
Cover cuts applied:  26
Implied bound cuts applied:  175
Flow cuts applied:  27
Mixed integer rounding cuts applied:  438
Zero-half cuts applied:  58
Gomory fractional cuts applied:  3

Root node processing (before b&c):
  Real time             =    8.48 sec. (4541.69 ticks)
Parallel b&c, 8 threads:
  Real time             = 1791.54 sec. (1129430.01 ticks)
  Sync time (average)   =  146.48 sec.
  Wait time (average)   =    0.08 sec.
                          ------------
Total (root+branch&cut) = 1800.02 sec. (1133971.70 ticks)
! --------------------------------------------------------
! Problem is UNKNOWN
! CPLEX Status = AbortTimeLim
! --------------------------------------------------------
