! Solving for graph /home/truongxuanhieu/CPLEX-MIP-for-MinSpanLabeling/benchmarks/abp/L-bcspwr03.mtx.rnd
! Target value is set to 39
! Lower bound is set to 40
! Upper bound is set to 118
! Time limit is set to 1800
! Vertices mode is set to No hole
! Target value mode is set to Antibandwidth
Version identifier: 22.2.0.0 | 2026-05-04 | 5dff98e58
CPXPARAM_TimeLimit                               1800
Tried aggregator 2 times.
MIP Presolve eliminated 181 rows and 295 columns.
MIP Presolve modified 27770 coefficients.
Aggregator did 712 substitutions.
Reduced MIP has 1425 rows, 14936 columns, and 44586 nonzeros.
Reduced MIP has 14162 binaries, 298 generals, 0 SOSs, and 476 indicators.
Presolve time = 0.07 sec. (52.25 ticks)
Probing time = 0.10 sec. (55.40 ticks)
Tried aggregator 2 times.
Detecting symmetries...
Aggregator did 7 substitutions.
Reduced MIP has 1418 rows, 14929 columns, and 44579 nonzeros.
Reduced MIP has 14162 binaries, 409 generals, 0 SOSs, and 476 indicators.
Presolve time = 0.05 sec. (37.63 ticks)
Probing time = 0.02 sec. (5.93 ticks)
Clique table members: 3022.
MIP emphasis: balance optimality and feasibility.
MIP search method: dynamic search.
Parallel mode: deterministic, using up to 8 threads.
Root relaxation solution time = 0.07 sec. (46.91 ticks)

        Nodes                                         Cuts/
   Node  Left     Objective  IInf  Best Integer    Best Bound    ItCnt     Gap

      0     0       40.0000   213                     40.0000      682         
      0     0       40.0000   500                   Cuts: 454     1109         
      0     0       40.0000   461                   Cuts: 454     1667         
      0     0       40.0000   440                   Cuts: 454     2253         
      0     0       40.0000   358                   Cuts: 348     3230         
      0     0       40.0000   470                   Cuts: 454     4605         
      0     2       40.0000   284                     40.0000     4605         
Elapsed time = 6.74 sec. (3417.97 ticks, tree = 0.02 MB, solutions = 0)
     10     4       40.0000   276                     40.0000     4687         
    115    98       40.0000   177                     40.0000    10438         
    172   137       79.0000   359                     40.0000    15984         
    271   236       79.0000   325                     40.0000    26265         
    338   262       40.0000   315                     40.0000    30868         
    376   337       79.0000   315                     40.0000    48547         
    407   351       79.0000   305                     40.0000    63103         
    481   391       79.0000   312                     40.0000    72098         
    526   423       86.0000   310                     40.0000    87655         
    763   518      118.0000   438                     40.0000   114642         
Elapsed time = 12.80 sec. (6684.43 ticks, tree = 8.45 MB, solutions = 0)
    991   723       79.0000   335                     40.0000   168576         
   1168  1005       79.0000   343                     40.0000   222883         
   1588  1287       82.0000   206                     40.0000   266865         
   2124  1625      102.0000   319                     40.0000   304616         
   2446  1974       79.0000   333                     40.0000   337826         
   2901  2363       80.0000   263                     40.0000   373066         
   3404  2900       92.0000   210                     40.0000   424401         

Performing restart 1

Repeating presolve.
Tried aggregator 1 time.
MIP Presolve eliminated 0 rows and 171 columns.
Reduced MIP has 1418 rows, 14758 columns, and 44066 nonzeros.
Reduced MIP has 13991 binaries, 409 generals, 0 SOSs, and 476 indicators.
Presolve time = 0.02 sec. (20.18 ticks)
Tried aggregator 1 time.
Reduced MIP has 1418 rows, 14758 columns, and 44066 nonzeros.
Reduced MIP has 13991 binaries, 409 generals, 0 SOSs, and 476 indicators.
Presolve time = 0.04 sec. (29.16 ticks)
Represolve time = 0.23 sec. (130.89 ticks)
   3554     0       40.0000   476                   Cuts: 454   449739         
   3554     0       40.0000   611                   Cuts: 447   451188         
   3554     0       40.0000   705                   Cuts: 454   452817         
   3554     0       40.0000   721                   Cuts: 454   454923         
   3554     2       40.0000   571                     40.0000   454923         
   3611    26       50.0000   647                     40.0000   456854         
   3894   274       79.0000   316                     40.0000   467075         
Elapsed time = 43.49 sec. (23712.38 ticks, tree = 3.28 MB, solutions = 0)
   4296   639       79.0000   314                     40.0000   484307         
   4670   901       86.0000   325                     40.0000   496905         
   4707  1007       79.0000   509                     40.0000   507352         
   4749  1031       80.0000   496                     50.0000   534296         
   5003  1181       80.0000   392                     50.0000   552543         
   5217  1360       79.0000   294                     50.0000   564002         
   5568  1568      101.0000   313                     50.0000   580033         
   5618  1824    infeasible                           50.0000   599380         
   5639  1807       79.0000   373                     50.0000   645299         
   5652  1804       79.2500   451                     50.0000   684940         
Elapsed time = 64.18 sec. (33497.62 ticks, tree = 32.98 MB, solutions = 0)
   5712  1815       88.0000   297                     50.0000   722237         
   6199  1887       79.0000   297                     50.0000   755437         
   6262  2295    infeasible                           50.0000   808077         
   6270  2293    infeasible                           50.0000   817840         
   6279  2286    infeasible                           50.0000   853496         
   6285  2284    infeasible                           50.0000   868535         
   6435  2287       91.0000   418                     50.0000   962427         
   6810  2360       79.0000   302                     50.0000   967805         
   7039  2664       88.0000   340                     50.0000   999767         
   7052  2854    infeasible                           50.0000  1031795         
Elapsed time = 83.41 sec. (43384.64 ticks, tree = 54.85 MB, solutions = 0)
   7123  2944    infeasible                           50.0000  1066465         
   7532  3021       90.0000   287                     50.0000  1098799         
   8011  3315       91.0000   281                     50.0000  1116492         
   8131  3896       92.0000   404                     50.0000  1147473         
   8182  3898       92.0000   410                     50.0000  1166826         
   8416  3920       81.0000   355                     50.0000  1175977         
   8641  4157       79.0000   287                     50.0000  1203567         
   8835  4381    infeasible                           50.0000  1234802         
   8879  4500    infeasible                           50.0000  1261405         
   8977  4505       79.0000   377                     50.0000  1283640         
Elapsed time = 103.20 sec. (53076.48 ticks, tree = 89.30 MB, solutions = 0)
   9095  4605      106.0000   386                     50.0000  1306737         
   9409  4648      118.0000   484                     50.0000  1320292         
   9442  4735       79.0000   428                     50.0000  1331403         
   9455  4995       79.0000   483                     50.0000  1355009         
   9482  4998      108.0000   467                     50.0000  1381574         
   9588  5002       79.0000   457                     50.0000  1398249         
   9809  5057      106.0000   342                     50.0000  1409127         
   9996  5188      106.0000   325                     50.0000  1422979         
  10015  5461    infeasible                           50.0000  1451605         
  10026  5488       79.0000   484                     50.0000  1475576         
Elapsed time = 121.85 sec. (62732.22 ticks, tree = 111.39 MB, solutions = 0)
  10045  5487       92.0000   487                     50.0000  1493835         
  10068  5492       80.0000   331                     50.0000  1509767         
  10116  5487      118.0000   431                     50.0000  1520808         
  10178  5539      100.0000   281                     50.0000  1562586         
  10217  5509    infeasible                           50.0000  1563286         
  10242  5575    infeasible                           50.0000  1599202         
  10268  5593      108.0000   450                     50.0000  1606933         
  10287  5605    infeasible                           50.0000  1627497         
  10297  5598      118.0000   485                     50.0000  1631636         

Performing restart 2

Repeating presolve.
Tried aggregator 1 time.
MIP Presolve modified 59 coefficients.
Reduced MIP has 1418 rows, 14758 columns, and 53369 nonzeros.
Reduced MIP has 13991 binaries, 409 generals, 0 SOSs, and 476 indicators.
Presolve time = 0.04 sec. (25.06 ticks)
Tried aggregator 1 time.
Reduced MIP has 1418 rows, 14758 columns, and 53369 nonzeros.
Reduced MIP has 13991 binaries, 409 generals, 0 SOSs, and 476 indicators.
Presolve time = 0.05 sec. (33.94 ticks)
Represolve time = 0.39 sec. (199.78 ticks)
  10298     0       41.0288   968                   Cuts: 454  1677437         
  10298     0       42.9683   945                   Cuts: 454  1678635         
  10298     0       44.7003   940                   Cuts: 454  1679560         
  10298     0       45.7245   962                   Cuts: 454  1680923         
  10298     0       46.4065  1020                   Cuts: 454  1682047         
  10298     0       47.4533  1002                   Cuts: 454  1688557         
  10298     0       49.7698   993                   Cuts: 454  1690515         
  10298     0       50.2080  1063                   Cuts: 454  1694218         
  10298     0       50.5941  1009                   Cuts: 454  1697142         
  10298     0       50.7033   940                   Cuts: 454  1700116         
  10298     0       50.7033   932                   Cuts: 454  1704514         
  10298     0       50.7033   907                   Cuts: 454  1706991         
  10298     0       50.7033   933                   Cuts: 454  1709684         
  10298     2       51.0000   761                     70.3333  1709684         
Elapsed time = 209.56 sec. (118470.83 ticks, tree = 0.02 MB, solutions = 0)
  10303     7       79.0000   520                     70.3333  1710543         
  10357     9       79.0000   452                     79.0000  1710592         
  10444   131       79.0000   360                     79.0000  1718698         
  10509   188       79.0000   423                     79.0000  1728994         
  10563   234       80.0000   362                     79.0000  1744151         
  10640   281       88.0000   326                     79.0000  1752199         
  10691   349       79.0000   370                     79.0000  1787391         
  10755   393       96.0000   325                     79.0000  1791964         
  10819   450       79.0000   320                     79.0000  1811531         
  10879   498       79.0000   305                     79.0000  1836487         
Elapsed time = 226.59 sec. (128325.05 ticks, tree = 7.00 MB, solutions = 0)
  10912   531       79.0000   328                     79.0000  1846776         
  10946   551       79.0000   285                     79.0000  1863838         
  10989   586       79.0000   343                     79.0000  1870679         
  11035   599    infeasible                           79.0000  1900954         
  11084   624       94.0000   388                     79.0000  1931577         
  11130   637       98.0000   410                     79.0000  1939597         
  11153   629       80.0000   357                     79.0000  1938243         
  11170   696       84.0000   455                     79.0000  2007605         
  11189   698       80.0000   390                     79.0000  2001283         
  11209   714    infeasible                           79.0000  2048945         
Elapsed time = 244.79 sec. (138161.46 ticks, tree = 10.83 MB, solutions = 0)
  11226   713       80.0000   464                     79.0000  2047182         
  11244   736       80.0000   457                     79.0000  2070841         
  11254   736      108.0000   457                     79.0000  2091235         
  11263   743    infeasible                           79.0000  2125774         
  11279   742       98.5000   543                     79.0000  2175988         
  11289   741    infeasible                           79.0000  2181291         
  11299   740    infeasible                           79.0000  2187159         
  11310   740       98.5000   510                     79.0000  2281592         
  11322   741       80.0000   527                     79.0000  2314621         
  11384   745       81.3933   594                     79.0000  2422811         
Elapsed time = 267.48 sec. (151264.85 ticks, tree = 11.53 MB, solutions = 0)
  11427   751       83.0000   487                     79.0000  2515690         
  11478   757       83.8750   605                     79.0000  2629818         
  11520   755    infeasible                           79.0000  2727845         
  11560   758    infeasible                           79.0000  2860016         
  11578   759       80.0000   614                     79.0000  2865836         
  11595   760       79.0000   583                     79.0000  2826931         
  11622   758       83.8750   610                     79.0000  3184520         
  11645   761    infeasible                           79.0000  3282846         
  11672   754       99.0000   533                     79.0000  3401495         
  11707   753       80.0000   605                     79.0000  3540277         
Elapsed time = 333.03 sec. (190279.90 ticks, tree = 11.73 MB, solutions = 0)
  11730   751    infeasible                           79.0000  3586119         
  11744   753       79.0000   558                     79.0000  3470732         
  11756   755       80.0000   623                     79.0000  3741338         
  11778   753    infeasible                           79.0000  3787247         
  11804   755       84.6250   602                     79.0000  3853332         
  11824   754    infeasible                           79.0000  3961862         
  11841   752    infeasible                           79.0000  4051095         
  11859   751    infeasible                           79.0000  4042456         
  11884   755       96.0000   588                     79.0000  4330574         
  11912   756       80.0000   692                     79.0000  4347155         
Elapsed time = 396.24 sec. (230565.89 ticks, tree = 12.01 MB, solutions = 0)
  11936   749       79.0000   516                     79.0000  4417550         
  11961   753    infeasible                           79.0000  4395769         
  11978   750    infeasible                           79.0000  4563978         
  11990   745    infeasible                           79.0000  4703235         
  12013   753       79.0000   592                     79.0000  4551306         
  12034   745       79.0000   547                     79.0000  4724312         
  12060   747    infeasible                           79.0000  4871374         
  12084   747       85.5000   593                     79.0000  5096942         
  12100   741    infeasible                           79.0000  5018305         
  12130   749       79.0000   518                     79.0000  5135823         
Elapsed time = 462.42 sec. (270405.61 ticks, tree = 11.77 MB, solutions = 0)
  12161   766       79.0000   464                     79.0000  5144762         
  12187   749    infeasible                           79.0000  5342959         
  12222   749    infeasible                           79.0000  5409203         
  12242   774    infeasible                           79.0000  5631611         
  12258   776      113.0000   548                     79.0000  5643517         
  12284   784      113.0000   552                     79.0000  5653472         
  12304   776    infeasible                           79.0000  5778012         
  12323   787       98.5000   585                     79.0000  5927857         
  12340   778       79.0000   657                     79.0000  5803861         
  12359   785       79.0000   623                     79.0000  6211592         
Elapsed time = 524.55 sec. (310431.57 ticks, tree = 12.70 MB, solutions = 0)
  12380   788      118.0000   638                     79.0000  6235071         
  12396   789      118.0000   550                     79.0000  6248296         
  12413   794    infeasible                           79.0000  6364846         
  12429   786    infeasible                           79.0000  6281061         
  12442   807      118.0000   562                     79.0000  6447096         
  12455   810      118.0000   613                     79.0000  6457710         
  12469   798    infeasible                           79.0000  6551418         
  12481   811      118.0000   604                     79.0000  6673476         
  12498   804    infeasible                           79.0000  6750158         
  12508   820      118.0000   442                     79.0000  6888638         
Elapsed time = 589.68 sec. (353601.31 ticks, tree = 13.96 MB, solutions = 0)
  12529   816       85.0598   772                     79.0000  7064441         
  12548   816       99.0000   766                     79.0000  7044598         
  12558   814       79.0000   650                     79.0000  7034878         
  12580   832       80.0000   698                     79.0000  7218206         
  12598   842      118.0000   571                     79.0000  7246550         
  12613   859      118.0000   550                     79.0000  7367574         
  12629   860      118.0000   470                     79.0000  7339865         
  12651   862    infeasible                           79.0000  7431812         
  12680   862       81.4375   758                     79.0000  7463757         
  12704   898      118.0000   499                     79.0000  7603267         
Elapsed time = 652.64 sec. (394508.00 ticks, tree = 16.20 MB, solutions = 0)
  12728   897      118.0000   544                     79.0000  7587842         
  12756   940      118.0000   382                     79.0000  7760117         
  12779   911      118.0000   489                     79.0000  7628318         
  12799   898       79.0000   782                     79.0000  7699675         
  12823   976      118.0000   464                     79.0000  7943609         
  12843   984      118.0000   430                     79.0000  7954823         
  12866  1022      118.0000   383                     79.0000  8160435         
  12889   987      118.0000   605                     79.0000  8055283         
  12910   964    infeasible                           79.0000  8042419         
  12930  1055      118.0000   344                     79.0000  8190223         
Elapsed time = 723.00 sec. (434789.35 ticks, tree = 20.84 MB, solutions = 0)
  12960  1037      118.0000   493                     79.0000  8339912         
  12992  1026    infeasible                           79.0000  8319352         
  13029  1119      118.0000   250                     79.0000  8404330         
  13063  1098      118.0000   475                     79.0000  8610982         
  13077  1072       79.0000   738                     79.0000  8515207         
  13100  1113      118.0000   464                     79.0000  8632069         
  13116  1121      118.0000   388                     79.0000  8642818         
  13132  1131      118.0000   421                     79.0000  8788124         
  13164  1223      118.0000   440                     79.0000  8909767         
  13187  1228      118.0000   401                     79.0000  8916470         
Elapsed time = 787.46 sec. (474030.47 ticks, tree = 26.45 MB, solutions = 0)
  13213  1247      118.0000   370                     79.0000  9018469         
  13243  1270      118.0000   380                     79.0000  9197391         
  13267  1310      118.0000   355                     79.0000  9234524         
  13295  1322      118.0000   318                     79.0000  9243121         
  13327  1319       79.0000   787                     79.0000  9391162         
  13365  1365      118.0000   319                     79.0000  9458928         
  13415  1399      118.0000   337                     79.0000  9501042         
  13462  1413      118.0000   281                     79.0000  9516676         
  13531  1452      118.0000   239                     79.0000  9495255         
  13601  1399       80.0000   822                     79.0000  9556007         
Elapsed time = 846.85 sec. (512932.59 ticks, tree = 31.79 MB, solutions = 0)
  13665  1513      118.0000   198                     79.0000  9558344         
  13683  1418      118.0000   555                     79.0000  9703448         
  13693  1526    infeasible                           79.0000  9850597         
  13701  1402    infeasible                           79.0000  9593943         
  13711  1674       80.0000   645                     79.0000 10170052         
  13722  1673    infeasible                           79.0000 10183745         
  13734  1679      118.0000   653                     79.0000 10246523         
  13745  1682      118.0000   556                     79.0000 10254353         
  13758  1687    infeasible                           79.0000 10311837         
  13775  1694      118.0000   495                     79.0000 10320824         
Elapsed time = 905.66 sec. (554115.92 ticks, tree = 41.49 MB, solutions = 0)
  13786  1688    infeasible                           79.0000 10280359         
  13798  1720      118.0000   474                     79.0000 10598548         
  13813  1725      118.0000   472                     79.0000 10608770         
  13826  1714      118.0000   640                     79.0000 10571535         
  13837  1696       79.0000   777                     79.0000 10548626         
  13851  1743    infeasible                           79.0000 10818532         
  13864  1748      118.0000   473                     79.0000 10825839         
  13878  1752       87.1483   789                     79.0000 10944569         
  13896  1771      118.0000   649                     79.0000 11013206         
  13911  1752       81.4375   856                     79.0000 10930029         
Elapsed time = 967.05 sec. (594918.12 ticks, tree = 43.56 MB, solutions = 0)
  13931  1751    infeasible                           79.0000 10973052         
  13952  1805      118.0000   594                     79.0000 11187831         
  13978  1807      118.0000   568                     79.0000 11196501         
  13999  1825      118.0000   406                     79.0000 11172301         
  14024  1829      118.0000   547                     79.0000 11254734         
  14055  1900      118.0000   363                     79.0000 11436301         
  14080  1822       92.0000   766                     79.0000 11295965         
  14116  1931      118.0000   285                     79.0000 11457493         
  14147  1949      118.0000   299                     79.0000 11469705         
  14191  2025      118.0000   270                     79.0000 11715992         
Elapsed time = 1027.19 sec. (634643.47 ticks, tree = 52.73 MB, solutions = 0)
  14238  2060      118.0000   169                     79.0000 11730728         
  14288  2006      118.0000   407                     79.0000 11795270         
  14307  2012      118.0000   394                     79.0000 11806413         
  14318  2016      118.0000   476                     79.0000 11818009         
  14335  2024      118.0000   359                     79.0000 11829729         
  14354  2030      118.0000   440                     79.0000 11841230         
  14377  2170      118.0000   342                     79.0000 12144783         
  14386  2187      118.0000   632                     79.0000 12191417         
  14411  2190      118.0000   517                     79.0000 12200182         
  14431  2187    infeasible                           79.0000 12174074         
Elapsed time = 1088.03 sec. (674844.79 ticks, tree = 58.31 MB, solutions = 0)
  14451  2191    infeasible                           79.0000 12187004         
  14469  2197      118.0000   475                     79.0000 12228088         
  14481  2251      118.0000   561                     79.0000 12495816         
  14501  2269      118.0000   458                     79.0000 12542474         
  14512  2272      118.0000   462                     79.0000 12553369         
  14528  2266      118.0000   417                     79.0000 12524166         
  14543  2285      118.0000   529                     79.0000 12573137         
  14555  2260    infeasible                           79.0000 12649993         
  14568  2279    infeasible                           79.0000 12917653         
  14586  2321      118.0000   396                     79.0000 12973491         
Elapsed time = 1150.91 sec. (715522.71 ticks, tree = 63.11 MB, solutions = 0)
  14611  2291      118.0000   428                     79.0000 12936451         
  14639  2341      118.0000   322                     79.0000 12998951         
  14670  2357      118.0000   328                     79.0000 13010861         
  14687  2311    infeasible                           79.0000 13129632         
  14703  2378      118.0000   321                     79.0000 13264369         
  14718  2384      118.0000   289                     79.0000 13264912         
  14732  2385      118.0000   688                     79.0000 13406225         
  14748  2396      118.0000   273                     79.0000 13267548         
  14766  2424      118.0000   229                     79.0000 13522845         
  14781  2430      118.0000   186                     79.0000 13524577         
Elapsed time = 1208.44 sec. (755674.91 ticks, tree = 67.10 MB, solutions = 0)
  14796  2430    infeasible                           79.0000 13738506         
  14816  2443      118.0000   210                     79.0000 13526160         
  14832  2447      118.0000   602                     79.0000 13694037         
  14846  2389    infeasible                           79.0000 13515309         
  14859  2468      118.0000   515                     79.0000 13895113         
  14874  2442      102.0000   878                     79.0000 13857464         
  14889  2509      118.0000   476                     79.0000 14096565         
  14911  2482      118.0000   431                     79.0000 13922419         
  14927  2497      102.4000   704                     79.0000 14047885         
  14937  2487      118.0000   425                     79.0000 13941983         
Elapsed time = 1269.15 sec. (796109.64 ticks, tree = 68.88 MB, solutions = 0)
  14952  2538      118.0000   407                     79.0000 14158167         
  14972  2521      118.0000   453                     79.0000 14152601         
  14988  2534    infeasible                           79.0000 14340778         
  15004  2554      118.0000   377                     79.0000 14452686         
  15031  2572      118.0000   349                     79.0000 14200244         
  15051  2601      118.0000   403                     79.0000 14536364         
  15069  2611      118.0000   369                     79.0000 14548642         
  15098  2628      118.0000   395                     79.0000 14559925         
  15120  2645      118.0000   297                     79.0000 14570080         
  15156  2672      118.0000   294                     79.0000 14580955         
Elapsed time = 1327.18 sec. (835968.28 ticks, tree = 75.95 MB, solutions = 0)
  15179  2692      118.0000   305                     79.0000 14592282         
  15208  2752      118.0000   287                     79.0000 15010464         
  15239  2775      118.0000   182                     79.0000 15021355         
  15273  2800      118.0000   137                     79.0000 15034166         
  15289  2652      118.0000   693                     79.0000 14894396         
  15297  2776      118.0000   712                     79.0000 15196189         
  15308  2778      118.0000   713                     79.0000 15203543         
  15320  2796      118.0000   562                     79.0000 15293291         
  15333  2799      118.0000   522                     79.0000 15301546         
  15345  2846       80.0000   881                     79.0000 15397985         
Elapsed time = 1390.77 sec. (876046.07 ticks, tree = 82.05 MB, solutions = 0)
  15359  2783      118.0000   687                     79.0000 15232098         
  15374  2809      118.0000   587                     79.0000 15325701         
  15387  2878      118.0000   339                     79.0000 15493880         
  15407  2885      118.0000   446                     79.0000 15504303         
  15430  2892      118.0000   530                     79.0000 15514564         
  15457  2895      118.0000   507                     79.0000 15637868         
  15483  2958      118.0000   328                     79.0000 15835168         
  15510  2902      118.0000   572                     79.0000 15700567         
  15535  2892    infeasible                           79.0000 15757585         
  15565  3000      118.0000   307                     79.0000 15873520         
Elapsed time = 1451.31 sec. (915671.73 ticks, tree = 87.98 MB, solutions = 0)
  15598  3019      118.0000   263                     79.0000 15887056         
  15627  3038      118.0000   276                     79.0000 15901333         
  15666  3103      118.0000   244                     79.0000 16313782         
  15726  3147      118.0000   196                     79.0000 16326761         
  15812  2980      118.0000   557                     79.0000 16147637         
  15823  3099      105.0000   592                     79.0000 16437246         
  15833  3212       85.5396   857                     79.0000 16356794         
  15839  3146      118.0000   580                     79.0000 16607700         
  15853  3211    infeasible                           79.0000 16374083         
  15869  3154      118.0000   502                     79.0000 16625687         
Elapsed time = 1513.55 sec. (956891.99 ticks, tree = 93.39 MB, solutions = 0)
  15878  3158      118.0000   480                     79.0000 16695997         
  15896  3161      118.0000   559                     79.0000 16642585         
  15911  3302      118.0000   552                     79.0000 16942652         
  15924  3285      118.0000   692                     79.0000 16819533         
  15934  3303      118.0000   625                     79.0000 17087254         
  15951  3327      118.0000   534                     79.0000 17238681         
  15963  3304      118.0000   519                     79.0000 17035364         
  15978  3303    infeasible                           79.0000 17044253         
  15993  3355    infeasible                           79.0000 17288112         
  16004  3278    infeasible                           79.0000 16947190         
Elapsed time = 1575.91 sec. (997273.54 ticks, tree = 98.21 MB, solutions = 0)
  16026  3352      118.0000   474                     79.0000 17284073         
  16043  3306       96.0000   826                     79.0000 17246360         
  16064  3423      118.0000   348                     79.0000 17716153         
  16089  3438      118.0000   367                     79.0000 17726646         
  16122  3460      118.0000   261                     79.0000 17739840         
  16151  3475      118.0000   269                     79.0000 17753654         
  16180  3434      118.0000   535                     79.0000 17776689         
  16208  3436       86.2434   868                     79.0000 17888074         
  16245  3528      118.0000   159                     79.0000 17795331         
  16292  3624      118.0000   125                     79.0000 18216659         
Elapsed time = 1637.47 sec. (1036725.63 ticks, tree = 111.00 MB, solutions = 0)
  16342  3460      118.0000   422                     79.0000 17981223         
  16360  3483      118.0000   647                     79.0000 18139396         
  16382  3487      118.0000   614                     79.0000 18147881         
  16395  3647      118.0000   517                     79.0000 18287038         
  16418  3475      118.0000   417                     79.0000 18025524         
  16446  3469      118.0000   591                     79.0000 18118186         
  16460  3690      118.0000   564                     79.0000 18564003         
  16481  3682      118.0000   423                     79.0000 18462246         
  16498  3688      118.0000   430                     79.0000 18341183         
  16524  3695      118.0000   365                     79.0000 18484231         
Elapsed time = 1696.76 sec. (1076790.46 ticks, tree = 113.61 MB, solutions = 0)
  16546  3815      118.0000   309                     79.0000 18859172         
  16582  3827      118.0000   326                     79.0000 18868395         
  16623  3844      118.0000   357                     79.0000 18876538         
  16671  3867      118.0000   306                     79.0000 18883912         
  16710  3909      118.0000   260                     79.0000 18958068         
  16754  3937      118.0000   185                     79.0000 18967056         
  16819  3989      118.0000    74                     79.0000 18971500         
  16855  3873       88.7500   856                     79.0000 18916301         
  16862  3881      118.0000   571                     79.0000 19169686         
  16872  3890      118.0000   549                     79.0000 19376167         
Elapsed time = 1758.40 sec. (1115604.32 ticks, tree = 120.86 MB, solutions = 0)
  16884  3892      118.0000   651                     79.0000 19385303         
  16897  3887      118.0000   669                     79.0000 19192746         
  16911  4124      118.0000   558                     79.0000 19658343         
  16923  4126      118.0000   693                     79.0000 19666338         
  16941  4129      118.0000   511                     79.0000 19675594         
  16955  4164      118.0000   740                     79.0000 19849575         
  16973  4156      118.0000   450                     79.0000 19752603         

GUB cover cuts applied:  1183
Clique cuts applied:  40
Cover cuts applied:  642
Implied bound cuts applied:  474
Flow cuts applied:  26
Mixed integer rounding cuts applied:  322
Zero-half cuts applied:  16
Gomory fractional cuts applied:  18

Root node processing (before b&c):
  Real time             =    6.68 sec. (3389.27 ticks)
Parallel b&c, 8 threads:
  Real time             = 1793.35 sec. (1143280.40 ticks)
  Sync time (average)   =  198.05 sec.
  Wait time (average)   =    0.04 sec.
                          ------------
Total (root+branch&cut) = 1800.02 sec. (1146669.66 ticks)
! --------------------------------------------------------
! Problem is UNKNOWN
! CPLEX Status = AbortTimeLim
! --------------------------------------------------------
