! Solving for graph /home/truongxuanhieu/CPLEX-MIP-for-MinSpanLabeling/benchmarks/abp/O-impcol_d.mtx.rnd
! Target value is set to 120
! Lower bound is set to 121
! Upper bound is set to 425
! Time limit is set to 1800
! Vertices mode is set to No hole
! Target value mode is set to Antibandwidth
Version identifier: 22.2.0.0 | 2026-05-04 | 5dff98e58
CPXPARAM_TimeLimit                               1800
Tried aggregator 2 times.
MIP Presolve eliminated 1269 rows and 1062 columns.
MIP Presolve modified 360946 coefficients.
Aggregator did 3809 substitutions.
Reduced MIP has 7619 rows, 186757 columns, and 558880 nonzeros.
Reduced MIP has 182105 binaries, 1693 generals, 0 SOSs, and 2959 indicators.
Presolve time = 0.86 sec. (925.72 ticks)
Probing time = 1.04 sec. (362.31 ticks)
Tried aggregator 1 time.
Detecting symmetries...
Reduced MIP has 7619 rows, 186757 columns, and 558880 nonzeros.
Reduced MIP has 182105 binaries, 2118 generals, 0 SOSs, and 2959 indicators.
Presolve time = 0.65 sec. (340.45 ticks)
Probing time = 0.14 sec. (39.12 ticks)
Clique table members: 8057.
MIP emphasis: balance optimality and feasibility.
MIP search method: dynamic search.
Parallel mode: deterministic, using up to 8 threads.
Root relaxation solution time = 2.51 sec. (1012.63 ticks)

        Nodes                                         Cuts/
   Node  Left     Objective  IInf  Best Integer    Best Bound    ItCnt     Gap

      0     0      121.0000  1045                    121.0000     3681         
      0     0      121.0000  2370                  Cuts: 2004     5865         
      0     0      121.0000  2107                  Cuts: 2004     7839         
      0     0      121.0000  1954                  Cuts: 2004    10706         
      0     0      121.0000  1942                  Cuts: 1982    13750         
      0     0      121.0000  2075                  Cuts: 1287    16783         
Detecting symmetries...
Detecting symmetries...
      0     2      121.0000  2075                    121.0000    16783         
Elapsed time = 45.84 sec. (39360.01 ticks, tree = 0.02 MB, solutions = 0)
      2     4      121.0000  2081                    121.0000    17046         
      3     5      121.0000  1956                    121.0000    17549         
      6     8      121.0000  1812                    121.0000    17862         
      9     4      121.0000  2074                    121.0000    16917         
     11    13      130.0000  1971                    121.0000    19919         
     14    16      130.0000  1948                    121.0000    19962         
     23    11      121.0000  2044                    121.0000    19927         
     35    24      130.0000  1925                    121.0000    20633         
     40    41      218.0000  1903                    121.0000    25162         
     81    61      121.0000  1891                    121.0000    32170         
Elapsed time = 53.59 sec. (43127.74 ticks, tree = 4.11 MB, solutions = 0)
     92    80      241.0000  1836                    121.0000    45195         
    104    98      121.0000  1862                    121.0000    52961         
    115   108      121.0000  1826                    121.0000    53302         
    157   129      121.0000  1739                    121.0000    57007         
    198   145      121.0000  1691                    121.0000    58786         
    244   194      241.0000  1692                    121.0000    64079         
    265   246      241.0000  1712                    121.0000    83022         
    281   242      241.0000  1724                    121.0000    82007         
    283   240      241.0000  1675                    121.0000    75593         
    290   246      338.0000  1738                    121.0000    83982         
Elapsed time = 78.59 sec. (53889.59 ticks, tree = 22.68 MB, solutions = 0)
    301   264      338.0000  1702                    121.0000    94260         
    327   277      338.0000  1704                    121.0000    95017         
    354   297      241.0000  1596                    121.0000    95723         
    380   331      241.0000  1679                    121.0000   112942         
    405   350      241.0000  1488                    121.0000   107521         
    424   380      241.0000  1460                    121.0000   115357         
    438   397      241.0000  1415                    121.0000   123894         
    463   407      241.0000  1385                    121.0000   124373         
    466   420      361.0000  1609                    121.0000   127136         
    473   332      361.0000  1678                    121.0000   118362         
Elapsed time = 97.66 sec. (63752.55 ticks, tree = 36.48 MB, solutions = 0)
    478   442      241.0000  1791                    121.0000   174441         
    484   449      241.0000  1565                    121.0000   182822         
    489   410      241.0000  1695                    121.0000   135204         
    494   455      361.0000  1603                    121.0000   185193         
    497   458      361.0000  1568                    121.0000   185980         
    504   456      361.0000  1876                    121.0000   197742         
    515   465      361.0000  1589                    121.0000   200867         
    518   456      361.0000  1846                    121.0000   192668         
    520   451      361.0000  1855                    121.0000   191648         
    534   500      241.0000  1581                    121.0000   224038         
Elapsed time = 118.51 sec. (74995.35 ticks, tree = 59.35 MB, solutions = 0)
    551   435      388.0000  2079                    121.0000   167801         
    558   504      241.0000  1389                    121.0000   252191         
    566   514      361.0000  1812                    121.0000   230487         
    568   496      361.0000  1760                    121.0000   245646         
    574   536      241.0000  1381                    121.0000   263128         
    581   531      361.0000  1793                    121.0000   267132         
    587   454      241.0000  1555                    121.0000   182980         
    602   566      241.0000  1477                    121.0000   277737         
    617   564      241.0000  1534                    121.0000   298804         
    633   577      241.0000  1319                    121.0000   313694         
Elapsed time = 151.14 sec. (91070.36 ticks, tree = 70.66 MB, solutions = 0)
    658   591      241.0000  1650                    121.0000   320900         
    677   601      241.0000  1481                    121.0000   321046         
    693   619      241.0000  1553                    121.0000   321950         
    697   564      361.0000  1538                    121.0000   296054         
    698   493      361.0000  1544                    121.0000   216626         
    702   615      361.0000  1545                    121.0000   327500         
    706   572      361.0000  1803                    121.0000   311103         
    718   638      241.0000  1452                    121.0000   348005         
    731   603      361.0000  1830                    121.0000   329257         
    737   617      361.0000  1899                    121.0000   342902         
Elapsed time = 178.33 sec. (105237.90 ticks, tree = 77.31 MB, solutions = 0)
    740   640      361.0000  1773                    121.0000   355685         
    744   681      361.0000  1555                    121.0000   376961         
    755   730      275.0000  1679                    121.0000   411833         
    767   682      361.0000  1662                    121.0000   379115         
    779   702      241.0000  1533                    121.0000   393491         
    788   739      241.0000  1435                    121.0000   425415         
    805   747      361.0000  1491                    121.0000   430629         
    809   708      361.0000  1662                    121.0000   408293         
    822   766      275.0000  1634                    121.0000   453079         
    838   734      367.0000  1611                    121.0000   420071         
Elapsed time = 203.05 sec. (118407.94 ticks, tree = 95.28 MB, solutions = 0)
    839   751      361.0000  1520                    121.0000   434349         
    846   781      361.0000  1520                    121.0000   474166         
    853   784      361.0000  1524                    121.0000   475124         
    868   747      361.0000  1763                    121.0000   448163         
    874   749      361.0000  1741                    121.0000   447987         
    878   791      361.0000  1525                    121.0000   477343         
    886   816      361.0000  1557                    121.0000   498017         
    892   820      361.0000  1581                    121.0000   498561         
    895   821      361.0000  1737                    121.0000   503642         
    897   824      361.0000  1573                    121.0000   499837         
Elapsed time = 222.60 sec. (129772.78 ticks, tree = 109.28 MB, solutions = 0)
    902   804      361.0000  1753                    121.0000   494752         
    905   828      241.0000  1534                    121.0000   515959         
    916   849      361.0000  1751                    121.0000   528359         
    919   799      361.0000  2132                    121.0000   494661         
    924   850      361.0000  1604                    121.0000   528637         
    926   836      361.0000  1699                    121.0000   525196         
    928   890    infeasible                          121.0000   564393         
    931   837      361.0000  1790                    121.0000   522917         
    939   870      386.0000  1907                    121.0000   551076         
    946   889    infeasible                          121.0000   565252         
Elapsed time = 254.16 sec. (142501.97 ticks, tree = 119.60 MB, solutions = 0)
    950   897      361.0000  1555                    121.0000   568439         
    954   900      361.0000  1557                    121.0000   569285         
    956   876      361.0000  2032                    121.0000   569856         
    957   890      241.0000  1936                    121.0000   567672         
    959   926      361.0000  1686                    121.0000   587538         
    963   930      361.0000  1921                    121.0000   588348         
    966   823      361.0000  1819                    121.0000   504408         
    967   928      386.0000  1785                    121.0000   594060         
    969   928      241.0000  1919                    121.0000   605044         
   1001   938    infeasible                          121.0000   629909         
Elapsed time = 300.12 sec. (160381.01 ticks, tree = 127.75 MB, solutions = 0)
   1014   944      361.0000  1675                    121.0000   631753         
   1035   953      361.0000  1674                    121.0000   659023         
   1077  1009      241.0000  1581                    121.0000   698426         
   1131  1000      361.0000  1621                    121.0000   707856         
   1154  1025      241.0000  1693                    121.0000   732362         
   1206  1039      361.0000  1650                    121.0000   724217         
   1252  1022      361.0000  1666                    121.0000   718241         
   1270  1118      361.0000  1646                    121.0000   795618         
   1301  1184      361.0000  1632                    121.0000   818886         
   1324  1218      241.0000  1826                    121.0000   858435         
Elapsed time = 367.54 sec. (200196.24 ticks, tree = 173.32 MB, solutions = 0)
   1362  1231      361.0000  1619                    121.0000   881355         
   1384  1277      361.0000  1590                    121.0000   898957         
   1415  1245      361.0000  1700                    121.0000   895888         
   1454  1289      361.0000  1632                    121.0000   904111         
   1518  1370      241.0000  1727                    121.0000   953056         
   1547  1327      386.0000  1625                    121.0000   932241         
   1611  1376      361.0000  1753                    121.0000   959558         
   1649  1403      361.0000  1617                    121.0000   963749         
   1660  1451      361.0000  1614                    121.0000   992061         
   1671  1460      361.0000  1599                    121.0000   994178         
Elapsed time = 440.06 sec. (239935.72 ticks, tree = 213.67 MB, solutions = 0)
   1677  1381      361.0000  1552                    121.0000   963015         

Performing restart 1

Repeating presolve.
Tried aggregator 1 time.
MIP Presolve eliminated 0 rows and 405 columns.
Reduced MIP has 7619 rows, 186352 columns, and 557665 nonzeros.
Reduced MIP has 181700 binaries, 2118 generals, 0 SOSs, and 2959 indicators.
Presolve time = 0.33 sec. (237.81 ticks)
Tried aggregator 1 time.
Reduced MIP has 7619 rows, 186352 columns, and 557665 nonzeros.
Reduced MIP has 181700 binaries, 2118 generals, 0 SOSs, and 2959 indicators.
Presolve time = 0.63 sec. (349.12 ticks)
Represolve time = 2.79 sec. (1274.75 ticks)
   1679     0      121.0000  2696                  Cuts: 2004  1072579         
   1679     0      121.0000  2900                  Cuts: 2004  1077334         
   1679     0      121.0000  2968                  Cuts: 2004  1082444         
   1679     0      121.0000  3348                  Cuts: 2004  1090074         
   1679     2      121.0000  2173                    121.0000  1090074         
   1701    17      241.0000  1882                    121.0000  1096418         
   1877   114      345.0000  1763                    121.0000  1126347         
   2192   435      241.0000  1545                    121.0000  1165008         
   2415   660      361.0000  1510                    121.0000  1180020         
   2477   715      361.0000  1450                    121.0000  1187281         
   2547   793      243.0000  1645                    121.0000  1207292         
   2647   840      337.0000  1611                    121.0000  1221139         
   2709   932      337.0000  1563                    121.0000  1234436         
Elapsed time = 638.36 sec. (401379.47 ticks, tree = 101.91 MB, solutions = 0)
   2771  1002      242.0000  1530                    121.0000  1243603         
   2786  1000    infeasible                          121.0000  1246295         
   2791  1030    infeasible                          121.0000  1264792         
   2796  1045      361.0000  1567                    121.0000  1272494         
   2801  1059      361.0000  1831                    121.0000  1301571         
   2935  1116      242.0000  1535                    121.0000  1304049         
   3088  1239      361.0000  1457                    121.0000  1317868         
   3203  1242      361.0000  1456                    121.0000  1321436         
   3329  1465      361.0000  1568                    121.0000  1356976         
   3502  1595      361.0000  1518                    121.0000  1373219         
Elapsed time = 744.03 sec. (443872.69 ticks, tree = 189.89 MB, solutions = 0)
   3572  1598      361.0000  1509                    121.0000  1373282         
   3625  1693      361.0000  1480                    121.0000  1380723         
   3652  1363      413.0000  2370                    121.0000  1357560         
   3671  1830      361.0000  1503                    121.0000  1407900         
   3674  1882      361.0000  1487                    121.0000  1441331         
   3678  1837      402.0000  1968                    121.0000  1430496         
   3682  1892    infeasible                          121.0000  1466330         
   3705  1906      241.0000  1932                    121.0000  1473536         
   3802  1942      241.0000  1635                    121.0000  1489524         
   3819  1903      389.0000  1594                    121.0000  1491340         
Elapsed time = 844.47 sec. (486741.19 ticks, tree = 230.48 MB, solutions = 0)
   3824  1906      389.0000  1758                    121.0000  1493652         
   3896  2019      241.0000  1869                    121.0000  1508207         
   3970  2127      361.0000  1622                    121.0000  1558228         
   4026  2185      361.0000  1503                    121.0000  1566463         
   4050  2217    infeasible                          121.0000  1578460         
   4052  2222      402.0000  1716                    121.0000  1583753         
   4055  2025      408.0000  2113                    121.0000  1541672         
   4058  2220      241.0000  1856                    121.0000  1595268         
   4136  2297      241.0000  1527                    121.0000  1615998         
   4230  2225      408.0000  2022                    121.0000  1625387         
Elapsed time = 920.70 sec. (528117.34 ticks, tree = 272.71 MB, solutions = 0)
   4237   584    infeasible                          121.0000  1260424         
   4244  2396    infeasible                          121.0000  1723205         
   4246  2219    infeasible                          121.0000  1609629         
   4250  2452      241.0000  1956                    121.0000  1762856         
   4254  2436      405.0000  1996                    121.0000  1747712         
   4257  2452      241.0000  1732                    121.0000  1765410         
   4260  2452    infeasible                          121.0000  1767265         
   4267  2457      241.0000  1846                    121.0000  1790234         
   4285  2481      241.0000  1714                    121.0000  1854051         
   4358  2468      402.0000  1673                    121.0000  1859435         
Elapsed time = 1029.18 sec. (575123.26 ticks, tree = 303.92 MB, solutions = 0)
   4394  2480      361.0000  1627                    121.0000  1881894         
   4456  2534      259.0000  1538                    121.0000  1864590         
   4493  2620      361.0000  1459                    121.0000  1903445         
   4508  2631      361.0000  1434                    121.0000  1905805         
   4538  2482      361.0000  1486                    121.0000  1884336         
   4550  2527      277.0000  1529                    121.0000  1857110         
   4574  2647      361.0000  1498                    121.0000  1921984         
   4600  2726      361.0000  1509                    121.0000  1929744         
   4650  2779      361.0000  1497                    121.0000  1954142         
   4685  2722      361.0000  1406                    121.0000  1941172         
Elapsed time = 1099.89 sec. (615492.55 ticks, tree = 338.04 MB, solutions = 0)
   4692  2754      361.0000  1480                    121.0000  1950255         
   4735  2864      304.0000  1337                    121.0000  1984687         
   4790  2796      403.0000  1595                    121.0000  1975998         
   4804  2868      361.0000  1394                    121.0000  1994218         
   4815  2889      361.0000  1389                    121.0000  2003956         
   4870  2936      242.0000  1622                    121.0000  2070443         
   4893  2953    infeasible                          121.0000  2087976         
   4897  2987      361.0000  1567                    121.0000  2110081         
   4900  3044      233.0000  2036                    121.0000  2112667         
   4901  3047      361.0000  1492                    121.0000  2137412         
Elapsed time = 1205.83 sec. (660946.20 ticks, tree = 384.22 MB, solutions = 0)
   4986  3076      241.0000  1601                    121.0000  2141636         
   5050  3120      241.0000  1483                    121.0000  2143172         
   5179  3055      361.0000  1644                    121.0000  2173993         
   5222  3231      369.0000  1518                    121.0000  2188508         
   5231  3232      361.0000  1496                    121.0000  2213075         
   5267  3234      361.0000  1387                    121.0000  2215492         
   5277  3239      361.0000  1664                    121.0000  2219382         
   5297  3352      404.0000  1484                    121.0000  2240239         
   5313  3379      361.0000  1410                    121.0000  2276709         
   5321  3423    infeasible                          121.0000  2323004         
Elapsed time = 1279.72 sec. (702271.26 ticks, tree = 433.87 MB, solutions = 0)
   5325  3413      361.0000  1733                    121.0000  2321041         
   5331  3405      122.0000  2296                    121.0000  2305170         
   5335  3423      241.0000  1813                    121.0000  2324735         
   5346  3438    infeasible                          121.0000  2349606         
   5393  3476      362.0000  1558                    121.0000  2368273         
   5477  3482      241.0000  1583                    121.0000  2367565         
   5624  3532      241.0000  1431                    121.0000  2371048         
   5799  3609      241.0000  1466                    121.0000  2435448         
   5887  3695      361.0000  1636                    121.0000  2449621         
   5894  3647      331.0000  1442                    121.0000  2442753         
Elapsed time = 1378.38 sec. (743314.60 ticks, tree = 463.48 MB, solutions = 0)
   5910  3587      395.0000  1780                    121.0000  2381390         
   6006  3910      241.0000  1447                    121.0000  2479456         
   6176  3984      241.0000  1483                    121.0000  2499537         
   6302  4059      289.0000  1358                    121.0000  2502680         
   6408  4009      361.0000  1412                    121.0000  2501590         
   6434  4026      361.0000  1399                    121.0000  2503969         
   6462  4094      361.0000  1422                    121.0000  2512001         
   6474  4343    infeasible                          121.0000  2576825         
   6482  4342    infeasible                          121.0000  2576916         
   6488  4138      241.0000  1616                    121.0000  2558024         
Elapsed time = 1479.43 sec. (785571.28 ticks, tree = 527.61 MB, solutions = 0)
   6491  4262    infeasible                          121.0000  2571313         
   6506  4415      241.0000  1953                    121.0000  2634818         
   6597  4431      282.0000  1566                    121.0000  2619676         
   6713  4503      241.0000  1431                    121.0000  2637341         
   6801  4562      316.0000  1370                    121.0000  2641163         
   6876  4599      375.0000  1465                    121.0000  2647276         
   7037  4678      279.0000  1396                    121.0000  2655910         
   7136  4452      402.0000  2018                    121.0000  2646710         
   7163  4747      361.0000  1519                    121.0000  2674667         
   7200  4907      242.0000  1274                    121.0000  2727077         
Elapsed time = 1572.82 sec. (826963.25 ticks, tree = 629.66 MB, solutions = 0)
   7255  4804      375.0000  1457                    121.0000  2717876         
   7283  4815      375.0000  1421                    121.0000  2719485         
   7314  5097      375.0000  1517                    121.0000  2780830         
   7329  5103      402.0000  1783                    121.0000  2789340         
   7357  5074      406.0000  1878                    121.0000  2775862         
   7369  5161      241.0000  1801                    121.0000  2820626         
   7429  5219      241.0000  1466                    121.0000  2825889         
   7500  4927      418.0000  2576                    121.0000  2752355         
   7514  5232      379.0000  1537                    121.0000  2875239         
   7555  5265      241.0000  1735                    121.0000  2880242         
Elapsed time = 1644.14 sec. (867316.68 ticks, tree = 676.13 MB, solutions = 0)
   7636  5341      241.0000  1352                    121.0000  2883319         
   7673  5143      395.0000  1667                    121.0000  2820830         
   7676  5208      418.0000  2134                    121.0000  2869324         
   7678  5246      395.0000  1583                    121.0000  2911234         
   7682  5275      263.0000  1337                    121.0000  2828413         
   7686  5250    infeasible                          121.0000  2930776         
   7689  5398      241.0000  1783                    121.0000  2948733         
   7693  5517      241.0000  1766                    121.0000  3006560         
   7696  5519      395.0000  1542                    121.0000  2984202         
   7727  5547      241.0000  1573                    121.0000  3011352         
Elapsed time = 1768.79 sec. (917338.87 ticks, tree = 713.20 MB, solutions = 0)
   7770  5586      241.0000  1368                    121.0000  3015002         
   7926  5585      241.0000  1423                    121.0000  3036081         
   8007  5532      241.0000  1855                    121.0000  3052950         
   8038  5522      422.0000  2303                    121.0000  3042114         

GUB cover cuts applied:  7
Clique cuts applied:  32
Cover cuts applied:  7
Implied bound cuts applied:  343
Mixed integer rounding cuts applied:  604
Zero-half cuts applied:  60
Lift and project cuts applied:  1
Gomory fractional cuts applied:  10

Root node processing (before b&c):
  Real time             =   45.20 sec. (39031.64 ticks)
Parallel b&c, 8 threads:
  Real time             = 1754.92 sec. (1145309.76 ticks)
  Sync time (average)   =  372.00 sec.
  Wait time (average)   =    0.13 sec.
                          ------------
Total (root+branch&cut) = 1800.11 sec. (1184341.40 ticks)
! --------------------------------------------------------
! Problem is UNKNOWN
! CPLEX Status = AbortTimeLim
! --------------------------------------------------------
