! Solving for graph /home/truongxuanhieu/CPLEX-MIP-for-MinSpanLabeling/benchmarks/abp/Q-494_bus.mtx.rnd
! Target value is set to 227
! Lower bound is set to 228
! Upper bound is set to 494
! Time limit is set to 1800
! Vertices mode is set to No hole
! Target value mode is set to Antibandwidth
Version identifier: 22.2.0.0 | 2026-05-04 | 5dff98e58
CPXPARAM_TimeLimit                               1800
Tried aggregator 2 times.
MIP Presolve eliminated 588 rows and 1235 columns.
MIP Presolve modified 487805 coefficients.
Aggregator did 2654 substitutions.
Reduced MIP has 5309 rows, 247616 columns, and 742031 nonzeros.
Reduced MIP has 244869 binaries, 1081 generals, 0 SOSs, and 1666 indicators.
Presolve time = 1.28 sec. (1092.46 ticks)
Probing time = 1.34 sec. (450.37 ticks)
Tried aggregator 2 times.
Detecting symmetries...
Aggregator did 146 substitutions.
Reduced MIP has 5163 rows, 247470 columns, and 741885 nonzeros.
Reduced MIP has 244869 binaries, 1429 generals, 0 SOSs, and 1666 indicators.
Presolve time = 1.23 sec. (666.57 ticks)
Probing time = 0.16 sec. (50.06 ticks)
Clique table members: 9073.
MIP emphasis: balance optimality and feasibility.
MIP search method: dynamic search.
Parallel mode: deterministic, using up to 8 threads.
Root relaxation solution time = 7.90 sec. (3077.73 ticks)

        Nodes                                         Cuts/
   Node  Left     Objective  IInf  Best Integer    Best Bound    ItCnt     Gap

      0     0      228.0000   592                    228.0000       11         
      0     0      228.0000  1903                  Cuts: 1390     2220         
      0     0      228.0000  1569                  Cuts: 1221     7187         
      0     0      228.0000  1561                  Cuts: 1390    14813         
      0     0      228.0000  1479                  Cuts: 1380    22644         
      0     0      228.0000  1396                   Cuts: 360    24575         
      0     0      228.0000  1445                  Cuts: 1357    29431         
Heuristic still looking.
      0     2      228.0000  1445                    228.0000    29431         
Elapsed time = 193.28 sec. (131829.17 ticks, tree = 0.02 MB, solutions = 0)
      1     3      228.0000  1440                    228.0000    29580         
      3     5      228.0000  1397                    228.0000    29674         
      6     8      228.0000  1372                    228.0000    29853         
      8    10      228.0000  1347                    228.0000    30096         
     10    12      228.0000  1251                    228.0000    30403         
     14    16      228.0000  1187                    228.0000    30756         
     16     3      228.0000  1412                    228.0000    29655         
     18     6      228.0000  1347                    228.0000    29750         
     19     5      228.0000  1469                    228.0000    30321         
     23     4      228.0000  1509                    228.0000    31205         
Elapsed time = 210.83 sec. (139916.49 ticks, tree = 0.02 MB, solutions = 0)
     26    22      228.0000  1433                    228.0000    34145         
     32    28      228.0000  1360                    228.0000    41118         
     40    23      228.0000  1530                    228.0000    35599         
     41    24      228.0000  1368                    228.0000    39315         
     45    30      228.0000  1495                    228.0000    52336         
     48    31      228.0000  1467                    228.0000    57206         
     53    31      228.0000  1462                    228.0000    57207         
     54    32      228.0000  1450                    228.0000    57209         
     64    42      228.0000  1238                    228.0000    60916         
     71    41      228.0000  1260                    228.0000    61520         
Elapsed time = 236.64 sec. (153321.53 ticks, tree = 2.56 MB, solutions = 0)
     78    48      228.0000  1098                    228.0000    62161         
     86    56      228.0000   963                    228.0000    62544         
     87    25      445.0000  1740                    228.0000    63835         
     88    34      454.0000  1667                    228.0000    88058         
     99    57      233.0000  1715                    228.0000   118514         
    104    62      228.0000  1216                    228.0000   118559         
    105    60      228.0000   953                    228.0000   144430         
    106    73      228.0000  1215                    228.0000   145424         
    107    74      228.0000   936                    228.0000   145460         
    109    28      425.0000  1783                    228.0000    78158         
Elapsed time = 329.92 sec. (201004.14 ticks, tree = 1.09 MB, solutions = 0)
    111    76      228.0000   924                    228.0000   145580         
    112    44      455.0000  1713                    228.0000   107846         
    114    77      455.0000  1668                    228.0000   217006         
    115    32      455.0000  1683                    228.0000   108172         
    117    75      455.0000  1844                    228.0000   205569         
    118    93      455.0000  1815                    228.0000   319345         
    119    90      455.0000  1720                    228.0000   260277         
    120    94      455.0000  1770                    228.0000   356316         
    121    97      455.0000  1731                    228.0000   407138         
    122    80      455.0000  1803                    228.0000   229145         
Elapsed time = 467.13 sec. (271756.02 ticks, tree = 6.56 MB, solutions = 0)
    131    26      455.0000  1692                    228.0000   121463         
    133   105      455.0000  1776                    228.0000   695546         
    136   108      455.0000  1775                    228.0000   695879         
    138    98      465.0000  1910                    228.0000   458416         
    140   112      455.0000  1637                    228.0000   744119         
    142   102      445.0000  1730                    228.0000   550673         
    143    99      455.0000  1856                    228.0000   475064         
    144   104      455.0000  1752                    228.0000   689395         
    145   113      455.0000  1622                    228.0000   749854         
    146   100      455.0000  1786                    228.0000   514789         
Elapsed time = 599.76 sec. (337041.69 ticks, tree = 7.02 MB, solutions = 0)
    147    96      455.0000  1746                    228.0000   425387         
    148   107      425.0000  1804                    228.0000   745563         
    152   111      228.0000   905                    228.0000   577759         
    153   130      228.0000   885                    228.0000   920685         
    161   117      455.0000  1599                    228.0000   835382         
    163   132      455.0000  1624                    228.0000   927137         
    165   114      454.0000  1789                    228.0000   805301         
    166   121      425.0000  1760                    228.0000   926038         
    168   120      455.0000  1667                    228.0000   925987         
    172   115      455.0000  1660                    228.0000   841890         
Elapsed time = 666.24 sec. (379964.84 ticks, tree = 7.61 MB, solutions = 0)
    173   118      455.0000  1738                    228.0000   879356         
    175   134      425.0000  1763                    228.0000   948019         
    178   132      454.0000  1839                    228.0000   958963         
    180   152      228.0000   884                    228.0000  1087818         
    182   135      425.0000  1759                    228.0000   957570         
    188   158      228.0000   873                    228.0000  1093075         
    191   161      228.0000   864                    228.0000  1093893         
    194   164      228.0000   862                    228.0000  1094512         
    196   166      354.0000  1536                    228.0000  1097452         
    203   173      228.0000   932                    228.0000  1098886         
Elapsed time = 732.78 sec. (421576.33 ticks, tree = 14.81 MB, solutions = 0)
    204   137      445.0000  1708                    228.0000   995237         
    205   140      455.0000  1710                    228.0000  1031046         
    207   136      455.0000  1707                    228.0000   982404         
    208   143      455.0000  1642                    228.0000  1043293         
    211   163    infeasible                          228.0000  1201677         
    212   174      455.0000  1732                    228.0000  1139632         
    213   164      455.0000  1728                    228.0000  1209586         
    215   144      454.0000  1789                    228.0000  1064880         
    216   157      445.0000  1745                    228.0000  1141211         
    217   156      425.0000  1706                    228.0000  1123370         
Elapsed time = 874.61 sec. (482674.09 ticks, tree = 11.75 MB, solutions = 0)
    218   188      455.0000  1780                    228.0000  1278844         
    219   162    infeasible                          228.0000  1217286         
    220   160      455.0000  1800                    228.0000  1171527         
    221   189      455.0000  1775                    228.0000  1292453         
    222   191      455.0000  1828                    228.0000  1365486         
    223   163      455.0000  1723                    228.0000  1213819         
    224   161      455.0000  1685                    228.0000  1215645         
    225   194      455.0000  1695                    228.0000  1423541         
    226   190      455.0000  1794                    228.0000  1313375         
    228   198      455.0000  1695                    228.0000  1546733         
Elapsed time = 1043.84 sec. (578275.78 ticks, tree = 14.37 MB, solutions = 0)
    229   196      455.0000  1730                    228.0000  1489660         
    231   193      455.0000  1752                    228.0000  1377428         
    232   195      455.0000  1690                    228.0000  1457634         
    233   199      455.0000  1686                    228.0000  1555794         
    234   192      455.0000  1794                    228.0000  1407708         
    238   203      455.0000  1702                    228.0000  1680820         
    239   201      455.0000  1651                    228.0000  1611305         
    240   198      455.0000  1649                    228.0000  1548639         
    241   199      454.0000  1800                    228.0000  1596235         
    245   203      455.0000  1751                    228.0000  1719254         
Elapsed time = 1148.82 sec. (641638.71 ticks, tree = 15.03 MB, solutions = 0)
    246   202      455.0000  1637                    228.0000  1622706         
    247   211      455.0000  1703                    228.0000  1817852         
    250   202      425.0000  1727                    228.0000  1688230         
    251   212      455.0000  1648                    228.0000  1826500         
    255   204      455.0000  1707                    228.0000  1730800         
    256   219      455.0000  1724                    228.0000  1891509         
    261   213      455.0000  1679                    228.0000  1838934         
    263   221      455.0000  1697                    228.0000  1897933         
    264   218      455.0000  1655                    228.0000  1908770         
    265   216      455.0000  1705                    228.0000  1868519         
Elapsed time = 1296.40 sec. (733286.63 ticks, tree = 18.12 MB, solutions = 0)
    269   223      455.0000  1750                    228.0000  1912479         
    270   227      455.0000  1745                    228.0000  1958124         
    271   207      455.0000  1682                    228.0000  1804400         
    272   208      454.0000  1797                    228.0000  1816164         
    274   229      455.0000  1669                    228.0000  1991296         
    275   230      455.0000  1671                    228.0000  1991386         
    276   235      455.0000  1659                    228.0000  2035107         
    278   231      455.0000  1693                    228.0000  1991460         
    279   236      455.0000  1700                    228.0000  2046212         
    280   228      455.0000  1715                    228.0000  1996606         
Elapsed time = 1500.86 sec. (837272.43 ticks, tree = 19.33 MB, solutions = 0)
    282   245      455.0000  1714                    228.0000  2138377         
    285   204      445.0000  1673                    228.0000  1780980         
    287   240      455.0000  1705                    228.0000  2094765         
    288   236      455.0000  1670                    228.0000  2078337         
    290   241      455.0000  1704                    228.0000  2100464         
    291   242      455.0000  1730                    228.0000  2125963         
    292   246      455.0000  1666                    228.0000  2154926         
    294   255      455.0000  1718                    228.0000  2317898         
    295   252      455.0000  1560                    228.0000  2215987         
    296   256      455.0000  1697                    228.0000  2358592         
Elapsed time = 1667.98 sec. (926701.69 ticks, tree = 22.42 MB, solutions = 0)
    297   258      455.0000  1707                    228.0000  2384384         
    300   262      455.0000  1640                    228.0000  2407961         
    303   257      455.0000  1585                    228.0000  2368165         
    304   253      455.0000  1721                    228.0000  2321163         
    306   259      455.0000  1692                    228.0000  2399812         
    308   258      455.0000  1635                    228.0000  2379508         
    310   268      455.0000  1713                    228.0000  2507300         
    311   260      455.0000  1655                    228.0000  2409794         
    316   266      455.0000  1608                    228.0000  2440532         

Clique cuts applied:  129
Cover cuts applied:  270
Implied bound cuts applied:  1392
Mixed integer rounding cuts applied:  993
Zero-half cuts applied:  412
Lift and project cuts applied:  1
Gomory fractional cuts applied:  31

Root node processing (before b&c):
  Real time             =  191.30 sec. (130390.89 ticks)
Parallel b&c, 8 threads:
  Real time             = 1608.85 sec. (881108.86 ticks)
  Sync time (average)   =  155.37 sec.
  Wait time (average)   =    0.00 sec.
                          ------------
Total (root+branch&cut) = 1800.16 sec. (1011499.75 ticks)
! --------------------------------------------------------
! Problem is UNKNOWN
! CPLEX Status = AbortTimeLim
! --------------------------------------------------------
