! Solving for graph /home/truongxuanhieu/CPLEX-MIP-for-MinSpanLabeling/benchmarks/abp/R-dwt__503.mtx.rnd
! Target value is set to 63
! Lower bound is set to 64
! Upper bound is set to 503
! Time limit is set to 1800
! Vertices mode is set to No hole
! Target value mode is set to Antibandwidth
Version identifier: 22.2.0.0 | 2026-05-04 | 5dff98e58
CPXPARAM_TimeLimit                               1800
Tried aggregator 2 times.
MIP Presolve eliminated 2764 rows and 1257 columns.
MIP Presolve modified 505579 coefficients.
Aggregator did 7033 substitutions.
Reduced MIP has 14067 rows, 265316 columns, and 793119 nonzeros.
Reduced MIP has 256023 binaries, 3266 generals, 0 SOSs, and 6027 indicators.
Presolve time = 1.42 sec. (1704.81 ticks)
Probing time = 1.24 sec. (470.89 ticks)
Tried aggregator 1 time.
Detecting symmetries...
Reduced MIP has 14067 rows, 265316 columns, and 793119 nonzeros.
Reduced MIP has 256023 binaries, 3769 generals, 0 SOSs, and 6027 indicators.
Presolve time = 1.05 sec. (462.91 ticks)
Probing time = 0.19 sec. (54.20 ticks)
Clique table members: 9606.
MIP emphasis: balance optimality and feasibility.
MIP search method: dynamic search.
Parallel mode: deterministic, using up to 8 threads.
Root relaxation solution time = 1.17 sec. (538.97 ticks)

        Nodes                                         Cuts/
   Node  Left     Objective  IInf  Best Integer    Best Bound    ItCnt     Gap

      0     0       64.0000  1851                     64.0000     3356         
      0     0       64.0000  4371                  Cuts: 3616     7337         
      0     0       64.0000  4353                  Cuts: 3616     8886         
      0     0       64.0000  4246                  Cuts: 3616    12578         
      0     0       64.0000  4176                  Cuts: 2715    14870         
      0     0       64.0000  4214                  Cuts: 1491    16742         
Detecting symmetries...
Detecting symmetries...
      0     2       64.0000  4214                     64.0000    16742         
Elapsed time = 60.87 sec. (47868.54 ticks, tree = 0.02 MB, solutions = 0)
      4     6       64.0000  3999                     64.0000    17211         
      8     4       64.0000  4194                     64.0000    16747         
     12     5       64.0000  4043                     64.0000    17250         
     19     9       64.0000  3858                     64.0000    17570         
     28    19       64.0000  3889                     64.0000    20168         
     41    25       64.0000  3648                     64.0000    22733         
     57    43       64.0000  3473                     64.0000    28784         
     72    52       64.0000  3605                     64.0000    30665         
     86    67       64.0000  3436                     64.0000    32415         
    117   108       64.0000  3278                     64.0000    44135         
Elapsed time = 68.12 sec. (51287.51 ticks, tree = 13.02 MB, solutions = 0)
    137   131       64.0000  3665                     64.0000    44426         
    215   182       64.0000  3265                     64.0000    45189         
    250   234       64.0000  3410                     64.0000    63460         
    270   253      127.0000  2917                     64.0000    72268         
    303   288      127.0000  3102                     64.0000    94369         
    351   303      127.0000  2834                     64.0000   100704         
    422   345      127.0000  2381                     64.0000   111976         
    508   443      127.0000  2666                     64.0000   130013         
    552   480      190.0000  2630                     64.0000   134751         
    603   543      127.0000  3035                     64.0000   146224         
Elapsed time = 91.81 sec. (61059.41 ticks, tree = 105.53 MB, solutions = 0)
    684   557      127.0000  2922                     64.0000   146624         
    754   624      190.0000  2332                     64.0000   161435         
    825   744      190.0000  2303                     64.0000   168785         
    886   741      127.0000  2660                     64.0000   170045         
    917   857      127.0000  2820                     64.0000   176867         
    973   886      253.0000  2316                     64.0000   179015         
   1017   931      127.0000  2686                     64.0000   183516         
   1091   980      253.0000  2141                     64.0000   188035         
   1171   825      185.0000  2509                     64.0000   176803         
   1289  1166      316.0000  1948                     64.0000   204629         
Elapsed time = 115.73 sec. (70723.97 ticks, tree = 263.27 MB, solutions = 0)
   1376  1243      190.0000  2222                     64.0000   207699         
   1458  1255      190.0000  2249                     64.0000   208576         
   1541  1395      316.0000  2190                     64.0000   218309         
   1615  1447      223.0000  2153                     64.0000   221772         
   1710  1587      253.0000  1987                     64.0000   235990         
   1814  1662      387.0000  2108                     64.0000   241949         
   1915  1751      253.0000  1969                     64.0000   245933         
   2023  1743      253.0000  2058                     64.0000   245597         
   2108  1910      316.0000  1961                     64.0000   251210         
   2219  2032      316.0000  1751                     64.0000   258250         
Elapsed time = 139.61 sec. (80381.35 ticks, tree = 487.77 MB, solutions = 0)
   2317  2082      253.0000  2276                     64.0000   262842         
   2392  2259      253.0000  1946                     64.0000   269873         
   2497  2353      316.0000  1710                     64.0000   277215         
   2590  2370      316.0000  1680                     64.0000   277790         
   2665  2548      316.0000  1963                     64.0000   291893         
   2737  2560      316.0000  1890                     64.0000   292506         
   2824  2604      387.0000  1959                     64.0000   300616         
   2894  2772      316.0000  1710                     64.0000   315599         
   2965  2812      316.0000  1633                     64.0000   319637         
   3031  2863      190.0000  2446                     64.0000   321839         
Elapsed time = 162.88 sec. (89998.17 ticks, tree = 703.75 MB, solutions = 0)
   3105  2909      316.0000  1671                     64.0000   325498         
   3173  2983      379.0000  1884                     64.0000   332361         
   3217  3057      316.0000  1685                     64.0000   342600         
   3295  3116      379.0000  1735                     64.0000   350613         
   3352  3170      316.0000  1609                     64.0000   358112         
   3415  3257      379.0000  1679                     64.0000   364874         
   3461  3372      442.0000  1865                     64.0000   379050         
   3530  3382      379.0000  1623                     64.0000   378787         
   3582  3403      379.0000  1654                     64.0000   382783         
   3588  3446      379.0000  1995                     64.0000   385420         
Elapsed time = 190.77 sec. (100831.87 ticks, tree = 856.03 MB, solutions = 0)
   3607  3518      379.0000  2088                     64.0000   391595         
   3611  3522      442.0000  2177                     64.0000   393603         
   3613  3476      442.0000  1943                     64.0000   388858         
   3627  3543      127.0000  2994                     64.0000   417042         
   3646  3548      379.0000  1604                     64.0000   416344         
   3667  3559      379.0000  1609                     64.0000   421308         
   3708  3600      127.0000  2601                     64.0000   431760         
   3742  3593      127.0000  2706                     64.0000   429113         
   3784  3667      127.0000  2460                     64.0000   436918         
   3817  3676      190.0000  2226                     64.0000   439126         
Elapsed time = 217.30 sec. (111158.12 ticks, tree = 915.18 MB, solutions = 0)
   3866  3721      190.0000  2171                     64.0000   452891         
   3913  3697      442.0000  1843                     64.0000   450783         
   3961  3747      253.0000  2120                     64.0000   455245         
   4016  3825      253.0000  2051                     64.0000   463364         
   4064  3878      379.0000  1596                     64.0000   471890         
   4095  3695      379.0000  1561                     64.0000   447538         
   4146  3933      253.0000  2310                     64.0000   479439         
   4181  4002      253.0000  2309                     64.0000   483227         
   4203  4024      379.0000  1580                     64.0000   487170         
   4240  4052      316.0000  1924                     64.0000   491811         
Elapsed time = 240.04 sec. (121027.39 ticks, tree = 1013.06 MB, solutions = 0)
   4302  4047      379.0000  1602                     64.0000   488131         
   4354  4147      253.0000  1958                     64.0000   495617         
   4397  4240      253.0000  1932                     64.0000   507548         
   4452  4213      316.0000  1801                     64.0000   504355         
   4498  4281      442.0000  1712                     64.0000   512438         
   4558  4351      316.0000  1756                     64.0000   517472         
   4604  4356      379.0000  1804                     64.0000   518606         
   4660  3962      442.0000  1884                     64.0000   481980         
   4722  4469      442.0000  1862                     64.0000   528598         
   4770  4472      379.0000  1536                     64.0000   526272         
Elapsed time = 262.36 sec. (130711.85 ticks, tree = 1123.82 MB, solutions = 0)
   4826  4529      379.0000  1778                     64.0000   533243         
   4882  4712      316.0000  1772                     64.0000   551419         
   4935  4682      379.0000  1913                     64.0000   549429         
   4970  4725      442.0000  1663                     64.0000   552930         
   5008  4761      379.0000  1495                     64.0000   555097         
   5031  4769      379.0000  1462                     64.0000   555733         
   5051  4832      379.0000  1528                     64.0000   560253         
   5067  4885      379.0000  1824                     64.0000   568669         
   5092  4866      442.0000  1731                     64.0000   565355         
   5169  4957      442.0000  1859                     64.0000   583490         
Elapsed time = 290.28 sec. (143315.95 ticks, tree = 1250.32 MB, solutions = 0)
   5234  5009      379.0000  1467                     64.0000   593800         
   5309  5151      442.0000  1736                     64.0000   610956         
   5381  5230      379.0000  1478                     64.0000   629924         
   5456  5287      379.0000  1674                     64.0000   637934         
   5485  5283      442.0000  1667                     64.0000   641665         
   5547  5384      127.0000  2863                     64.0000   670764         
   5616  5443      253.0000  2189                     64.0000   678768         
   5715  5467      442.0000  1603                     64.0000   687422         
   5817  5629      442.0000  1653                     64.0000   707035         
   5933  5743      316.0000  1674                     64.0000   733066         
Elapsed time = 367.58 sec. (181761.94 ticks, tree = 1456.62 MB, solutions = 0)
   6017  5840      379.0000  1768                     64.0000   750696         
   6032  5851      190.0000  2933                     64.0000   758940         
   6089  5904      253.0000  2428                     64.0000   767051         
   6096  5763      442.0000  1735                     64.0000   747194         
   6100  5860    infeasible                           64.0000   764703         
   6102  5918    infeasible                           64.0000   774261         
   6115  5945      442.0000  1692                     64.0000   788713         
   6138  5960      442.0000  1698                     64.0000   795698         
   6207  6011      190.0000  2579                     64.0000   805010         
   6442  5993      442.0000  1590                     64.0000   816795         
Elapsed time = 475.19 sec. (222639.77 ticks, tree = 1522.38 MB, solutions = 0)
   6697  6131      190.0000  2048                     64.0000   830601         
   6902  6315      190.0000  2082                     64.0000   863092         
   7165  6688      191.0000  1967                     64.0000   894786         
   7443  7012      127.0000  3021                     64.0000   930170         
   7697  7136      190.0000  2101                     64.0000   939106         
   7963  7390      253.0000  2061                     64.0000   962481         
   8173  7618      379.0000  1793                     64.0000   976558         
   8461  7879      253.0000  1610                     64.0000   999566         
   8730  7915      379.0000  1789                     64.0000  1004565         
   8880  8325      379.0000  1585                     64.0000  1032613         
Elapsed time = 556.37 sec. (260887.87 ticks, tree = 2136.13 MB, solutions = 0)
Nodefile size = 73.98 MB (43.04 MB after compression)
   9048  8466      127.0000  3118                     64.0000  1045335         
   9239  8705      129.0000  2511                     64.0000  1068065         
   9441  8835      190.0000  2352                     64.0000  1077411         
   9621  9110      224.0000  2236                     64.0000  1101452         
   9835  9278      192.0000  2303                     64.0000  1120817         
  10025  9449      127.0000  3149                     64.0000  1134904         
  10171  9733      190.0000  2420                     64.0000  1155663         
  10331  9818      190.0000  2533                     64.0000  1180691         
  10522  9964      190.0000  2199                     64.0000  1191973         
  10644 10209      190.0000  2580                     64.0000  1222574         
Elapsed time = 636.07 sec. (299137.19 ticks, tree = 2636.23 MB, solutions = 0)
Nodefile size = 571.88 MB (330.32 MB after compression)
  10837 10299      244.0000  2334                     64.0000  1223984         
  11050 10421      263.0000  2311                     64.0000  1244977         
  11251 10577      127.0000  3122                     64.0000  1262637         
  11368 10739      127.0000  3189                     64.0000  1296152         
  11480 10854      253.0000  1620                     64.0000  1311329         
  11588 11064      190.0000  2076                     64.0000  1345558         
  11713 11075      253.0000  1565                     64.0000  1356830         
  11866 11271      211.0000  2382                     64.0000  1374684         
  11983 11282      253.0000  1555                     64.0000  1387807         
  12006 11494      190.0000  2271                     64.0000  1416162         
Elapsed time = 720.77 sec. (337637.93 ticks, tree = 2976.33 MB, solutions = 0)
Nodefile size = 911.36 MB (523.50 MB after compression)
  12082 11557      190.0000  2195                     64.0000  1419741         
  12191 11629      190.0000  2044                     64.0000  1443428         
  12256 11666      190.0000  2184                     64.0000  1448467         
  12389 11668      380.0000  1716                     64.0000  1457651         
  12570 11756      190.0000  2109                     64.0000  1472087         
  12760 11908      127.0000  3087                     64.0000  1511143         
  12912 12156      190.0000  2210                     64.0000  1530135         
  13100 12254      229.0000  2357                     64.0000  1540026         
  13302 12155      380.0000  1662                     64.0000  1531286         
  13507 12528      399.0000  1613                     64.0000  1607002         
Elapsed time = 807.84 sec. (376100.13 ticks, tree = 3250.28 MB, solutions = 0)
Nodefile size = 1188.09 MB (678.74 MB after compression)
  13645 12677      197.0000  2410                     64.0000  1603806         
  13669 12760      127.0000  3060                     64.0000  1622127         
  13715 12984      127.0000  2700                     64.0000  1661865         
  13808 13070      190.0000  2278                     64.0000  1669376         
  13937 13052      127.0000  2868                     64.0000  1672625         
  14132 13125      127.0000  2675                     64.0000  1674840         
  14300 13284      211.0000  2430                     64.0000  1685784         
  14486 13386      127.0000  3121                     64.0000  1695005         
  14631 13522      190.0000  2062                     64.0000  1709397         
  14811 13888      128.0000  2400                     64.0000  1757128         
Elapsed time = 909.64 sec. (417518.43 ticks, tree = 3612.78 MB, solutions = 0)
Nodefile size = 1538.37 MB (874.73 MB after compression)
  15027 13862      190.0000  2103                     64.0000  1756040         
  15188 14114      190.0000  2109                     64.0000  1788402         
  15310 14235      190.0000  2109                     64.0000  1793282         
  15508 14616      190.0000  2053                     64.0000  1867821         
  15768 14795      190.0000  2239                     64.0000  1887148         
  15984 14980      286.0000  2369                     64.0000  1900931         
  16143 15114      381.0000  1848                     64.0000  1919127         
  16340 15348      278.0000  2294                     64.0000  1933762         
  16533 15585      300.0000  2496                     64.0000  1950375         
  16665 15625      127.0000  2709                     64.0000  1957846         
Elapsed time = 991.39 sec. (455802.97 ticks, tree = 4074.27 MB, solutions = 0)
Nodefile size = 1994.95 MB (1134.10 MB after compression)
  16798 15855      191.0000  2478                     64.0000  1971118         
  16908 15867      261.0000  2468                     64.0000  1987901         
  16946 15902    infeasible                           64.0000  1996242         
  17044 16246      190.0000  2084                     64.0000  2036184         
  17177 16383      253.0000  2411                     64.0000  2052890         
  17483 16292      190.0000  2443                     64.0000  2056097         
  17809 16439      190.0000  2831                     64.0000  2066708         
  18032 17063      301.0000  2692                     64.0000  2115840         
  18277 17204      190.0000  1788                     64.0000  2140400         
  18566 17400      190.0000  2141                     64.0000  2165979         
Elapsed time = 1093.47 sec. (496921.24 ticks, tree = 4544.66 MB, solutions = 0)
Nodefile size = 2470.80 MB (1406.78 MB after compression)
  18848 17560      190.0000  2608                     64.0000  2178308         
  19272 17495      190.0000  2617                     64.0000  2175599         
  19612 17860      128.0000  2383                     64.0000  2195536         
  19904 18215      308.0000  2580                     64.0000  2225268         
  20177 18251      127.0000  3087                     64.0000  2233849         
  20509 18754      265.0000  2498                     64.0000  2254760         
  20840 19186      128.0000  2373                     64.0000  2286133         
  21119 19749      190.0000  2096                     64.0000  2368304         
  21394 20029      238.0000  2467                     64.0000  2390798         
  21669 19855      200.0000  2668                     64.0000  2375723         
Elapsed time = 1171.72 sec. (535109.89 ticks, tree = 5197.99 MB, solutions = 0)
Nodefile size = 3091.00 MB (1752.27 MB after compression)
  21896 19956      128.0000  2693                     64.0000  2391537         
  22180 20744      190.0000  2517                     64.0000  2454059         
  22500 20971      234.0000  2517                     64.0000  2480602         
  22750 21389      218.0000  2673                     64.0000  2519489         
  23038 21073      332.0000  2448                     64.0000  2483768         
  23321 21060      127.0000  3726                     64.0000  2531749         
  23546 21701      223.0000  2632                     64.0000  2543779         
  23619 21903      127.0000  3140                     64.0000  2552205         
  23676 22513      190.0000  2743                     64.0000  2643099         
  23837 22604      129.0000  2474                     64.0000  2648672         
Elapsed time = 1272.54 sec. (574279.41 ticks, tree = 5929.43 MB, solutions = 0)
Nodefile size = 3832.39 MB (2168.77 MB after compression)
  24113 22705      301.0000  2489                     64.0000  2651954         
  24368 22759      127.0000  3035                     64.0000  2657223         
  24703 22829      127.0000  2747                     64.0000  2659708         
  24970 23194      298.0000  2399                     64.0000  2678541         
  25217 23680      128.0000  2408                     64.0000  2736817         
  25464 23889      127.0000  3452                     64.0000  2759201         
  25753 23710      127.0000  2750                     64.0000  2731900         
  26083 23998      190.0000  2216                     64.0000  2767688         
  26422 24666      190.0000  2233                     64.0000  2817812         
  26740 24945      159.0000  2425                     64.0000  2851956         
Elapsed time = 1354.67 sec. (612555.77 ticks, tree = 6553.12 MB, solutions = 0)
Nodefile size = 4474.60 MB (2528.57 MB after compression)
  27116 25354      128.0000  2360                     64.0000  2878026         
  27529 25056      226.0000  2476                     64.0000  2859750         
  28002 25829      190.0000  2090                     64.0000  2927086         
  28314 26174      328.0000  2660                     64.0000  2956673         
  28649 25937      229.0000  2418                     64.0000  2934980         
  29149 26251    infeasible                           64.0000  2965369         
  29572 26926      128.0000  2515                     64.0000  2998566         
  29926 27442      129.0000  2774                     64.0000  3035208         
  30457 28113      225.0000  2515                     64.0000  3096925         
  30903 27983      180.0000  2710                     64.0000  3090004         
Elapsed time = 1435.56 sec. (650807.23 ticks, tree = 7365.98 MB, solutions = 0)
Nodefile size = 5239.50 MB (2959.92 MB after compression)
  31213 29339      246.0000  2550                     64.0000  3160408         
  31550 29181      226.0000  2530                     64.0000  3153560         
  31940 29995      128.0000  2390                     64.0000  3208750         
  32346 30028      190.0000  2947                     64.0000  3215131         
  32704 30193      298.0000  2349                     64.0000  3217915         
  33027 30327      240.0000  2632                     64.0000  3237158         
  33365 30810      270.0000  2356                     64.0000  3267653         
  33757 31498      190.0000  2435                     64.0000  3322931         
  34164 31747      270.0000  2461                     64.0000  3334508         
  34457 32193      190.0000  2485                     64.0000  3366805         
Elapsed time = 1516.33 sec. (689065.93 ticks, tree = 8491.00 MB, solutions = 0)
Nodefile size = 6381.53 MB (3609.36 MB after compression)
  34815 32469      161.0000  2806                     64.0000  3399517         
  35218 32768      289.0000  2488                     64.0000  3411153         
  35612 32817      190.0000  2584                     64.0000  3417667         
  35968 33715      191.0000  2638                     64.0000  3512383         
  36419 34190      208.0000  2502                     64.0000  3537237         
  36853 34658      190.0000  2509                     64.0000  3567800         
  37278 34940      274.0000  2352                     64.0000  3576931         
  37755 34746      191.0000  2348                     64.0000  3572332         
  38090 35352      284.0000  2441                     64.0000  3605060         
  38408 35818      190.0000  2236                     64.0000  3639153         
Elapsed time = 1597.91 sec. (727332.18 ticks, tree = 9461.20 MB, solutions = 0)
Nodefile size = 7356.28 MB (4174.70 MB after compression)
  38709 36609      190.0000  2141                     64.0000  3706938         
  39053 36092      229.0000  2472                     64.0000  3665837         
  39348 37499      127.0000  3184                     64.0000  3788544         
  39667 37063      127.0000  2911                     64.0000  3744233         
  40124 36906      190.0000  2634                     64.0000  3734297         
  40486 37670      127.0000  3311                     64.0000  3801019         
  40790 38434      129.0000  2699                     64.0000  3868706         
  40957 38297      191.0000  2358                     64.0000  3871164         
  41054 38118      190.0000  2631                     64.0000  3861793         
  41130 38672      332.0000  2520                     64.0000  3884264         
Elapsed time = 1685.53 sec. (765602.52 ticks, tree = 10225.92 MB, solutions = 0)
Nodefile size = 8133.88 MB (4624.19 MB after compression)
  41366 39819      332.0000  2529                     64.0000  3982613         
  41564 39928      192.0000  2072                     64.0000  3988512         
  41839 39524      190.0000  2340                     64.0000  3964817         
  42154 40114      190.0000  2385                     64.0000  4003094         
  42474 40174      190.0000  2089                     64.0000  4005143         
  42694 40214      191.0000  2516                     64.0000  4012852         
  43112 40881      287.0000  2425                     64.0000  4072791         
  43544 40759      303.0000  2481                     64.0000  4060117         
  43892 41436      128.0000  2355                     64.0000  4109379         
  44196 41187      190.0000  2386                     64.0000  4104920         
Elapsed time = 1768.08 sec. (803839.38 ticks, tree = 10907.35 MB, solutions = 0)
Nodefile size = 8796.18 MB (5010.45 MB after compression)
  44575 41916      190.0000  2189                     64.0000  4144573         
  44934 42215      190.0000  2227                     64.0000  4156491         
  45165 42255      190.0000  2608                     64.0000  4162525         
  45680 42932      191.0000  2187                     64.0000  4214418         

Clique cuts applied:  248
Cover cuts applied:  210
Implied bound cuts applied:  5396
Mixed integer rounding cuts applied:  2768
Zero-half cuts applied:  620
Lift and project cuts applied:  13
Gomory fractional cuts applied:  2

Root node processing (before b&c):
  Real time             =   60.21 sec. (47601.99 ticks)
Parallel b&c, 8 threads:
  Real time             = 1746.89 sec. (776107.37 ticks)
  Sync time (average)   =  350.61 sec.
  Wait time (average)   =    0.00 sec.
                          ------------
Total (root+branch&cut) = 1807.10 sec. (823709.37 ticks)
! --------------------------------------------------------
! Problem is UNKNOWN
! CPLEX Status = AbortTimeLim
! --------------------------------------------------------
