! Solving for graph /home/truongxuanhieu/CPLEX-MIP-for-MinSpanLabeling/benchmarks/abp/T-dwt__592.mtx.rnd
! Target value is set to 113
! Lower bound is set to 114
! Upper bound is set to 592
! Time limit is set to 1800
! Vertices mode is set to No hole
! Target value mode is set to Antibandwidth
Version identifier: 22.2.0.0 | 2026-05-04 | 5dff98e58
CPXPARAM_TimeLimit                               1800
Tried aggregator 2 times.
MIP Presolve eliminated 2258 rows and 1480 columns.
MIP Presolve modified 700450 coefficients.
Aggregator did 6288 substitutions.
Reduced MIP has 12577 rows, 360969 columns, and 1080534 nonzeros.
Reduced MIP has 353016 binaries, 2849 generals, 0 SOSs, and 5104 indicators.
Presolve time = 2.15 sec. (2191.63 ticks)
Probing time = 1.65 sec. (601.42 ticks)
Tried aggregator 1 time.
Detecting symmetries...
Reduced MIP has 12577 rows, 360969 columns, and 1080534 nonzeros.
Reduced MIP has 353016 binaries, 3441 generals, 0 SOSs, and 5104 indicators.
Presolve time = 1.87 sec. (611.10 ticks)
Probing time = 0.29 sec. (71.17 ticks)
Clique table members: 10924.
MIP emphasis: balance optimality and feasibility.
MIP search method: dynamic search.
Parallel mode: deterministic, using up to 8 threads.
Root relaxation solution time = 1.89 sec. (737.26 ticks)

        Nodes                                         Cuts/
   Node  Left     Objective  IInf  Best Integer    Best Bound    ItCnt     Gap

      0     0      114.0000  1741                    114.0000     3312         
      0     0      114.0000  4157                  Cuts: 3244     7158         
      0     0      114.0000  3757                  Cuts: 3244     9528         
      0     0      114.0000  3728                  Cuts: 3244    12869         
      0     0      114.0000  3696                  Cuts: 3244    17247         
      0     0      114.0000  3732                  Cuts: 1705    20977         
Detecting symmetries...
Detecting symmetries...
      0     2      114.0000  3732                    114.0000    20977         
Elapsed time = 97.94 sec. (82589.75 ticks, tree = 0.02 MB, solutions = 0)
      1     3      114.0000  3647                    114.0000    21211         
      4     6      114.0000  3545                    114.0000    21586         
      7     9      114.0000  3482                    114.0000    21672         
     10    12      114.0000  3458                    114.0000    21704         
     15    17      114.0000  3414                    114.0000    21771         
     19     9      114.0000  3472                    114.0000    21728         
     21     4      114.0000  3553                    114.0000    21459         
     22     6      114.0000  3614                    114.0000    21283         
     26    26      114.0000  3852                    114.0000    25058         
     35    30      114.0000  3623                    114.0000    28831         
Elapsed time = 108.65 sec. (87922.76 ticks, tree = 2.11 MB, solutions = 0)
     40    34      114.1589  4817                    114.0000    35083         
     45    41      114.0000  3657                    114.0000    37330         
     53    48      114.0000  3647                    114.0000    48110         
     60    54      114.0000  3583                    114.0000    50851         
     67    61      114.0000  3407                    114.0000    51747         
     74    61      187.0000  3111                    114.0000    55410         
     90    81      114.0000  3310                    114.0000    64484         
    146   118      114.0000  3295                    114.0000    89170         
    178   132      227.0000  2733                    114.0000    90664         
    213    94      114.0000  3300                    114.0000    76913         
Elapsed time = 131.10 sec. (98166.67 ticks, tree = 12.89 MB, solutions = 0)
    237   189      114.0000  2983                    114.0000   101623         
    260   189      114.0000  3031                    114.0000    99839         
    277   223      114.0000  2873                    114.0000   105126         
    307   266      114.0000  3246                    114.0000   108423         
    368   232      177.0000  2915                    114.0000   107378         
    426   294      114.0000  2825                    114.0000   109124         
    499   406      114.0000  2746                    114.0000   124260         
    547   366      114.0000  3080                    114.0000   123990         
    588   495      300.0000  2624                    114.0000   141550         
    650   564      227.0000  2670                    114.0000   160355         
Elapsed time = 153.86 sec. (107940.48 ticks, tree = 119.56 MB, solutions = 0)
    709   560      114.0000  2589                    114.0000   151524         
    756   682      340.0000  2402                    114.0000   175190         
    800   687      340.0000  2414                    114.0000   176278         
    852   718      114.0000  2612                    114.0000   176747         
    903   741      300.0000  2531                    114.0000   178741         
    968   751      300.0000  2495                    114.0000   179571         
   1027   861      227.0000  2481                    114.0000   195820         
   1088  1007      227.0000  2694                    114.0000   225373         
   1154  1017      227.0000  2570                    114.0000   226816         
   1211   976      340.0000  2216                    114.0000   208730         
Elapsed time = 177.27 sec. (117652.70 ticks, tree = 229.82 MB, solutions = 0)
   1280  1064      227.0000  2600                    114.0000   234921         
   1334  1206      340.0000  2431                    114.0000   252311         
   1400  1196      340.0000  2140                    114.0000   247951         
   1465  1323      340.0000  2314                    114.0000   271967         
   1541  1383      340.0000  2258                    114.0000   274953         
   1600  1440      300.0000  2436                    114.0000   281791         
   1678  1472      227.0000  2494                    114.0000   282962         
   1733  1604      227.0000  2137                    114.0000   295247         
   1782  1638      300.0000  2401                    114.0000   297030         
   1841  1678      340.0000  2457                    114.0000   303213         
Elapsed time = 201.12 sec. (127329.89 ticks, tree = 428.87 MB, solutions = 0)
   1879  1736      340.0000  2308                    114.0000   308469         
   1920  1783      340.0000  2247                    114.0000   313696         
   1967  1826      453.0000  2351                    114.0000   317851         
   2017  1834      453.0000  2318                    114.0000   318045         
   2067  1874      227.0000  2282                    114.0000   324651         
   2101  1993      340.0000  2162                    114.0000   340964         
   2148  2039      340.0000  2128                    114.0000   343828         
   2174  1981      340.0000  2239                    114.0000   341480         
   2200  2110      453.0000  2115                    114.0000   352851         
   2223  2097      453.0000  2194                    114.0000   353433         
Elapsed time = 224.53 sec. (136987.16 ticks, tree = 547.74 MB, solutions = 0)
   2255  2132      453.0000  2066                    114.0000   357806         
   2286  2170      453.0000  2053                    114.0000   362789         
   2313  2162      340.0000  2242                    114.0000   365234         
   2326  2206      453.0000  2050                    114.0000   364299         
   2353  2233      453.0000  2018                    114.0000   371327         
   2376  2268      453.0000  2103                    114.0000   375376         
   2401  2261      227.0000  2844                    114.0000   375216         
   2422  2309      453.0000  1953                    114.0000   376347         
   2456  2316      453.0000  1942                    114.0000   376678         
   2477  2342      340.0000  2028                    114.0000   387064         
Elapsed time = 246.99 sec. (146844.85 ticks, tree = 618.80 MB, solutions = 0)
   2520  2423      340.0000  2013                    114.0000   393792         
   2557  2414      340.0000  2376                    114.0000   391787         
   2578  2445      453.0000  2216                    114.0000   395038         
   2603  2478      340.0000  2358                    114.0000   396832         
   2626  2489      453.0000  2169                    114.0000   402122         
   2664  2537      453.0000  2165                    114.0000   405321         
   2685  2560      340.0000  2274                    114.0000   405899         
   2717  2601      340.0000  1934                    114.0000   414354         
   2743  2584      453.0000  2140                    114.0000   408972         
   2768  2646    infeasible                          114.0000   416360         
Elapsed time = 272.33 sec. (156597.02 ticks, tree = 704.82 MB, solutions = 0)
   2794  2644      340.0000  2194                    114.0000   416811         
   2816  2651      453.0000  2252                    114.0000   418035         
   2837  2702      453.0000  2191                    114.0000   426373         
   2860  2711      453.0000  2221                    114.0000   426848         
   2887  2766      453.0000  2163                    114.0000   432694         
   2911  2778      453.0000  2133                    114.0000   433013         
   2940  2800      453.0000  2049                    114.0000   434904         
   2960  2833      453.0000  2144                    114.0000   439491         
   2992  2826      340.0000  1860                    114.0000   439411         
   3018  2885      340.0000  1838                    114.0000   448513         
Elapsed time = 294.79 sec. (166533.77 ticks, tree = 773.88 MB, solutions = 0)
   3035  2856      171.0000  2960                    114.0000   452305         
   3057  2848      227.0000  2549                    114.0000   448944         
   3087  2952      340.0000  1832                    114.0000   462191         
   3125  2920      453.0000  2043                    114.0000   451029         
   3142  2944      227.0000  2559                    114.0000   460030         
   3166  3004      340.0000  2260                    114.0000   468768         
   3187  3033      227.0000  2501                    114.0000   470551         
   3207  3061      453.0000  2029                    114.0000   472022         
   3225  3067      453.0000  2012                    114.0000   472492         
   3286  3138      453.0000  1875                    114.0000   512295         
Elapsed time = 320.06 sec. (179377.77 ticks, tree = 845.82 MB, solutions = 0)
   3393  3224      340.0000  2108                    114.0000   527713         
   3410  3191      340.0000  2256                    114.0000   523746         
   3413  3260      453.0000  2073                    114.0000   553527         
   3414  3243    infeasible                          114.0000   532672         
   3415  3261      453.0000  2077                    114.0000   553731         
   3420  3271      227.0000  2739                    114.0000   563532         
   3447  3256    infeasible                          114.0000   555654         
   3496  3313      453.0000  2031                    114.0000   567786         
   3556  3337      340.0000  2383                    114.0000   578581         
   3649  3411      227.0000  2391                    114.0000   586843         
Elapsed time = 433.11 sec. (225716.15 ticks, tree = 924.02 MB, solutions = 0)
   3757  3516      453.0000  1929                    114.0000   632065         
   3858  3572      227.0000  2682                    114.0000   642054         
   3908  3660      340.0000  2266                    114.0000   689950         
   3944  3703      453.0000  2313                    114.0000   702538         
   3998  3755      453.0000  2287                    114.0000   704983         
   4020  3787      453.0000  1888                    114.0000   728642         
   4023  3792    infeasible                          114.0000   760083         
   4031  3879      453.0000  2231                    114.0000   764130         
   4067  3915      453.0000  2136                    114.0000   765633         
   4119  3890      453.0000  1888                    114.0000   764868         
Elapsed time = 562.16 sec. (276402.50 ticks, tree = 1059.98 MB, solutions = 0)
   4174  3972      453.0000  2083                    114.0000   768733         
   4243  3986      227.0000  2575                    114.0000   771244         
   4301  4023      227.0000  2535                    114.0000   782297         
   4360  4048      340.0000  2444                    114.0000   787723         
   4442  4176      453.0000  2116                    114.0000   819873         
   4510  4206      453.0000  2105                    114.0000   821520         
   4572  4331      453.0000  2038                    114.0000   865141         
   4657  4375      227.0000  2520                    114.0000   876982         
   4756  4447      340.0000  2382                    114.0000   891725         
   4829  4515      453.0000  2038                    114.0000   905219         
Elapsed time = 638.01 sec. (315250.81 ticks, tree = 1240.47 MB, solutions = 0)
   4890  4525      340.0000  2051                    114.0000   906609         
   4895  3986      566.0000  2635                    114.0000   786719         
   4897  4200      566.0000  3177                    114.0000   868880         
   4898  4070      566.0000  2522                    114.0000   838213         

Performing restart 1

Repeating presolve.
Tried aggregator 1 time.
Reduced MIP has 12577 rows, 360969 columns, and 1080534 nonzeros.
Reduced MIP has 353016 binaries, 3441 generals, 0 SOSs, and 5104 indicators.
Presolve time = 0.81 sec. (415.47 ticks)
Tried aggregator 1 time.
Reduced MIP has 12577 rows, 360969 columns, and 1080534 nonzeros.
Reduced MIP has 353016 binaries, 3441 generals, 0 SOSs, and 5104 indicators.
Presolve time = 1.54 sec. (633.63 ticks)
Represolve time = 5.70 sec. (2179.88 ticks)
   4899     0      114.0000  4459                  Cuts: 3244  1042264         
   4899     0      114.0000  4852                  Cuts: 3244  1047070         
   4899     0      114.0000  5222                  Cuts: 3244  1050946         
   4899     0      114.0000  4887                  Cuts: 3244  1057813         
   4899     0      114.0000  5013                  Cuts: 3244  1065018         
   4899     2      114.0000  5009                    114.0000  1065018         
   4932    32      227.0000  3714                    170.5000  1075692         
   5096   123      227.0000  3253                    171.0000  1093174         
   5387   418      228.0000  2733                    171.0000  1108004         
   5756   767      231.0000  2572                    171.0000  1127349         
   6085  1033      227.0000  2581                    171.0000  1143513         
Elapsed time = 1016.30 sec. (643021.95 ticks, tree = 214.32 MB, solutions = 0)
   6339  1241      304.0000  2303                    171.0000  1155902         
   6651  1572      305.0000  2254                    171.0000  1168499         
   6858  1869    infeasible                          171.0000  1187483         
   6866  1883    infeasible                          171.0000  1188347         
   6868  1880    infeasible                          171.0000  1190461         
   6881  1881    infeasible                          171.0000  1188781         
   6981  1935      227.0000  3369                    171.0000  1200364         
   7174  2073      227.0000  3353                    171.0000  1211197         
   7415  2167      227.0000  2827                    171.0000  1216215         
   7708  2467      227.0000  2928                    171.0000  1232078         
Elapsed time = 1157.85 sec. (694059.83 ticks, tree = 572.97 MB, solutions = 0)
   7959  2826      236.0000  2916                    171.0000  1257122         
   8183  2940      341.0000  2155                    171.0000  1263340         
   8382  3245      340.0000  2473                    171.0000  1281215         
   8542  3359      340.0000  2820                    171.0000  1289618         
   8724  3561      341.0000  2313                    171.0000  1301120         
   8964  3825      437.0000  2020                    171.0000  1320696         
   9107  3893      227.0000  3289                    171.0000  1325233         
   9229  4048      340.0000  2381                    171.0000  1341682         
   9355  4136      285.0000  2299                    171.0000  1346246         
   9479  4301      285.0000  2200                    171.0000  1352958         
Elapsed time = 1250.28 sec. (732396.12 ticks, tree = 1037.52 MB, solutions = 0)
   9601  4403      227.0000  3972                    171.0000  1360248         
   9757  4546      505.0000  2238                    171.0000  1369452         
   9958  4613      229.0000  2746                    171.0000  1373132         
  10148  4887      227.0000  2396                    171.0000  1387210         
  10298  5062      343.0000  2222                    171.0000  1390764         
  10360  5109      227.0000  3457                    171.0000  1395511         
  10465  5242      236.0000  3161                    171.0000  1400938         
  10566  5317      340.0000  2612                    171.0000  1407465         
  10699  5416      340.0000  2470                    171.0000  1413082         
  10835  5584      227.0000  2878                    171.0000  1420339         
Elapsed time = 1343.81 sec. (770741.81 ticks, tree = 1359.66 MB, solutions = 0)
  10929  5683      227.0000  3785                    171.0000  1425333         
  11011  5768      340.0000  2815                    171.0000  1431935         
  11118  5867      340.0000  2502                    171.0000  1436721         
  11267  5967      227.0000  3056                    171.0000  1449984         
  11334  6039      453.0000  2370                    171.0000  1452123         
  11338  5854      530.0000  2277                    171.0000  1445128         
  11339  3786      566.0000  3819                    171.0000  1357992         
  11341  3839      566.0000  3195                    171.0000  1368529         

Performing restart 2

Repeating presolve.
Tried aggregator 1 time.
Reduced MIP has 12577 rows, 360969 columns, and 1121938 nonzeros.
Reduced MIP has 353016 binaries, 3441 generals, 0 SOSs, and 5104 indicators.
Presolve time = 0.85 sec. (448.98 ticks)
Tried aggregator 1 time.
Reduced MIP has 12577 rows, 360969 columns, and 1121938 nonzeros.
Reduced MIP has 353016 binaries, 3441 generals, 0 SOSs, and 5104 indicators.
Presolve time = 1.51 sec. (644.41 ticks)
Represolve time = 11.46 sec. (4861.50 ticks)

Root node processing (before b&c):
  Real time             =   97.00 sec. (82194.74 ticks)
Parallel b&c, 8 threads:
  Real time             = 1704.78 sec. (1239608.49 ticks)
  Sync time (average)   =  206.89 sec.
  Wait time (average)   =    0.31 sec.
                          ------------
Total (root+branch&cut) = 1801.78 sec. (1321803.23 ticks)
! --------------------------------------------------------
! Problem is UNKNOWN
! CPLEX Status = AbortTimeLim
! --------------------------------------------------------
