! Solving for graph /home/truongxuanhieu/CPLEX-MIP-for-MinSpanLabeling/benchmarks/abp/W-685_bus.mtx.rnd
! Target value is set to 136
! Lower bound is set to 137
! Upper bound is set to 685
! Time limit is set to 1800
! Vertices mode is set to No hole
! Target value mode is set to Antibandwidth
Version identifier: 22.2.0.0 | 2026-05-04 | 5dff98e58
CPXPARAM_TimeLimit                               1800
Tried aggregator 2 times.
MIP Presolve eliminated 1284 rows and 1712 columns.
MIP Presolve modified 937903 coefficients.
Aggregator did 4619 substitutions.
Reduced MIP has 9239 rows, 476067 columns, and 1426779 nonzeros.
Reduced MIP has 470850 binaries, 1968 generals, 0 SOSs, and 3249 indicators.
Presolve time = 2.88 sec. (2521.84 ticks)
Probing time = 1.94 sec. (753.29 ticks)
Tried aggregator 2 times.
Detecting symmetries...
Aggregator did 28 substitutions.
Reduced MIP has 9211 rows, 476039 columns, and 1426751 nonzeros.
Reduced MIP has 470850 binaries, 2625 generals, 0 SOSs, and 3249 indicators.
Presolve time = 2.93 sec. (1077.33 ticks)
Probing time = 0.33 sec. (91.68 ticks)
Clique table members: 12418.
MIP emphasis: balance optimality and feasibility.
MIP search method: dynamic search.
Parallel mode: deterministic, using up to 8 threads.
Root relaxation solution time = 12.50 sec. (4948.61 ticks)

        Nodes                                         Cuts/
   Node  Left     Objective  IInf  Best Integer    Best Bound    ItCnt     Gap

      0     0      137.0000  1275                    137.0000       13         
      0     0      137.0000  3696                  Cuts: 2402     1447         
      0     0      137.0000  3320                  Cuts: 2402     5276         
      0     0      137.0000  2629                  Cuts: 2402    10088         
      0     0      137.0000  2725                  Cuts: 2402    14443         
      0     2      137.0000  2725                    137.0000    14443         
Elapsed time = 125.13 sec. (81825.80 ticks, tree = 0.02 MB, solutions = 0)
      1     3      137.0000  2679                    137.0000    14546         
      5     7      183.0000  2717                    137.0000    17876         
      8    10      183.0000  2579                    137.0000    18468         
     11     9      137.0000  2786                    137.0000    19398         
     16    17      183.0000  2560                    137.0000    19933         
     21    22      183.0000  2541                    137.0000    19944         
     27    18      183.0000  2689                    137.0000    20751         
     30    31      183.0000  2560                    137.0000    20990         
     34    34      183.0000  2543                    137.0000    21002         
     59    52      183.0000  2491                    137.0000    24477         
Elapsed time = 136.47 sec. (86818.94 ticks, tree = 6.83 MB, solutions = 0)
    101    91      137.0000  2607                    137.0000    31474         
    129   103      137.0000  2749                    137.0000    33996         
    161   145      273.0000  2318                    137.0000    44342         
    175   159      137.0000  2749                    137.0000    57019         
    224   183      137.0000  2509                    137.0000    62330         
    260   222      137.0000  2669                    137.0000    74120         
    308   238      409.0000  2227                    137.0000    76183         
    348   263      273.0000  2476                    137.0000    90609         
    402   362      273.0000  2654                    137.0000   115025         
    480   374      273.0000  2550                    137.0000   122378         
Elapsed time = 159.45 sec. (96564.85 ticks, tree = 66.24 MB, solutions = 0)
    540   452      137.0000  2315                    137.0000   129819         
    572   470      273.0000  2397                    137.0000   130054         
    595   520      409.0000  2383                    137.0000   136464         
    626   519      273.0000  2122                    137.0000   135467         
    643   545      545.0000  2137                    137.0000   136376         
    647   546      545.0000  2132                    137.0000   136658         
    650   376      273.0000  2492                    137.0000   115202         
    651   617      378.0000  2407                    137.0000   141268         
    659   647      409.0000  2263                    137.0000   142566         
    664   652      409.0000  2271                    137.0000   143246         
Elapsed time = 207.79 sec. (112105.24 ticks, tree = 138.48 MB, solutions = 0)
    673   655      273.0000  2208                    137.0000   143490         
    687   662      273.0000  2204                    137.0000   144716         
    711   673      378.0000  2201                    137.0000   144817         
    736   679      545.0000  2091                    137.0000   145079         
    758   695      409.0000  2255                    137.0000   151053         
    781   727      409.0000  2235                    137.0000   153416         
    810   749      273.0000  2411                    137.0000   153821         
    850   759      273.0000  2381                    137.0000   154007         
    885   773      409.0000  2110                    137.0000   160425         
    903   861      409.0000  2096                    137.0000   168498         
Elapsed time = 238.43 sec. (121877.97 ticks, tree = 195.51 MB, solutions = 0)
    934   855      409.0000  2134                    137.0000   168025         
    964   875      409.0000  2069                    137.0000   170434         
   1009   898      409.0000  2077                    137.0000   183960         
   1064   897      409.0000  2061                    137.0000   180776         
   1103   968      409.0000  1982                    137.0000   191137         
   1136   973      409.0000  1974                    137.0000   192515         
   1157   984      409.0000  1954                    137.0000   192772         
   1174   991      409.0000  1938                    137.0000   192926         
   1205  1107      409.0000  1901                    137.0000   210908         
   1227  1112      496.0000  1989                    137.0000   211711         
Elapsed time = 262.66 sec. (131643.68 ticks, tree = 263.17 MB, solutions = 0)
   1260  1131      545.0000  2212                    137.0000   222142         
   1294  1162      409.0000  2062                    137.0000   226600         
   1321  1145      545.0000  2112                    137.0000   224023         
   1334  1178      409.0000  2046                    137.0000   227014         
   1354  1234      545.0000  1941                    137.0000   237883         
   1372  1264      545.0000  2019                    137.0000   236322         
   1387  1273      545.0000  2007                    137.0000   236584         
   1393  1336      545.0000  2010                    137.0000   241257         
   1399  1342      545.0000  2004                    137.0000   241543         
   1404  1175      545.0000  2206                    137.0000   234497         
Elapsed time = 289.58 sec. (141836.94 ticks, tree = 280.05 MB, solutions = 0)
   1412  1358      545.0000  2000                    137.0000   245899         
   1416  1361      409.0000  2024                    137.0000   249562         
   1425  1370      409.0000  2021                    137.0000   249823         
   1430  1335      545.0000  2207                    137.0000   248127         
   1438  1362      545.0000  2318                    137.0000   253173         
   1446  1366      545.0000  2182                    137.0000   253736         
   1461  1378      545.0000  1982                    137.0000   254098         
   1468  1400      545.0000  1967                    137.0000   258137         
   1473  1403      545.0000  1966                    137.0000   258305         
   1480  1410      545.0000  1956                    137.0000   258535         
Elapsed time = 320.79 sec. (154921.66 ticks, tree = 345.39 MB, solutions = 0)
   1485  1415      545.0000  1954                    137.0000   259007         
   1493  1389      545.0000  2273                    137.0000   260532         
   1495  1415      545.0000  2146                    137.0000   259961         
   1499  1442      545.0000  2127                    137.0000   265029         
   1505  1448      545.0000  2179                    137.0000   265754         
   1507  1450      545.0000  2177                    137.0000   267338         
   1512  1455      545.0000  2167                    137.0000   267614         
   1518  1461      545.0000  2135                    137.0000   267799         
   1521  1464      545.0000  2116                    137.0000   268490         
   1525  1469      409.0000  1999                    137.0000   278307         
Elapsed time = 369.94 sec. (176841.11 ticks, tree = 361.77 MB, solutions = 0)
   1539  1470      545.0000  2127                    137.0000   269418         
   1551  1472      545.0000  2129                    137.0000   269702         
   1556  1477      545.0000  2118                    137.0000   269885         
   1558  1481      545.0000  2130                    137.0000   279669         
   1562  1485      545.0000  2112                    137.0000   279903         
   1567  1490      545.0000  2104                    137.0000   280108         
   1574  1494      545.0000  2095                    137.0000   280376         
   1576  1518      545.0000  2103                    137.0000   284557         
   1580  1505      545.0000  2209                    137.0000   286445         
   1581  1522      545.0000  2093                    137.0000   284677         
Elapsed time = 410.63 sec. (193446.75 ticks, tree = 377.05 MB, solutions = 0)
   1585  1529      545.0000  2089                    137.0000   288131         
   1587  1521      545.0000  2137                    137.0000   291527         
   1589  1528      545.0000  2152                    137.0000   292319         
   1590  1529      545.0000  2178                    137.0000   292577         
   1593  1532      545.0000  2122                    137.0000   292918         
   1596  1535      545.0000  2086                    137.0000   293744         
   1598  1537      545.0000  2149                    137.0000   294206         
   1603  1542      545.0000  2064                    137.0000   294457         
   1605  1544      545.0000  2058                    137.0000   294678         
   1613  1552      545.0000  2045                    137.0000   295732         
Elapsed time = 454.74 sec. (211973.21 ticks, tree = 385.79 MB, solutions = 0)
   1631  1570      545.0000  2010                    137.0000   296882         
   1645  1584      545.0000  1962                    137.0000   297713         
   1653  1592      545.0000  1938                    137.0000   297976         
   1662   991      681.0000  3277                    137.0000   237155         
   1672  1611      545.0000  1952                    137.0000   343622         
   1694  1631      545.0000  1915                    137.0000   344615         
   1723  1657      545.0000  1881                    137.0000   381024         
   1730  1662      545.0000  1870                    137.0000   381327         
   1767  1687      545.0000  1857                    137.0000   382924         
   1802  1703      545.0000  1850                    137.0000   384182         
Elapsed time = 673.22 sec. (313032.17 ticks, tree = 427.76 MB, solutions = 0)
   1836  1751      545.0000  1833                    137.0000   393927         
   1839  1436      681.0000  3273                    137.0000   307035         
   1840  1727      409.0000  2316                    137.0000   394225         
   1860  1788      409.0000  2194                    137.0000   443441         
   1893  1821      409.0000  2106                    137.0000   444463         
   1905  1833      545.0000  2150                    137.0000   448236         
   1919  1847      545.0000  2113                    137.0000   452270         
   1927  1531      681.0000  3454                    137.0000   348980         
   1939  1855      545.0000  2044                    137.0000   512102         
   1941  1601      681.0000  3431                    137.0000   352757         
Elapsed time = 911.53 sec. (426122.23 ticks, tree = 399.35 MB, solutions = 0)
   1945  1856      545.0000  1937                    137.0000   570521         
   1952  1754      681.0000  3366                    137.0000   440091         
   1953  1857      545.0000  2036                    137.0000   512127         
   1973  1900      545.0000  2002                    137.0000   614918         
   1990  1917      545.0000  1944                    137.0000   616014         
   1993  1863      545.0000  1916                    137.0000   570993         
   2013  1920      545.0000  1951                    137.0000   616329         
   2029  1913      545.0000  1873                    137.0000   620122         
   2035  1957      582.0000  2063                    137.0000   627027         
   2049  1971      545.0000  1875                    137.0000   628086         
Elapsed time = 1147.12 sec. (537603.06 ticks, tree = 502.49 MB, solutions = 0)
   2067  1989      545.0000  1872                    137.0000   629130         
   2079  2001      545.0000  1872                    137.0000   630172         
   2090  2012      545.0000  1886                    137.0000   631000         
   2108  2030      545.0000  1804                    137.0000   632118         
   2115  2037      545.0000  1856                    137.0000   633788         
   2129  2051      545.0000  1784                    137.0000   635029         
   2145  2067      545.0000  1779                    137.0000   636618         
   2148  1869      681.0000  3240                    137.0000   656740         
   2149  1066      681.0000  3454                    137.0000   333796         
   2151  2061      545.0000  2044                    137.0000   809614         
Elapsed time = 1534.24 sec. (677823.87 ticks, tree = 526.88 MB, solutions = 0)
   2156  2066      545.0000  1996                    137.0000   809861         
   2182  2092      545.0000  1948                    137.0000   810969         
   2202  2112      545.0000  1927                    137.0000   811920         
   2217  2127      545.0000  1913                    137.0000   812922         
   2236  2146      545.0000  1898                    137.0000   814219         
   2248  2158      545.0000  1892                    137.0000   815429         
   2256  1945      681.0000  3133                    137.0000   715593         
   2260  2166      545.0000  1857                    137.0000   815714         
   2280  1747      681.0000  3300                    137.0000   572948         
   2281  1201      681.0000  3417                    137.0000   451405         
Elapsed time = 1800.46 sec. (880360.98 ticks, tree = 287.14 MB, solutions = 0)
   2282  2053      681.0000  3079                    137.0000   729055         

Clique cuts applied:  102
Cover cuts applied:  213
Implied bound cuts applied:  3106
Mixed integer rounding cuts applied:  1284
Zero-half cuts applied:  582
Gomory fractional cuts applied:  29

Root node processing (before b&c):
  Real time             =  123.89 sec. (81250.40 ticks)
Parallel b&c, 8 threads:
  Real time             = 1676.71 sec. (866315.10 ticks)
  Sync time (average)   =  122.96 sec.
  Wait time (average)   =    0.00 sec.
                          ------------
Total (root+branch&cut) = 1800.59 sec. (947565.50 ticks)
! --------------------------------------------------------
! Problem is UNKNOWN
! CPLEX Status = AbortTimeLim
! --------------------------------------------------------
