! Solving for graph /home/truongxuanhieu/CPLEX-MIP-for-MinSpanLabeling/benchmarks/abp/X-can__715.mtx.rnd
! Target value is set to 116
! Lower bound is set to 117
! Upper bound is set to 715
! Time limit is set to 1800
! Vertices mode is set to No hole
! Target value mode is set to Antibandwidth
Version identifier: 22.2.0.0 | 2026-05-04 | 5dff98e58
CPXPARAM_TimeLimit                               1800
Tried aggregator 2 times.
MIP Presolve eliminated 2977 rows and 1787 columns.
MIP Presolve modified 1021853 coefficients.
Aggregator did 8095 substitutions.
Reduced MIP has 16191 rows, 524914 columns, and 1571647 nonzeros.
Reduced MIP has 514558 binaries, 3691 generals, 0 SOSs, and 6665 indicators.
Presolve time = 3.27 sec. (3671.00 ticks)
Probing time = 2.30 sec. (817.67 ticks)
Tried aggregator 2 times.
Detecting symmetries...
Aggregator did 3 substitutions.
Reduced MIP has 16188 rows, 524911 columns, and 1571644 nonzeros.
Reduced MIP has 514558 binaries, 4403 generals, 0 SOSs, and 6665 indicators.
Presolve time = 3.62 sec. (1201.42 ticks)
Probing time = 0.53 sec. (100.66 ticks)
Clique table members: 13409.
MIP emphasis: balance optimality and feasibility.
MIP search method: dynamic search.
Parallel mode: deterministic, using up to 8 threads.
Root relaxation solution time = 2.83 sec. (1068.17 ticks)

        Nodes                                         Cuts/
   Node  Left     Objective  IInf  Best Integer    Best Bound    ItCnt     Gap

      0     0      117.0000  2167                    117.0000     4009         
      0     0      117.0000  5326                  Cuts: 4147     8701         
      0     0      117.0000  4676                  Cuts: 4147    11218         
      0     0      117.0000  4652                  Cuts: 4147    15526         
      0     0      117.0000  4555                  Cuts: 4147    19659         
      0     0      117.0000  4672                  Cuts: 1538    21996         
      0     2      117.0000  4120                    117.0000    21996         
Elapsed time = 219.35 sec. (186906.14 ticks, tree = 0.02 MB, solutions = 0)
      3     5      117.0000  4067                    117.0000    22054         
      5     7      117.0000  4036                    117.0000    22206         
      7     9      117.0000  3888                    117.0000    22314         
      9    11      117.0000  3800                    117.0000    22356         
     11     3      117.0000  4000                    117.0000    22149         
     14     8      117.0000  4018                    117.0000    22214         
     18    19      117.0000  3841                    117.0000    25969         
     22     5      117.0000  3921                    117.0000    22233         
     29    27      117.0000  3803                    117.0000    34657         
     92    39      117.0000  3651                    117.0000    43951         
Elapsed time = 229.08 sec. (190956.14 ticks, tree = 6.12 MB, solutions = 0)
    140   115      117.0000  3714                    117.0000    53140         
    199   152      117.0000  3837                    117.0000    53662         
    274   232      117.0000  3622                    117.0000    62111         
    373   282      117.0000  3677                    117.0000    64518         
    471   406      117.0000  3657                    117.0000    78195         
    543   475      117.0000  3485                    117.0000    82500         
    567   491      117.0000  3529                    117.0000    87904         
    590   517      117.0000  3240                    117.0000    95677         
    619   580      117.0000  3594                    117.0000   101276         
    686   615      233.0000  3392                    117.0000   111985         
Elapsed time = 253.39 sec. (200636.88 ticks, tree = 175.46 MB, solutions = 0)
    746   624      233.0000  3383                    117.0000   111994         
    805   724      117.0000  3598                    117.0000   117343         
    839   743      117.0000  3579                    117.0000   117362         
    862   816      117.0000  3422                    117.0000   117888         
    898   775      117.0000  3546                    117.0000   120461         
    919   841      233.0000  3257                    117.0000   125096         
    940   864      117.0000  3424                    117.0000   129711         
    946   707      233.0000  3333                    117.0000   117327         
    952   933      233.0000  3523                    117.0000   160421         
    956   936      233.0000  3500                    117.0000   162281         
Elapsed time = 284.26 sec. (211787.26 ticks, tree = 287.96 MB, solutions = 0)
    964   943      233.0000  3449                    117.0000   162311         
    971   957      317.0000  3407                    117.0000   164148         
    984   961      433.0000  3296                    117.0000   165451         
   1002   983      233.0000  3443                    117.0000   171310         
   1013   990      317.0000  3367                    117.0000   174306         
   1030   995      317.0000  3316                    117.0000   174369         
   1044  1020      349.0000  3003                    117.0000   180630         
   1069  1025      433.0000  3208                    117.0000   181338         
   1084  1047      349.0000  3004                    117.0000   187538         
   1103  1055      465.0000  2953                    117.0000   188661         
Elapsed time = 312.05 sec. (222030.38 ticks, tree = 330.38 MB, solutions = 0)
   1121  1073      358.4230  4254                    117.0000   199000         
   1140  1102      349.0000  3011                    117.0000   205305         
   1160  1124      349.0000  2869                    117.0000   206681         
   1186   890      465.0000  3167                    117.0000   139281         
   1204  1133      317.0000  3274                    117.0000   209540         
   1225  1167      317.0000  3255                    117.0000   220037         
   1234  1169      317.0000  3258                    117.0000   220130         
   1253  1177      317.0000  3238                    117.0000   220555         
   1279  1201      349.0000  2959                    117.0000   230794         
   1313  1210      349.0000  2925                    117.0000   231078         
Elapsed time = 336.91 sec. (231982.31 ticks, tree = 389.22 MB, solutions = 0)
   1350  1233      283.0000  3383                    117.0000   239176         
   1392  1247      233.0000  3380                    117.0000   244818         
   1439  1316      317.0000  3141                    117.0000   245989         
   1471  1392      317.0000  3166                    117.0000   263218         
   1501  1371      233.0000  3136                    117.0000   264849         
   1536  1408      317.0000  3140                    117.0000   263425         
   1568  1455      349.0000  3088                    117.0000   266477         
   1591  1505      349.0000  3026                    117.0000   269930         
   1621  1468      349.0000  3025                    117.0000   266704         
   1651  1549      349.0000  2986                    117.0000   270649         
Elapsed time = 360.82 sec. (241846.20 ticks, tree = 515.48 MB, solutions = 0)
   1682  1594      349.0000  2888                    117.0000   274045         
   1705  1539      465.0000  2785                    117.0000   272211         
   1729  1668      349.0000  2892                    117.0000   280705         
   1749  1632      349.0000  3013                    117.0000   280191         
   1768  1660      349.0000  2964                    117.0000   279346         
   1794  1710      349.0000  2937                    117.0000   292508         
   1819  1688      349.0000  2711                    117.0000   286564         
   1836  1721      465.0000  2841                    117.0000   294647         
   1858  1744      349.0000  3020                    117.0000   298287         
   1873  1770      349.0000  2768                    117.0000   300147         
Elapsed time = 384.59 sec. (251764.63 ticks, tree = 597.81 MB, solutions = 0)
   1896  1756      465.0000  2746                    117.0000   296987         
   1920  1809      317.0000  3084                    117.0000   316145         
   1942  1843      465.0000  2749                    117.0000   322909         
   1956  1848      465.0000  2703                    117.0000   323270         
   1970  1825      465.0000  2859                    117.0000   318333         
   1975  1862      433.0000  3032                    117.0000   324929         
   1981  1868      349.0000  2944                    117.0000   326161         
   1987  1874      349.0000  2946                    117.0000   326748         
   1995  1880      433.0000  2948                    117.0000   327687         
   2001  1898      465.0000  2879                    117.0000   350945         
Elapsed time = 410.24 sec. (262707.88 ticks, tree = 643.75 MB, solutions = 0)
   2008  1905      465.0000  2831                    117.0000   352080         
   2015  1912      433.0000  2981                    117.0000   352915         
   2018  1915      465.0000  2826                    117.0000   354775         
   2028  1925      465.0000  2754                    117.0000   355040         
   2035  1932      465.0000  2719                    117.0000   355268         
   2041  1853      581.0000  2899                    117.0000   334360         
   2046  1948      117.0000  3499                    117.0000   367239         
   2050  1952      233.0000  3399                    117.0000   369851         
   2052  1954      233.0000  3469                    117.0000   372530         
   2053  1955      233.0000  3372                    117.0000   375187         
Elapsed time = 446.19 sec. (279438.21 ticks, tree = 665.25 MB, solutions = 0)
   2058  1960      233.0000  3454                    117.0000   375870         
   2061  1963      465.0000  3349                    117.0000   378523         
   2069  1971      349.0000  3198                    117.0000   378637         
   2076  1978      349.0000  3239                    117.0000   378894         
   2084  1986      349.0000  3160                    117.0000   379005         
   2103  2001      465.0000  2731                    117.0000   395028         
   2114  2001      465.0000  3135                    117.0000   380474         
   2124  2027      349.0000  3069                    117.0000   396658         
   2127  2030      465.0000  3121                    117.0000   398455         
   2139  1938      581.0000  3076                    117.0000   370085         
Elapsed time = 479.39 sec. (294114.84 ticks, tree = 658.43 MB, solutions = 0)
   2149  1831      581.0000  3156                    117.0000   343147         
   2205  2078      465.0000  2672                    117.0000   462443         
   2267  2115      465.0000  2780                    117.0000   527416         
   2280  2028      581.0000  3171                    117.0000   424426         
   2286  2101      581.0000  3090                    117.0000   539626         
   2287  2134      233.0000  3473                    117.0000   537450         
   2307  2122      581.0000  3576                    117.0000   545788         
   2312  2208      465.0000  2730                    117.0000   578598         
   2317  2136      581.0000  3409                    117.0000   566306         
   2318  2085      581.0000  2788                    117.0000   482907         
Elapsed time = 606.58 sec. (355682.12 ticks, tree = 712.09 MB, solutions = 0)
   2323  2231      465.0000  2640                    117.0000   607787         
   2348  2262      465.0000  2638                    117.0000   629785         
   2372  2282      465.0000  2868                    117.0000   675315         
   2410  2310      401.0000  2931                    117.0000   676107         
   2445  2354      433.0000  2842                    117.0000   741742         
   2472  2322      549.0000  3067                    117.0000   742646         
   2491  2363      549.0000  2921                    117.0000   750803         
   2516  2384      523.0000  2825                    117.0000   764498         
   2542  2401      549.0000  2817                    117.0000   768879         
   2565  2339      465.0000  2851                    117.0000   743109         
Elapsed time = 703.37 sec. (401304.89 ticks, tree = 807.67 MB, solutions = 0)
   2578  2388      581.0000  3367                    117.0000   814732         
   2579  2394      581.0000  3098                    117.0000   819116         
   2580  2438      581.0000  3365                    117.0000   853563         
   2589  2441      465.0000  2678                    117.0000   820535         
   2602  2528      549.0000  2782                    117.0000   892768         
   2609  2377      581.0000  2719                    117.0000   780105         
   2610  2482      581.0000  3337                    117.0000   864049         
   2612  2509      465.0000  2802                    117.0000   890036         
   2614  2524      581.0000  2782                    117.0000   917063         
   2616  2525      581.0000  3408                    117.0000   938140         
Elapsed time = 851.04 sec. (468459.70 ticks, tree = 876.15 MB, solutions = 0)
   2618  2534      581.0000  2801                    117.0000   941010         
   2620  2533      581.0000  3272                    117.0000   948931         
   2621  2525      581.0000  3311                    117.0000   933836         
   2622  2549      465.0000  2601                    117.0000   980980         
   2623  2534      581.0000  3274                    117.0000   964099         
   2624  2485      581.0000  3081                    117.0000   906473         
   2625  2561      581.0000  2886                    117.0000  1065506         
   2628  2560      581.0000  3177                    117.0000  1072516         
   2634  2561    infeasible                          117.0000  1128093         
   2635  2566      581.0000  3189                    117.0000  1154123         
Elapsed time = 1160.62 sec. (595403.41 ticks, tree = 891.74 MB, solutions = 0)
   2638  2571      581.0000  3122                    117.0000  1174079         
   2651  2569      581.0000  3231                    117.0000  1182494         
   2657  2551      697.0000  4606                    117.0000  1046194         
   2658  2576      581.0000  2821                    117.0000  1305309         
   2659  2557      697.0000  4436                    117.0000  1072799         
   2662  2583      581.0000  3424                    117.0000  1382539         
   2664  2577      581.0000  2892                    117.0000  1358193         
   2667  2579      581.0000  2920                    117.0000  1358930         
   2679  2604      581.0000  2823                    117.0000  1412664         
   2681  2584      581.0000  3478                    117.0000  1389957         
Elapsed time = 1289.86 sec. (660581.43 ticks, tree = 898.58 MB, solutions = 0)
   2684  2608      581.0000  2798                    117.0000  1415047         
   2691  2617      581.0000  2744                    117.0000  1423708         
   2693  2600      581.0000  3297                    117.0000  1421275         
   2695  2580      581.0000  3312                    117.0000  1396883         
   2699  2602      581.0000  3269                    117.0000  1429764         
   2701  2560    infeasible                          117.0000  1165341         
   2703  2622      581.0000  3192                    117.0000  1460295         
   2704  2596      581.0000  2875                    117.0000  1426570         
   2705  2569      581.0000  3071                    117.0000  1216260         
   2706  2625      581.0000  3276                    117.0000  1471518         
Elapsed time = 1420.65 sec. (720373.94 ticks, tree = 914.08 MB, solutions = 0)
   2707  2623      581.0000  3227                    117.0000  1466438         
   2710  2636      581.0000  2730                    117.0000  1674791         
   2725  2651      581.0000  2750                    117.0000  1675632         
   2753  2675      581.0000  2644                    117.0000  1676562         
   2771  2691      581.0000  2648                    117.0000  1677411         
   2783  2707      581.0000  2671                    117.0000  1692729         
   2799  2721      581.0000  2656                    117.0000  1693532         
   2815  2737      581.0000  2680                    117.0000  1694416         
   2826  2716      581.0000  2877                    117.0000  1697043         
   2841  2717      581.0000  2852                    117.0000  1698584         
Elapsed time = 1507.90 sec. (769296.53 ticks, tree = 949.79 MB, solutions = 0)
   2843  2750      581.0000  2658                    117.0000  1699514         
   2845  2719      581.0000  2850                    117.0000  1700885         
   2848  2717      581.0000  3000                    117.0000  1707621         
   2855  2721      581.0000  2929                    117.0000  1740208         
   2858  2531      665.0000  4010                    117.0000  1040077         
   2859  2794      549.0000  2846                    117.0000  1941027         
   2865  2796      581.0000  3383                    117.0000  1949672         
   2871  2798      581.0000  3218                    117.0000  1950295         
   2875  2802      581.0000  2996                    117.0000  1963338         
   2877  2778      581.0000  2994                    117.0000  1800613         
Elapsed time = 1615.90 sec. (818932.02 ticks, tree = 970.73 MB, solutions = 0)
   2878  2813      581.0000  2983                    117.0000  1978852         
   2891  2821      581.0000  2964                    117.0000  1979518         
   2893  2799      581.0000  3176                    117.0000  1956612         
   2905  2816      581.0000  2817                    117.0000  1978176         
   2912  2833      581.0000  2816                    117.0000  2013723         
   2914  2834      581.0000  2814                    117.0000  2015067         
   2919  2829      549.0000  2842                    117.0000  2019103         
   2920  2835      581.0000  2834                    117.0000  2019663         
   2922  2838      581.0000  3027                    117.0000  2031076         
   2924  2778      581.0000  2855                    117.0000  1792568         
Elapsed time = 1771.44 sec. (887490.89 ticks, tree = 971.87 MB, solutions = 0)
   2925  2824      581.0000  3451                    117.0000  2005809         
   2926  2837      581.0000  2819                    117.0000  2026993         
   2941  2870      581.0000  3364                    117.0000  2106849         

Clique cuts applied:  382
Cover cuts applied:  278
Implied bound cuts applied:  4943
Mixed integer rounding cuts applied:  2276
Zero-half cuts applied:  544
Lift and project cuts applied:  4
Gomory fractional cuts applied:  20

Root node processing (before b&c):
  Real time             =  217.91 sec. (186402.33 ticks)
Parallel b&c, 8 threads:
  Real time             = 1582.50 sec. (736455.00 ticks)
  Sync time (average)   =  210.49 sec.
  Wait time (average)   =    0.00 sec.
                          ------------
Total (root+branch&cut) = 1800.40 sec. (922857.33 ticks)
! --------------------------------------------------------
! Problem is UNKNOWN
! CPLEX Status = AbortTimeLim
! --------------------------------------------------------
