! Solving for graph /home/truongxuanhieu/CPLEX-MIP-for-MinSpanLabeling/benchmarks/abp/O-impcol_d.mtx.rnd
! Target value is set to 90
! Lower bound is set to 91
! Upper bound is set to 318
! Time limit is set to 1800
! Vertices mode is set to Has hole
! Target value mode is set to Antibandwidth
Version identifier: 22.2.0.0 | 2026-05-04 | 5dff98e58
CPXPARAM_TimeLimit                               1800
Tried aggregator 2 times.
MIP Presolve eliminated 1268 rows and 1009 columns.
MIP Presolve modified 135416 coefficients.
Aggregator did 3809 substitutions.
Reduced MIP has 7195 rows, 141335 columns, and 287744 nonzeros.
Reduced MIP has 136683 binaries, 1693 generals, 0 SOSs, and 2959 indicators.
Presolve time = 0.47 sec. (615.15 ticks)
Probing time = 0.95 sec. (287.66 ticks)
Tried aggregator 1 time.
Detecting symmetries...
Reduced MIP has 7195 rows, 141335 columns, and 287744 nonzeros.
Reduced MIP has 136683 binaries, 2118 generals, 0 SOSs, and 2959 indicators.
Presolve time = 0.42 sec. (215.51 ticks)
Probing time = 0.10 sec. (28.79 ticks)
Clique table members: 6602.
MIP emphasis: balance optimality and feasibility.
MIP search method: dynamic search.
Parallel mode: deterministic, using up to 8 threads.
Root relaxation solution time = 0.40 sec. (215.04 ticks)

        Nodes                                         Cuts/
   Node  Left     Objective  IInf  Best Integer    Best Bound    ItCnt     Gap

      0     0       91.0000   937                     91.0000     1400         
      0     0       91.0000  2559                  Cuts: 1898     3582         
      0     0       91.0000  2120                  Cuts: 1898     4613         
      0     0       91.0000  1988                  Cuts: 1898     5834         
      0     0       91.0000  1968                  Cuts: 1898     7825         
      0     0       91.0000  2077                  Cuts: 1834     9370         
Detecting symmetries...
Detecting symmetries...
      0     2       91.0000  2077                     91.0000     9370         
Elapsed time = 27.34 sec. (23429.18 ticks, tree = 0.02 MB, solutions = 0)
      6     4       91.0000  2008                     91.0000     9434         
     37    21       91.0000  1988                     91.0000    13473         
     70    30       91.0000  1934                     91.0000    14690         
    121   103       91.0000  1832                     91.0000    19336         
    188   163       91.0000  1755                     91.0000    19786         
    272   207      181.0000  1586                     91.0000    20103         
    323   270       91.0000  1589                     91.0000    23865         
    399   339       91.0000  1562                     91.0000    30070         
    455   420      181.0000  1511                     91.0000    36187         
    524   452       91.0000  1489                     91.0000    41486         
Elapsed time = 37.76 sec. (26792.97 ticks, tree = 45.34 MB, solutions = 0)
    527   524      206.0000  1444                     91.0000    52241         
    569   561      206.0000  1361                     91.0000    52874         
    674   615      181.0000  1519                     91.0000    65133         
    790   686      181.0000  1488                     91.0000    83200         
    958   750      123.6613  2300                     91.0000    90806         
   1142   999      181.0000  1445                     91.0000   120552         
   1275  1080      271.0000  1334                     91.0000   137797         
   1466  1215      271.0000  1029                     91.0000   150579         
   1699  1434      271.0000  1104                     91.0000   167039         
   1960  1528      181.0000  1437                     91.0000   175638         
Elapsed time = 57.56 sec. (36429.96 ticks, tree = 196.84 MB, solutions = 0)
   2227  1880      181.0000  1355                     91.0000   191274         
   2444  1943      181.0000  1433                     91.0000   196786         
   2670  2166      181.0000  1260                     91.0000   213262         
   2906  2369      271.0000  1017                     91.0000   219221         
   3073  2528      271.0000  1114                     91.0000   232647         
   3264  2749      271.0000  1266                     91.0000   257032         
   3411  2891      271.0000  1124                     91.0000   270627         
   3665  3045      271.0000  1126                     91.0000   291166         
   3907  3198      271.0000  1178                     91.0000   300719         
   4159  3451      271.0000  1010                     91.0000   314092         
Elapsed time = 74.96 sec. (46005.39 ticks, tree = 475.08 MB, solutions = 0)
   4431  3657      271.0000  1256                     91.0000   325778         
   4711  3994      271.0000  1269                     91.0000   335100         
   5024  4192      271.0000  1021                     91.0000   337305         
   5348  4649      271.0000   849                     91.0000   341243         
   5680  4890      271.0000  1109                     91.0000   346152         
   6009  5106      271.0000   857                     91.0000   347633         
   6246  5441      271.0000  1009                     91.0000   356598         
   6509  5707      273.0000   732                     91.0000   370038         
   6801  5873      271.0000   715                     91.0000   379626         
   7062  6233      181.0000  1600                     91.0000   392050         
Elapsed time = 91.73 sec. (55568.87 ticks, tree = 880.58 MB, solutions = 0)
   7343  6479      271.0000   650                     91.0000   399289         
   7615  6634      271.0000   612                     91.0000   404296         
   7827  6970      181.0000  1483                     91.0000   415218         
   8031  7154      271.0000  1329                     91.0000   428210         
   8323  7353      272.0000   508                     91.0000   441089         
   8584  7622      272.0000   454                     91.0000   454198         
   8874  7848      187.0000  1423                     91.0000   459826         
   9187  8059      181.0000  1131                     91.0000   470335         
   9432  8344      222.0000  1374                     91.0000   473977         
   9779  8629      271.0000  1206                     91.0000   487309         
Elapsed time = 107.82 sec. (65123.07 ticks, tree = 1232.42 MB, solutions = 0)
  10082  8980      271.0000   988                     91.0000   501069         
  10455  9227      280.0000  1258                     91.0000   501126         
  10722  9428      271.0000  1346                     91.0000   513421         
  10994  9824      271.0000  1251                     91.0000   516029         
  11311 10229      275.0000  1385                     91.0000   532159         
  11600 10442      272.0000  1222                     91.0000   542769         
  11925 10905      291.0000  1217                     91.0000   550602         
  12193 11071      271.0000  1227                     91.0000   561140         
  12432 11505      181.0000  1491                     91.0000   579013         
  12721 11564      181.0000  1134                     91.0000   582997         
Elapsed time = 124.03 sec. (74697.05 ticks, tree = 1660.84 MB, solutions = 0)
  13007 11785      271.0000  1125                     91.0000   587788         
  13276 12362      206.0000  1508                     91.0000   607133         
  13577 12470      296.0000  1174                     91.0000   607140         
  13861 12588      182.0000  1415                     91.0000   617023         
  14130 13233      297.0000  1148                     91.0000   641506         
  14413 13186      209.0000  1442                     91.0000   636921         
  14459 13710    infeasible                           91.0000   656154         
  14480 13713      271.0000  1111                     91.0000   658631         
  14622 13772      276.0000  1273                     91.0000   659019         
  14773 13738      181.0000  1427                     91.0000   663687         
Elapsed time = 148.81 sec. (85218.81 ticks, tree = 1978.89 MB, solutions = 0)
  14989 13941      271.0000  1044                     91.0000   668862         
  15281 14121      181.0000  1444                     91.0000   690756         
  15577 14418      181.0000  1059                     91.0000   705214         
  15879 14696      274.0000  1270                     91.0000   707831         
  16121 14906      181.0000  1491                     91.0000   720243         
  16363 15361      272.0000   935                     91.0000   728526         
  16646 15471      271.0000  1191                     91.0000   742797         
  16749 15511      271.0000  1105                     91.0000   743892         

Performing restart 1

Repeating presolve.
Tried aggregator 1 time.
MIP Presolve eliminated 0 rows and 315 columns.
Reduced MIP has 7195 rows, 141020 columns, and 287114 nonzeros.
Reduced MIP has 136368 binaries, 2118 generals, 0 SOSs, and 2959 indicators.
Presolve time = 0.20 sec. (146.21 ticks)
Tried aggregator 1 time.
Reduced MIP has 7195 rows, 141020 columns, and 287114 nonzeros.
Reduced MIP has 136368 binaries, 2118 generals, 0 SOSs, and 2959 indicators.
Presolve time = 0.40 sec. (218.81 ticks)
Represolve time = 2.21 sec. (836.92 ticks)
  16757     0       91.0000  2620                  Cuts: 1898   773786         
  16757     0       91.0000  2957                  Cuts: 1898   776319         
  16757     0       91.0000  2816                  Cuts: 1898   778596         
  16757     0       91.0000  2880                  Cuts: 1898   780575         
  16757     0       91.0000  3179                  Cuts: 1898   785001         
  16757     2       91.0000  2176                     91.0000   785001         
  16767    11      181.0000  1512                     91.0000   786611         
Elapsed time = 267.41 sec. (181798.18 ticks, tree = 0.23 MB, solutions = 0)
  16810    30      182.0000  1483                     91.0000   789374         
  16994   143      181.0000  1437                     92.0000   803815         
  17265   391      182.0000  1276                     92.0000   807562         
  17655   634      272.0000  1072                     92.0000   810659         
  17963   992      272.0000  1005                     92.0000   815904         
  18190  1248      272.0000   971                     92.0000   821073         
  18426  1537      296.0000   904                     92.0000   829950         
  18475  1548      271.0000  1119                     92.0000   830547         
  18482  1639      181.0000  1814                     92.0000   834577         
  18483  1651    infeasible                           92.0000   834340         
Elapsed time = 293.07 sec. (192418.43 ticks, tree = 172.29 MB, solutions = 0)
  18529  1667      160.0000  1897                     92.0000   838446         
  18610  1695      226.0000  1501                     92.0000   843097         
  18729  1795      182.0000  1428                     92.0000   851283         
  18890  1894      241.0000  1312                     92.0000   858745         
  19103  2105      271.0000  1050                    106.9718   870861         
  19370  2259      313.0000  1028                    106.9718   878340         
  19605  2541      271.0000  1090                    106.9718   887936         
  19897  2700      181.0000  1496                    106.9718   892092         
  20095  2963      271.0000   936                    106.9718   901722         
  20798  3777    infeasible                          136.0000   939742         
Elapsed time = 326.48 sec. (206634.05 ticks, tree = 437.99 MB, solutions = 0)
  21333  4173      181.0000  1613                    136.0000   952081         
  22170  4847      272.0000   905                    136.0000   974176         
  23118  5721      271.0000   857                    136.0000   994724         
  23354  6053      271.0000  1337                    136.0000  1008503         
  23918  6451      181.0000  1401                    136.0000  1026714         
  24767  7473      271.0000  1598                    136.0000  1064296         
  25658  8096      313.0000   962                    136.0000  1088530         
  25972  8737    infeasible                          136.0000  1113982         
  26691  9103      185.0000  1505                    136.0000  1129279         
  27582 10068      271.0000  1185                    136.0000  1157524         
Elapsed time = 415.79 sec. (245629.10 ticks, tree = 1222.70 MB, solutions = 0)

Performing restart 2

Repeating presolve.
Tried aggregator 1 time.
MIP Presolve modified 159 coefficients.
Reduced MIP has 7195 rows, 141020 columns, and 357997 nonzeros.
Reduced MIP has 136368 binaries, 2118 generals, 0 SOSs, and 2959 indicators.
Presolve time = 0.26 sec. (178.98 ticks)
Tried aggregator 1 time.
Reduced MIP has 7195 rows, 141020 columns, and 357997 nonzeros.
Reduced MIP has 136368 binaries, 2118 generals, 0 SOSs, and 2959 indicators.
Presolve time = 0.44 sec. (244.40 ticks)
Represolve time = 3.57 sec. (1694.72 ticks)
  28208     0       91.0000  3195                  Cuts: 1898  1190952         
  28208     0       91.0000  3170                  Cuts: 1898  1193361         
  28208     0       91.0000  3203                  Cuts: 1898  1195824         
  28208     0       91.0000  3308                  Cuts: 1898  1199599         
  28208     0       91.0000  3141                  Cuts: 1898  1202458         
  28208     0       91.0000  3059                  Cuts: 1898  1205454         
  28208     0       91.1292  3862                  Cuts: 1898  1208457         
  28208     0       93.8846  3465                  Cuts: 1898  1210655         
  28208     0       95.2811  3457                  Cuts: 1898  1212348         
  28208     0       98.3643  3256                  Cuts: 1468  1215077         
  28208     0       98.4723  3288                  Cuts: 1898  1217389         
  28208     2       98.4723  2721                    136.0000  1217389         
  28315    90      181.0000  1692                    136.0000  1222448         
  28577   326      271.0000  1303                    136.0000  1232254         
  28850   515      184.0000  1453                    136.0000  1237570         
  29116   830      257.0000  1255                    136.0000  1245072         
  29397  1058      272.0000  1048                    136.0000  1253235         
  29683  1345      159.0000  1925                    136.0000  1265837         
  29956  1552      273.0000  1182                    136.0000  1273414         
  30212  1760      272.0000  1138                    136.0000  1283968         
  30501  2103      271.0000  1177                    136.0000  1295264         
Elapsed time = 1021.74 sec. (899686.10 ticks, tree = 217.95 MB, solutions = 0)
  30790  2335      271.0000  1092                    136.0000  1300688         
  31083  2608      271.0000   961                    136.0000  1308053         
  31369  2900      271.0000  1245                    159.0000  1317392         
  31668  3160      271.0000  1001                    181.0000  1326382         
  31978  3400      272.0000   977                    181.0000  1332209         
  32287  3684      298.0000   868                    181.0000  1339884         
  32604  4070      272.0000   832                    181.0000  1351745         
  32917  4413      272.0000   747                    181.0000  1360153         
  33243  4588      272.0000   856                    181.0000  1364481         
  33567  4814      273.0000   903                    181.0000  1370295         
Elapsed time = 1107.70 sec. (937954.48 ticks, tree = 525.04 MB, solutions = 0)
  33899  5124    infeasible                          181.0000  1382823         
  34202  5510    infeasible                          181.0000  1392835         
  34513  5755      279.0000   879                    181.0000  1405919         
  34836  6076      271.0000   947                    181.0000  1418321         
  35143  6236      311.0000   822                    181.0000  1424371         
  35478  6527      282.0000   902                    181.0000  1434172         
  35781  6865      271.0000   829                    181.0000  1444286         
  36115  7046      272.0000   826                    181.0000  1452046         
  36419  7381      271.0000   894                    181.0000  1463757         
  36744  7631      271.0000   939                    181.0000  1474888         
Elapsed time = 1192.97 sec. (976168.02 ticks, tree = 846.02 MB, solutions = 0)
  37061  7972      271.0000  1022                    181.0000  1486867         
  37389  8179      272.0000   746                    181.0000  1493160         
  37720  8423      271.0000   838                    181.0000  1501795         
  38045  8775      271.0000   906                    181.0000  1511650         
  38342  9066      282.0000   890                    181.0000  1522212         
  38649  9217      271.0000   901                    181.0000  1529529         
  38984  9687      272.0000   727                    181.0000  1549188         
  39319  9956      272.0000   798                    181.0000  1556857         
  39671 10322      271.0000   872                    181.0000  1567089         
  39998 10445      271.0000   840                    181.0000  1570543         
Elapsed time = 1277.99 sec. (1014398.90 ticks, tree = 1166.74 MB, solutions = 0)
  40327 10915      271.0000   832                    181.0000  1584811         
  40662 11094      272.0000   743                    181.0000  1590313         
  40986 11450      271.0000   780                    181.0000  1600529         
  41295 11632      221.0000  1077                    181.0000  1608242         
  41632 12046      271.0000   819                    181.0000  1621492         
  41975 12225      272.0000   803                    181.0000  1627313         
  42314 12450      286.0000   727                    181.0000  1633351         
  42660 12703      271.0000   856                    181.0000  1642463         
  42987 13135      287.0000   530                    181.0000  1654927         
  43319 13283      271.0000   774                    181.0000  1660374         
Elapsed time = 1361.43 sec. (1052643.89 ticks, tree = 1490.36 MB, solutions = 0)
  43632 13657      271.0000   811                    181.0000  1670919         
  43974 13891      272.0000   639                    181.0000  1678467         
  44298 14184    infeasible                          181.0000  1688958         
  44624 14461      271.0000   749                    181.0000  1696914         
  44972 14777      272.0000   709                    181.0000  1706983         
  45321 15089      272.0000   633                    181.0000  1715312         
  45656 15654      271.0000   836                    181.0000  1735134         
  45998 15868      271.0000   723                    181.0000  1744283         
  46361 16193      271.0000   789                    181.0000  1753936         
  46680 16471      272.0000   821                    181.0000  1762495         
Elapsed time = 1444.22 sec. (1090839.74 ticks, tree = 1854.54 MB, solutions = 0)
  47010 16733      274.0000   831                    181.0000  1771721         
  47322 16810      273.0000   645                    181.0000  1774087         
  47650 17125      271.0000   748                    181.0000  1784169         
  47986 17431      271.0000   825                    181.0000  1794027         
  48329 17758      272.0000   748                    181.0000  1806069         
  48681 17945      271.0000   785                    181.0000  1810788         
  49027 18440      271.0000   788                    181.0000  1825756         
  49360 18848      271.0000   797                    181.0000  1837471         
  49695 19193      271.0000   788                    181.0000  1850008         
  50029 19326      271.0000   850                    181.0000  1854425         
Elapsed time = 1530.34 sec. (1129165.09 ticks, tree = 2180.68 MB, solutions = 0)
Nodefile size = 121.77 MB (64.58 MB after compression)
  50379 19727      274.0000   597                    181.0000  1866656         
  50714 20149      271.0000   761                    181.0000  1882031         
  51035 20336      271.0000   842                    181.0000  1887954         
  51353 20622      272.0000   843                    181.0000  1900251         
  51678 20747      272.0000   928                    181.0000  1906634         
  52020 20942      272.0000   936                    181.0000  1912287         
  52321 21377      271.0000   868                    181.0000  1928731         
  52647 21697      271.0000   913                    181.0000  1942835         
  52986 21993      271.0000   897                    181.0000  1961052         
  53313 22032      271.0000   797                    181.0000  1962280         
Elapsed time = 1614.16 sec. (1167466.07 ticks, tree = 2487.90 MB, solutions = 0)
Nodefile size = 424.98 MB (225.39 MB after compression)
  53650 22660      272.0000   651                    181.0000  1981252         
  53973 22576      272.0000   613                    181.0000  1978653         
  54308 22857      271.0000   970                    181.0000  1989489         
  54641 23361      271.0000   787                    181.0000  2005996         
  54978 23760    infeasible                          181.0000  2019394         
  55312 24092      311.0000   825                    181.0000  2033745         
  55648 24323      271.0000   782                    181.0000  2041830         
  55982 24549      271.0000   872                    181.0000  2052155         
  56307 24840      271.0000   856                    181.0000  2062062         
  56641 25177      271.0000   653                    181.0000  2075485         
Elapsed time = 1698.19 sec. (1205682.05 ticks, tree = 2845.71 MB, solutions = 0)
Nodefile size = 785.63 MB (415.83 MB after compression)
  56990 25455      272.0000   661                    181.0000  2089439         
  57307 25952      181.0000  1183                    181.0000  2106937         
  57638 26058      181.0000  1060                    181.0000  2109458         
  57973 26028      272.0000   716                    181.0000  2110360         
  58295 26350      271.0000   932                    181.0000  2119656         
  58625 26966      271.0000   866                    181.0000  2144749         
  58965 27005      272.0000   803                    181.0000  2145940         
  59298 27312      272.0000   684                    181.0000  2156774         
  59649 27488      271.0000   863                    181.0000  2162778         
  59977 27880      271.0000   803                    181.0000  2176491         
Elapsed time = 1782.12 sec. (1243976.30 ticks, tree = 3153.42 MB, solutions = 0)
Nodefile size = 1087.18 MB (574.92 MB after compression)
  60308 28204      271.0000   807                    181.0000  2187375         
  60641 28746      271.0000   718                    181.0000  2203700         

GUB cover cuts applied:  156
Clique cuts applied:  8
Cover cuts applied:  19
Implied bound cuts applied:  282
Flow cuts applied:  5
Mixed integer rounding cuts applied:  441
Zero-half cuts applied:  5
Gomory fractional cuts applied:  2

Root node processing (before b&c):
  Real time             =   27.04 sec. (23343.62 ticks)
Parallel b&c, 8 threads:
  Real time             = 1775.25 sec. (1229386.51 ticks)
  Sync time (average)   =  120.94 sec.
  Wait time (average)   =    0.37 sec.
                          ------------
Total (root+branch&cut) = 1802.29 sec. (1252730.12 ticks)
! --------------------------------------------------------
! Problem is UNKNOWN
! CPLEX Status = AbortTimeLim
! --------------------------------------------------------
