! Solving for graph /home/truongxuanhieu/CPLEX-MIP-for-MinSpanLabeling/benchmarks/abp/P-can__445.mtx.rnd
! Target value is set to 67
! Lower bound is set to 68
! Upper bound is set to 333
! Time limit is set to 1800
! Vertices mode is set to Has hole
! Target value mode is set to Antibandwidth
Version identifier: 22.2.0.0 | 2026-05-04 | 5dff98e58
CPXPARAM_TimeLimit                               1800
Tried aggregator 2 times.
MIP Presolve eliminated 1683 rows and 1056 columns.
MIP Presolve modified 148464 coefficients.
Aggregator did 4699 substitutions.
Reduced MIP has 8955 rows, 156083 columns, and 318545 nonzeros.
Reduced MIP has 150146 binaries, 2128 generals, 0 SOSs, and 3809 indicators.
Presolve time = 0.52 sec. (749.29 ticks)
Probing time = 1.02 sec. (306.70 ticks)
Tried aggregator 1 time.
Detecting symmetries...
Reduced MIP has 8955 rows, 156083 columns, and 318545 nonzeros.
Reduced MIP has 150146 binaries, 2573 generals, 0 SOSs, and 3809 indicators.
Presolve time = 0.45 sec. (234.57 ticks)
Probing time = 0.11 sec. (31.36 ticks)
Clique table members: 6935.
MIP emphasis: balance optimality and feasibility.
MIP search method: dynamic search.
Parallel mode: deterministic, using up to 8 threads.
Root relaxation solution time = 0.52 sec. (261.01 ticks)

        Nodes                                         Cuts/
   Node  Left     Objective  IInf  Best Integer    Best Bound    ItCnt     Gap

      0     0       68.0000  1203                     68.0000     1850         
      0     0       68.0000  3020                  Cuts: 2338     4553         
      0     0       68.0000  2534                  Cuts: 2338     5814         
      0     0       68.0000  2483                  Cuts: 2338     7619         
      0     0       68.0000  2337                  Cuts: 2338     9491         
      0     0       68.0000  2360                  Cuts: 1867    10917         
Detecting symmetries...
Detecting symmetries...
      0     2       68.0000  1793                     68.0000    10917         
Elapsed time = 46.89 sec. (41065.23 ticks, tree = 0.02 MB, solutions = 0)
      9    11       68.0000  1658                     68.0000    11037         
     20    19       68.0000  2052                     68.0000    12472         
     67    51       68.0000  1762                     68.0000    20340         
    138   101       68.0000  1951                     68.0000    22857         
    223   195       68.0000  1802                     68.0000    25180         
    340   277       68.0000  1815                     68.0000    25282         
    474   390       68.0000  1791                     68.0000    25395         
    505   405      135.0000  1815                     68.0000    26750         
    539   497      135.0000  1632                     68.0000    30800         
    662   640      135.0000  1678                     68.0000    48817         
Elapsed time = 53.56 sec. (44222.24 ticks, tree = 79.93 MB, solutions = 0)
    709   705      135.0000  1646                     68.0000    57162         
    847   758      202.0000  1616                     68.0000    60963         
   1039   921      269.0000  1392                     68.0000    67248         
   1222  1099      101.5000  2607                     68.0000    80267         
   1390  1250      269.0000  1319                     68.0000    95468         
   1584  1374      269.0000  1428                     68.0000   102158         
   1770  1566      269.0000  1218                     68.0000   106035         
   1969  1781      269.0000  1305                     68.0000   117876         
   2115  1975      202.0000  1310                     68.0000   129987         
   2274  2053      202.0000  1400                     68.0000   141484         
Elapsed time = 73.79 sec. (53809.58 ticks, tree = 306.85 MB, solutions = 0)
   2434  2230      202.0000  1528                     68.0000   155194         
   2624  2345    infeasible                           68.0000   160699         
   2863  2555      269.0000  1253                     68.0000   168807         
   3082  2801      202.0000  1360                     68.0000   176434         
   3258  2930      269.0000  1112                     68.0000   178037         
   3452  3185      202.0000  1743                     68.0000   190961         
   3657  3331      269.0000  1359                     68.0000   196484         
   3898  3461    infeasible                           68.0000   200973         
   4130  3797      269.0000  1384                     68.0000   209467         
   4328  3956      202.0000  1605                     68.0000   223481         
Elapsed time = 92.15 sec. (63372.17 ticks, tree = 619.20 MB, solutions = 0)
   4541  4088      202.0000  1549                     68.0000   230644         
   4759  4303      135.0000  1803                     68.0000   241264         
   4927  4518      202.0000  1375                     68.0000   254206         
   5139  4686      202.0000  1280                     68.0000   265590         
   5427  4978      202.0000  1316                     68.0000   270427         
   5743  5264      202.0000  1292                     68.0000   271063         
   6061  5399      202.0000  1223                     68.0000   271598         
   6388  5942      202.0000  1517                     68.0000   278117         
   6590  6026      202.0000   940                     68.0000   278645         
   6865  6309      202.0000  1353                     68.0000   290169         
Elapsed time = 109.79 sec. (72955.60 ticks, tree = 1009.04 MB, solutions = 0)
   7190  6747      135.0000  1570                     68.0000   301585         
   7540  6983      202.0000  1247                     68.0000   302918         
   7853  7298      202.0000  1123                     68.0000   304152         
   8072  7586      202.0000  1640                     68.0000   320218         
   8321  7821      202.0000  1376                     68.0000   324924         

Performing restart 1

Repeating presolve.
Tried aggregator 1 time.
Reduced MIP has 8955 rows, 156083 columns, and 318545 nonzeros.
Reduced MIP has 150146 binaries, 2573 generals, 0 SOSs, and 3809 indicators.
Presolve time = 0.22 sec. (159.93 ticks)
Tried aggregator 1 time.
Reduced MIP has 8955 rows, 156083 columns, and 318545 nonzeros.
Reduced MIP has 150146 binaries, 2573 generals, 0 SOSs, and 3809 indicators.
Presolve time = 0.45 sec. (240.49 ticks)
Represolve time = 2.42 sec. (915.58 ticks)
   8385     0       68.0000  3302                  Cuts: 2338   340336         
   8385     0       68.0000  3499                  Cuts: 2338   343102         
   8385     0       68.0000  3756                  Cuts: 2338   345660         
   8385     0       68.0000  3905                  Cuts: 2338   348049         
   8385     2       68.0000  2864                     68.0000   348049         
   8405    21      135.0000  1994                     68.0000   350021         
   8462    50       85.0000  2437                     68.0000   357144         
   8557   124      135.0000  1951                     68.0000   364155         
   8626   197       77.6473  3395                     68.0000   392437         
Elapsed time = 225.95 sec. (168769.48 ticks, tree = 12.57 MB, solutions = 0)
   8813   314      135.0000  2045                     68.0000   402168         
   9029   552      142.0000  1934                     68.0000   410010         
   9206   639      190.0000  1837                     68.0000   411845         
   9211   730      219.0000  1711                     68.0000   415096         
   9215   773    infeasible                           68.0000   416272         
   9216   778      261.0000  1580                     68.0000   419083         
   9220   779      270.0000  1770                     68.0000   420288         
   9275   776      135.0000  2653                     68.0000   426713         
   9446   872      203.0000  1500                     68.0000   428904         
   9578  1039      223.0000  1582                     68.0000   437179         
Elapsed time = 263.88 sec. (180817.65 ticks, tree = 124.02 MB, solutions = 0)
   9703  1104      204.0000  1520                     68.0000   441587         
   9872  1234      204.0000  1530                     68.0000   456117         
  10058  1244      135.0000  2562                     68.0000   461453         
  10207  1514      135.0000  2143                     68.0000   468095         
  10338  1636      135.0000  2344                     69.0000   474513         
  10502  1762      135.0000  1832                     69.0000   482361         
  10677  1958      201.0000  1672                     69.0000   498280         
  10861  1968      135.0000  2622                     69.0000   502640         
  11081  2301      135.0000  2374                     69.0000   520529         
  11281  2551      135.0000  2331                     69.0000   528351         
Elapsed time = 284.69 sec. (190389.20 ticks, tree = 346.33 MB, solutions = 0)
  11459  2649      154.0000  1680                     69.0000   531910         
  11629  2925      135.0000  2630                     69.0000   556344         
  11824  3110      141.6798  2808                     69.0000   563328         
  11980  3116      169.0000  2056                     69.0000   562996         
  12169  3277      308.0000  1366                     70.0000   566838         
  12332  3511      209.0000  1709                     70.0000   573703         
  12522  3631      269.0000  1212                     70.0000   575827         
  12697  3954      229.0000  1546                     70.0000   594049         
  12847  4046      135.0000  2547                     70.0000   603014         
  12983  4148      135.0000  2700                     70.0000   610821         
Elapsed time = 304.20 sec. (199981.86 ticks, tree = 592.17 MB, solutions = 0)
  13093  4294      202.0000  1708                     70.0000   619183         
  13237  4377      135.0000  2202                     70.0000   625975         
  13363  4538      135.0000  2193                     70.0000   642259         
  13405  4575      269.0000  1502                     70.0000   644935         
  13460  4723      142.0000  2016                     70.0000   657767         
  13604  4744      135.0000  2593                     70.0000   658562         
  13820  4837      135.0000  2025                     70.0000   663988         
  14020  5086      202.0000  1481                     70.0000   667464         
  14223  5179      152.5000  2496                     70.0000   671204         
  14351  5325      142.0000  2332                     70.7605   676419         
Elapsed time = 332.92 sec. (212142.07 ticks, tree = 771.16 MB, solutions = 0)
  14503  5501      269.0000  1401                     70.7605   678993         
  14624  5702      135.0000  2918                     70.7605   692467         
  14775  5886      141.6798  2886                     70.7605   699280         
  14929  5965      135.0000  2897                     70.7605   708049         
  15094  6237      141.7605  2946                     70.7605   721692         
  15270  6320      135.0000  2508                     70.7605   725694         
  15451  6536      202.0000  1597                     70.7605   732755         
  15622  6450      147.0000  1854                     70.7605   730549         
  15770  6941      202.0000  1929                     70.7605   751274         
  16456  7357      269.0000  1535                     70.7605   772530         
Elapsed time = 356.01 sec. (224584.28 ticks, tree = 1084.63 MB, solutions = 0)
  17193  8137      202.0000  1675                     70.7605   805875         
  17929  8547      211.0000  1823                     70.7605   823387         

Performing restart 2

Repeating presolve.
Tried aggregator 1 time.
Reduced MIP has 8955 rows, 156083 columns, and 368957 nonzeros.
Reduced MIP has 150146 binaries, 2573 generals, 0 SOSs, and 3809 indicators.
Presolve time = 0.28 sec. (176.47 ticks)
Tried aggregator 1 time.
Reduced MIP has 8955 rows, 156083 columns, and 368957 nonzeros.
Reduced MIP has 150146 binaries, 2573 generals, 0 SOSs, and 3809 indicators.
Presolve time = 0.49 sec. (256.12 ticks)
Represolve time = 4.31 sec. (1897.18 ticks)
  18056     0       68.0000  4109                  Cuts: 2338   864643         
  18056     0       68.0000  4080                  Cuts: 2338   869220         
  18056     0       68.0000  4058                  Cuts: 2338   872703         
  18056     0       68.0000  4086                  Cuts: 2338   875902         
  18056     0       76.3750  4117                  Cuts: 2336   880276         
  18056     0       76.3750  4091                  Cuts: 2338   882382         
  18056     0       76.3750  4150                  Cuts: 2338   884436         
  18056     0       76.3750  3929                  Cuts: 2100   888003         
  18056     0       76.3750  4009                  Cuts: 2338   890233         
  18056     0       76.3750  3874                  Cuts: 2338   893958         
  18056     0       76.3750  4007                  Cuts: 2338   896187         
  18056     0       76.3750  4095                  Cuts: 2338   898041         
  18056     2       76.3750  3267                     79.1162   898041         
  18179    89      135.0000  2526                    135.0000   904120         
  18707   405      202.0000  1671                    135.0000   914451         
  19142  1014      292.0000  1434                    135.0000   923550         
  19537  1360      292.0000  1367                    135.0000   931803         
  20363  2138    infeasible                          135.0000   943971         
  20707  2489      202.0000  1599                    135.0000   954731         
  21081  2823      202.0000  1539                    135.0000   960511         
Elapsed time = 942.10 sec. (715367.83 ticks, tree = 382.02 MB, solutions = 0)
  21451  3103      269.0000  1378                    135.0000   967994         
  21802  3494      269.0000  1417                    135.0000   974950         
  22133  3823      202.0000  1748                    135.0000   983703         
  22479  4069      202.0000  1560                    135.0000   989432         
  22838  4509      269.0000  1351                    135.0000   997516         
  23162  4824      202.0000  1445                    135.0000  1003543         
  23499  5034      269.0000  1405                    135.0000  1010204         
  23831  5370      269.0000  1110                    135.0000  1016535         
  24171  5677      202.0000  1591                    135.0000  1026132         
  24505  6073      269.0000  1488                    135.0000  1035429         
Elapsed time = 1051.10 sec. (753610.52 ticks, tree = 849.96 MB, solutions = 0)
  24849  6390      303.0000  1353                    135.0000  1043666         
  25193  6697      270.0000  1460                    135.0000  1049515         
  25517  7114      303.0000  1221                    135.0000  1057737         
  25830  7441      269.0000  1215                    135.0000  1066272         
  26127  7546      264.0000  1304                    135.0000  1069278         
  26487  7992      202.0000  1521                    135.0000  1080500         
  26824  8264      269.0000  1026                    135.0000  1086522         
  27161  8568      272.0000  1286                    135.0000  1092517         
  27517  8844      269.0000  1214                    135.0000  1100380         
  27865  9189      269.0000  1262                    135.0000  1107586         
Elapsed time = 1156.61 sec. (791868.30 ticks, tree = 1299.85 MB, solutions = 0)
  28247  9582      269.0000  1284                    135.0000  1118385         
  28613  9971      270.0000  1331                    135.0000  1127024         
  28958 10232      270.0000  1391                    135.0000  1131995         
  29304 10717      271.0000  1308                    135.0000  1145061         
  29659 10879      317.0000  1227                    135.0000  1147708         
  29988 11404      317.0000  1149                    135.0000  1157387         
  30338 11695      317.0000  1059                    135.0000  1164089         
  30683 11928      328.0000  1075                    135.0000  1168298         
  31052 12226      270.0000  1576                    135.0000  1176076         
  31429 12521      269.0000  1222                    135.0000  1181489         
Elapsed time = 1261.28 sec. (830172.84 ticks, tree = 1780.46 MB, solutions = 0)
  31772 12901      269.0000  1628                    135.0000  1190031         
  32127 13218      269.0000  1029                    135.0000  1196530         
  32486 13709      269.0000  1258                    135.0000  1206100         
  32838 13942      202.0000  1576                    135.0000  1211086         
  33188 14292      202.0000  1432                    135.0000  1217622         
  33519 14585      314.0000  1129                    135.0000  1224173         
  33901 14834      270.0000  1448                    135.0000  1231244         
  34220 15255      314.0000  1329                    135.0000  1239298         
  34547 15522      247.0000  1320                    135.0000  1245905         
  34919 15847      247.0000  1232                    135.0000  1252204         
Elapsed time = 1366.63 sec. (868419.03 ticks, tree = 2259.65 MB, solutions = 0)
Nodefile size = 198.67 MB (111.39 MB after compression)
  35279 16140      218.0000  1370                    135.0000  1258785         
  35639 16675      202.0000  1687                    135.0000  1270371         
  36003 17186      314.0000  1307                    135.0000  1279005         
  36355 17396      269.0000  1365                    135.0000  1282898         
  36712 17670      328.0000  1144                    135.0000  1289732         
  37069 18076      328.0000  1062                    135.0000  1297173         
  37420 18423      202.0000  1613                    135.0000  1306648         
  37776 18786      202.0000  1514                    135.0000  1314923         
  38128 18886      314.0000  1400                    135.0000  1316591         
  38493 19309      314.0000  1323                    135.0000  1325122         
Elapsed time = 1474.43 sec. (906642.02 ticks, tree = 2758.67 MB, solutions = 0)
Nodefile size = 696.58 MB (390.18 MB after compression)
  38817 19702      314.0000  1197                    135.0000  1332744         
  39143 20068      202.0000  1599                    135.0000  1342388         
  39504 20278      202.0000  1343                    135.0000  1346390         
  39863 20497      269.0000  1210                    135.0000  1351211         
  40224 20880      202.0000  1454                    135.0000  1358236         
  40578 21359      202.0000  1312                    135.0000  1367978         
  40899 21646      135.0000  2050                    135.0000  1374155         
  41257 21929      202.0000  1404                    135.0000  1380398         
  41607 22162      269.0000  1347                    135.0000  1388511         
  41958 22539      269.0000  1313                    135.0000  1395006         
Elapsed time = 1579.80 sec. (944868.86 ticks, tree = 3225.18 MB, solutions = 0)
Nodefile size = 1159.54 MB (649.16 MB after compression)
  42302 22817      202.0000  1512                    135.0000  1401162         
  42667 23004      247.0000  1204                    135.0000  1405002         
  43029 23633      203.0000  1491                    135.0000  1419446         
  43371 23982      236.0000  1420                    135.0000  1426505         
  43741 24187      269.0000  1290                    135.0000  1432353         
  44094 24649      315.0000  1161                    135.0000  1441798         
  44469 24829      269.0000  1305                    135.0000  1444844         
  44824 25215      269.0000  1352                    135.0000  1454867         
  45172 25382      269.0000  1435                    135.0000  1457823         
  45508 25938      269.0000  1354                    135.0000  1470445         
Elapsed time = 1686.49 sec. (983085.48 ticks, tree = 3716.28 MB, solutions = 0)
Nodefile size = 1650.04 MB (924.01 MB after compression)
  45870 26280      202.0000  1381                    135.0000  1476859         
  46213 26505      263.0000  1580                    135.0000  1482091         
  46572 26825      314.0000  1202                    135.0000  1489569         
  46921 27128      202.0000  1378                    135.0000  1497287         
  47284 27456      328.0000  1055                    135.0000  1503004         
  47643 27764      247.0000  1213                    135.0000  1509142         
  47983 28135      269.0000  1136                    135.0000  1517399         
  48313 28462      202.0000  1408                    135.0000  1526947         
  48674 29158      291.0000  1236                    135.0000  1544580         
  49034 28992      269.0000  1338                    135.0000  1539901         
Elapsed time = 1794.60 sec. (1021328.17 ticks, tree = 4158.13 MB, solutions = 0)
Nodefile size = 2084.95 MB (1168.34 MB after compression)

GUB cover cuts applied:  165
Clique cuts applied:  58
Cover cuts applied:  27
Implied bound cuts applied:  895
Flow cuts applied:  77
Mixed integer rounding cuts applied:  1390
Zero-half cuts applied:  2
Gomory fractional cuts applied:  2

Root node processing (before b&c):
  Real time             =   46.56 sec. (40961.29 ticks)
Parallel b&c, 8 threads:
  Real time             = 1756.24 sec. (983679.14 ticks)
  Sync time (average)   =  158.36 sec.
  Wait time (average)   =    0.47 sec.
                          ------------
Total (root+branch&cut) = 1802.80 sec. (1024640.43 ticks)
! --------------------------------------------------------
! Problem is UNKNOWN
! CPLEX Status = AbortTimeLim
! --------------------------------------------------------
