! Solving for graph /home/truongxuanhieu/CPLEX-MIP-for-MinSpanLabeling/benchmarks/abp/Q-494_bus.mtx.rnd
! Target value is set to 170
! Lower bound is set to 171
! Upper bound is set to 370
! Time limit is set to 1800
! Vertices mode is set to Has hole
! Target value mode is set to Antibandwidth
Version identifier: 22.2.0.0 | 2026-05-04 | 5dff98e58
CPXPARAM_TimeLimit                               1800
Tried aggregator 2 times.
MIP Presolve eliminated 587 rows and 1173 columns.
MIP Presolve modified 183089 coefficients.
Aggregator did 2654 substitutions.
Reduced MIP has 4816 rows, 186422 columns, and 376082 nonzeros.
Reduced MIP has 183675 binaries, 1081 generals, 0 SOSs, and 1666 indicators.
Presolve time = 0.59 sec. (706.07 ticks)
Probing time = 1.20 sec. (358.07 ticks)
Tried aggregator 2 times.
Detecting symmetries...
Aggregator did 146 substitutions.
Reduced MIP has 4670 rows, 186276 columns, and 375936 nonzeros.
Reduced MIP has 183675 binaries, 1429 generals, 0 SOSs, and 1666 indicators.
Presolve time = 0.74 sec. (412.99 ticks)
Probing time = 0.12 sec. (37.07 ticks)
Clique table members: 7204.
MIP emphasis: balance optimality and feasibility.
MIP search method: dynamic search.
Parallel mode: deterministic, using up to 8 threads.
Root relaxation solution time = 0.49 sec. (228.49 ticks)

        Nodes                                         Cuts/
   Node  Left     Objective  IInf  Best Integer    Best Bound    ItCnt     Gap

      0     0      171.0000   548                    171.0000      725         
      0     0      171.0000  1269                  Cuts: 1267     2076         
      0     0      171.0000   992                  Cuts: 1267     3067         
      0     0      171.0000   974                  Cuts: 1267     3858         
      0     0      171.0000   928                   Cuts: 738     4311         
      0     0      171.0000   901                   Cuts: 524     4688         
      0     0      171.0000   912                   Cuts: 521     5070         
      0     2      171.0000   912                    171.0000     5070         
Elapsed time = 18.72 sec. (14922.23 ticks, tree = 0.02 MB, solutions = 0)
      5     4      171.0000   883                    171.0000     5103         
     25    16      171.0000   892                    171.0000     5832         
     58    11      171.0000   881                    171.0000     5600         
    116    98      171.0000   819                    171.0000     7583         
    195   173      171.0000   742                    171.0000     7998         
    291   225      171.0000   671                    171.0000    10196         
    321   306      171.0000   560                    171.0000    17369         
    348   326      171.0000   592                    171.0000    22866         
    360   342      341.0000  1073                    171.0000    31728         
    367   365      341.0000   997                    171.0000    48886         
Elapsed time = 29.52 sec. (19315.17 ticks, tree = 29.87 MB, solutions = 0)
    531   392      341.0000   917                    171.0000    55212         
    721   598    infeasible                          171.0000    56994         
    954   794      341.0000   915                    171.0000    60796         
   1211   974      341.0000   653                    171.0000    71140         
   1478  1184      370.0000   542                    171.0000    78033         
   1732  1298      370.0000   528                    171.0000    87967         
   2041  1548      370.0000   678                    171.0000    93133         
   2361  1752      341.0000   954                    171.0000    97429         
   2766  1890      341.0000   926                    171.0000    98722         
   3120  2003      370.0000   666                    171.0000    99336         
Elapsed time = 47.38 sec. (28876.65 ticks, tree = 234.53 MB, solutions = 0)
   3477  2092    infeasible                          171.0000    99718         
   3860  2255      341.0000   951                    171.0000   107069         
   4255  2418      341.0000  1001                    171.0000   107590         
   4668  2622      341.0000   970                    171.0000   108352         
   4959  2793      341.0000   945                    171.0000   111172         

Performing restart 1

Repeating presolve.
Tried aggregator 1 time.
MIP Presolve eliminated 0 rows and 155 columns.
Reduced MIP has 4670 rows, 186121 columns, and 375626 nonzeros.
Reduced MIP has 183520 binaries, 1429 generals, 0 SOSs, and 1666 indicators.
Presolve time = 0.26 sec. (191.32 ticks)
Tried aggregator 1 time.
Reduced MIP has 4670 rows, 186121 columns, and 375626 nonzeros.
Reduced MIP has 183520 binaries, 1429 generals, 0 SOSs, and 1666 indicators.
Presolve time = 0.62 sec. (314.84 ticks)
Represolve time = 2.78 sec. (1085.99 ticks)
   5029     0      171.0000  1330                  Cuts: 1267   119215         
   5029     0      171.0000  1849                  Cuts: 1267   121751         
   5029     0      171.0000  2125                  Cuts: 1267   123821         
   5029     0      171.0000  2270                  Cuts: 1267   126213         
   5029     2      171.0000  2262                    171.0000   126213         
   5030     3      171.0000  2235                    171.0000   126236         
   5032     3      171.0000  2256                    171.0000   126215         
   5035     6      171.0000  2290                    171.0000   126942         
   5039     6      171.0000  2178                    171.0000   126881         
Elapsed time = 112.56 sec. (74096.27 ticks, tree = 0.02 MB, solutions = 0)
   5046    14      171.0000  2251                    171.0000   130069         
   5055    21      171.0000  2115                    171.0000   132203         
   5063    22      171.0000  2077                    171.0000   132226         
   5071    35      171.0000  1965                    171.0000   132867         
   5079    36      171.0000  2025                    171.0000   133129         
   5088    53      171.0000  2146                    171.0000   136160         
   5103    67      171.0000  2110                    171.0000   136439         
   5121    82      171.0000  1937                    171.0000   136693         
   5147    80      172.0000  2304                    171.0000   137482         
   5180    95      171.0000  1831                    171.0000   139676         
Elapsed time = 129.89 sec. (84582.38 ticks, tree = 5.64 MB, solutions = 0)
   5193    96      171.0055  2672                    171.0000   143409         
   5201   109      369.0000  1056                    171.0000   149967         
   5212   122      369.0000  1106                    171.0000   151168         
   5225   143      171.3136  2513                    171.0000   162586         
   5245   147      172.0000  1888                    171.0000   162873         
   5296   154      172.0000  2161                    171.0000   166972         
   5380   171      368.0000  1000                    171.0000   169540         
   5510   176      341.0000  1452                    171.0000   170599         
   5640   192      282.0000  1329                    171.0000   175780         
   5704   265      317.0000  1256                    171.0000   184143         
Elapsed time = 148.09 sec. (94577.28 ticks, tree = 18.09 MB, solutions = 0)
   5728   344      172.0000  2057                    171.0000   194129         
   5744   305      358.0000   890                    171.0000   188469         
   5746   336      369.0000   929                    171.0000   188123         
   5747   350      341.0000  1208                    171.0000   199532         
   5787   439      341.0000  1187                    171.0000   207110         
   5869   439      341.0000  1103                    171.0000   206336         
   6009   486      358.0000   805                    171.0000   207446         
   6149   479      369.0000   850                    171.0000   211302         
   6297   641      366.0000   712                    171.0000   214085         
   6500   684      349.0000   852                    171.0000   214886         
Elapsed time = 179.70 sec. (107314.76 ticks, tree = 60.76 MB, solutions = 0)
   6672   629      265.0093  1741                    171.0000   219169         
   6830   846      369.0000   649                    171.0000   216822         
   6982  1048      369.0000   543                    171.0000   218720         
   7144  1350      368.0000   748                    171.0000   228043         
   7311  1642    infeasible                          171.0000   230195         
   7476  1651      341.0000  1051                    171.0000   230337         
   7596  1661      341.0000   976                    171.0000   230417         
   7707  1989      370.0000   435                    171.0000   231740         
   7828  2011      370.0000   421                    171.0000   231789         
   7967  2249      341.0000   831                    171.0000   242494         
Elapsed time = 198.23 sec. (116914.02 ticks, tree = 244.00 MB, solutions = 0)
   8136  2374      370.0000   413                    171.0000   242824         
   8318  2596      368.0000   512                    171.0000   244375         
   8452  2766      341.0000  1101                    171.0000   250295         
   8594  2476      171.4520  2594                    171.0000   244048         
   8706  2950      369.0000   383                    171.0000   251782         
   8802  3053      368.0000   508                    171.0000   252544         
   8883  3104      358.0000  1005                    171.0000   253144         
   8952  3096      341.0000  1013                    171.0000   255133         
   9002  3098      341.0000  1013                    171.0000   255176         
   9052  3224      368.0000   484                    171.0000   258938         
Elapsed time = 216.14 sec. (126532.98 ticks, tree = 362.24 MB, solutions = 0)
   9124  3315      368.0000   473                    171.0000   265667         
   9231  3385      368.0000   923                    171.0000   266222         
   9349  3358      256.0000  1398                    171.0000   270214         
   9464  3459      368.0000   402                    171.0000   271877         
   9625  3582      341.0000  1183                    171.0000   275753         
   9752  3571      256.0000  1329                    171.0000   275670         
   9882  3819      367.0000   932                    171.0000   279553         
  10030  3923      368.0000   746                    171.0000   281603         
  10187  4005      369.0000   762                    171.0000   282101         
  10326  3948      342.0000   983                    171.0000   282263         
Elapsed time = 234.62 sec. (136145.43 ticks, tree = 447.78 MB, solutions = 0)
  10452  4116      362.0000   950                    171.0000   285150         
  10560  4326      369.0000   910                    171.0000   287960         
  10635  4354      369.0000   857                    171.0000   288091         
  10693  4424      367.0000   725                    171.0000   289613         
  10751  4646      370.0000   642                    171.0000   300021         
  10820  4676      366.0000   640                    171.0000   300092         
  10886  4694      341.0000  1441                    171.0000   311201         
  10940  4767      366.0000   600                    171.0000   316594         
  11001  4794      369.0000   561                    171.0000   316947         
  11264  5026      369.0000   473                    171.0000   326045         
Elapsed time = 257.50 sec. (148665.81 ticks, tree = 577.56 MB, solutions = 0)
  11484  5276      369.0000   754                    171.0000   343619         
  11639  5424      369.0000   617                    171.0000   356229         

Performing restart 2

Repeating presolve.
Tried aggregator 1 time.
MIP Presolve eliminated 0 rows and 484 columns.
MIP Presolve modified 185 coefficients.
Reduced MIP has 4670 rows, 185637 columns, and 485869 nonzeros.
Reduced MIP has 183036 binaries, 1429 generals, 0 SOSs, and 1666 indicators.
Presolve time = 0.34 sec. (238.88 ticks)
Tried aggregator 1 time.
Reduced MIP has 4670 rows, 185637 columns, and 485869 nonzeros.
Reduced MIP has 183036 binaries, 1429 generals, 0 SOSs, and 1666 indicators.
Presolve time = 0.63 sec. (326.44 ticks)
Represolve time = 3.55 sec. (1461.66 ticks)
  11655     0      171.0000  2103                  Cuts: 1267   390881         
  11655     0      171.0000  2069                  Cuts: 1267   392962         
  11655     0      171.0000  2495                  Cuts: 1267   395135         
  11655     0      171.0000  2393                  Cuts: 1267   397549         
  11655     0      171.0000  2686                  Cuts: 1267   399811         
  11655     0      171.0000  2101                   Cuts: 852   402754         
  11655     0      171.0000  2235                  Cuts: 1267   405364         
  11655     0      171.0000  2404                  Cuts: 1267   408705         
  11655     0      171.0118  2998                   Cuts: 900   413274         
  11655     0      171.2902  2929                  Cuts: 1267   415474         
  11655     0      171.3138  3015                  Cuts: 1267   417485         
  11655     0      171.3192  3132                  Cuts: 1267   419612         
  11655     0      171.3289  3150                  Cuts: 1267   421583         
  11655     0      171.3310  3189                  Cuts: 1267   423775         
  11655     0      171.3328  2877                  Cuts: 1081   426470         
  11655     0      171.3328  2972                  Cuts: 1267   428102         
  11655     2      171.3328  2353                    171.3328   428102         
  11703    16      341.0000  1275                    172.0000   430819         
  11834   150      342.0000  1141                    172.0000   440499         
  11979   247      341.0000  1217                    172.0000   446427         
  12131   389      342.0000  1034                    172.0000   449077         
  12284   554    infeasible                          172.0000   451115         
  12436   693      342.0000   911                    172.0000   453071         
  12598   832      342.0000   796                    172.0000   455043         
Elapsed time = 968.81 sec. (954387.52 ticks, tree = 78.55 MB, solutions = 0)
  12764   971      342.0000   767                    172.0000   457200         
  12943  1124      342.0000   717                    172.0000   460152         
  13118  1255      341.0000   876                    172.0000   461841         
  13292  1359      342.0000   711                    172.0000   464348         
  13472  1483      341.0000  1232                    172.0000   468675         
  13646  1607      342.0000   662                    172.0000   473301         
  13830  1725      343.0000   584                    172.0000   475930         
  14028  1920      361.0000   508                    172.0000   479490         
  14231  2105      341.0000   861                    172.0000   482041         
  14431  2174      343.0000   570                    172.0000   483271         
Elapsed time = 1041.14 sec. (992748.66 ticks, tree = 235.61 MB, solutions = 0)
  14637  2373      341.0000   741                    172.0000   486414         
  14866  2519      370.0000   307                    172.0000   490183         
  15112  2730      346.0000   613                    172.0000   492666         
  15363  2909      364.0000   448                    172.0000   494937         
  15611  3038      364.0000   448                    172.0000   496784         
  15856  3281      370.0000   498                    172.0000   499645         
  16126  3374      369.0000   399                    172.0000   501116         
  16406  3635      369.0000   375                    172.0000   505343         
  16689  3641      361.0000   293                    172.0000   505950         
  16991  3874      370.0000   188                    172.0000   509087         
Elapsed time = 1110.54 sec. (1031048.69 ticks, tree = 437.78 MB, solutions = 0)
  17308  4045      355.0000   427                    172.0000   512576         
  17642  4294      370.0000   236                    172.0000   515247         
  17992  4489      370.0000   126                    172.0000   518203         
  18322  4591      369.0000   475                    172.0000   520236         
* 18629  4630      integral     0      370.0000      172.0000   520825   53.51%
  18686  4693      370.0000   281      370.0000      172.0000   522416   53.51%
  18884  3657      361.0000   252      370.0000      172.0000   525877   53.51%
  19089  3715      341.0000  1329      370.0000      172.0000   531326   53.51%
  19328  3851      369.0000   182      370.0000      172.0000   533280   53.51%
  19576  4089        cutoff            370.0000      172.0000   538778   53.51%
  19817  4270        cutoff            370.0000      172.0000   542680   53.51%
Elapsed time = 1183.87 sec. (1069286.21 ticks, tree = 480.73 MB, solutions = 1)
  20071  4449        cutoff            370.0000      172.0000   547060   53.51%
  20309  4546      369.0000   410      370.0000      172.0000   547844   53.51%
  20517  4790      341.0000  1000      370.0000      172.0000   556668   53.51%
  20694  4887      369.0000   155      370.0000      175.0000   560781   52.70%
  20870  5074      344.0000  1039      370.0000      175.0000   571678   52.70%
  21050  5187      369.0000   122      370.0000      175.0000   572854   52.70%
  21239  5294      341.0000  1239      370.0000      175.0000   575030   52.70%
  21438  5293      369.0000   116      370.0000      175.0000   574999   52.70%
  21576  5413      341.0000   711      370.0000      175.0000   577710   52.70%
  21711  5540      355.0000  1023      370.0000      175.0000   580391   52.70%
Elapsed time = 1257.16 sec. (1107702.95 ticks, tree = 634.08 MB, solutions = 1)
  21900  5621      369.0000   888      370.0000      175.0000   581683   52.70%
  22167  5741    infeasible            370.0000      175.0000   584770   52.70%
  22401  5927      369.0000    74      370.0000      175.0000   588740   52.70%
  22628  6009      369.0000    16      370.0000      175.0000   588996   52.70%
* 22798+ 6169                          369.0000      175.0000            52.57%
  22845  6261      344.0000   894      369.0000      175.0000   595304   52.57%
  23002  5346      355.0000  1048      369.0000      175.0000   596642   52.57%
  23167  5474      355.0000   958      369.0000      175.0000   602514   52.57%
  23337  5482      348.0000   824      369.0000      175.0000   602791   52.57%
  23511  5610      364.0000   543      369.0000      175.0000   606329   52.57%
  23680  5779      342.0000   902      369.0000      175.0000   609127   52.57%
Elapsed time = 1327.24 sec. (1145964.16 ticks, tree = 658.81 MB, solutions = 2)
  23855  5853      355.0000   992      369.0000      175.0000   611565   52.57%
  24025  5989      343.0000   451      369.0000      175.0000   613886   52.57%
  24194  6028      355.0000   988      369.0000      175.0000   615187   52.57%
  24364  6144      342.0000   398      369.0000      175.0000   617223   52.57%
  24542  6296      343.0000   722      369.0000      175.0000   619825   52.57%
  24726  6383      349.0000   728      369.0000      175.0000   621152   52.57%
  24927  6668      368.0000   267      369.0000      175.0000   625570   52.57%
  25134  6689      343.0000   714      369.0000      175.0000   625942   52.57%
  25341  6844      368.0000   260      369.0000      175.0000   628339   52.57%
  25550  6933      368.0000   244      369.0000      175.0000   630222   52.57%
Elapsed time = 1398.58 sec. (1184340.36 ticks, tree = 799.29 MB, solutions = 2)
  25762  6833      364.0000   633      369.0000      175.0000   629429   52.57%
  25978  7053      342.0000   760      369.0000      175.0000   632298   52.57%
  26189  7171      356.0000   584      369.0000      175.0000   633685   52.57%
  26381  7376      368.0000   242      369.0000      175.0000   636136   52.57%
  26608  7502      367.0000   216      369.0000      175.0000   637827   52.57%
  26829  7639      342.0000   638      369.0000      175.0000   639345   52.57%
  27045  7908      342.0000   635      369.0000      175.0000   642482   52.57%
  27268  7979    infeasible            369.0000      175.0000   643074   52.57%
  27481  7988      364.0000   399      369.0000      175.0000   643500   52.57%
  27719  8197      367.0000   379      369.0000      175.0000   646484   52.57%
Elapsed time = 1471.76 sec. (1222655.66 ticks, tree = 953.52 MB, solutions = 2)
  27975  8313      367.0000   198      369.0000      175.0000   648338   52.57%
  28237  8450      367.0000   194      369.0000      175.0000   652027   52.57%
  28528  8476      367.0000   192      369.0000      175.0000   652325   52.57%
  28832  8660      367.0000   188      369.0000      175.0000   655089   52.57%
  29151  8754    infeasible            369.0000      175.0000   656446   52.57%
  29466  8953      367.0000   185      369.0000      175.0000   658401   52.57%
  29781  9000      367.0000   142      369.0000      175.0000   658676   52.57%
  30134  9116      368.0000   251      369.0000      175.0000   660166   52.57%
  30529  9191    infeasible            369.0000      175.0000   661102   52.57%
  30925  9724      367.0000    10      369.0000      175.0000   666618   52.57%
Elapsed time = 1544.24 sec. (1261040.56 ticks, tree = 1139.63 MB, solutions = 2)
* 31016  9700      integral     0      367.0000      175.0000   666765   52.32%
  31201  9810    infeasible            367.0000      226.0000   667602   38.42%
  31398  7551      341.0000  1266      367.0000      226.0000   671773   38.42%
  31570  7577      341.0000   613      367.0000      226.0000   671838   38.42%
  31736  7794      343.0000   808      367.0000      226.0000   679433   38.42%
  31898  7923      356.0000  1127      367.0000      226.0000   684032   38.42%
  32057  7969      347.0000  1092      367.0000      226.0000   683324   38.42%
  32224  8135      341.0000  1141      367.0000      226.0000   685654   38.42%
  32393  8257      355.0000   987      367.0000      226.0000   694126   38.42%
  32553  8401      346.0000  1249      367.0000      226.0000   697658   38.42%
  32709  8370      344.0000   394      367.0000      226.0000   696178   38.42%
Elapsed time = 1617.91 sec. (1299372.49 ticks, tree = 965.06 MB, solutions = 3)
Starting limited solution polishing.
  32866  8585      354.0000   723      367.0000      226.0000   699039   38.42%
  33018  8830      348.0000  1031      367.0000      226.0000   702905   38.42%
  33179  8703      359.0000   786      367.0000      226.0000   701039   38.42%
  33346  8984      343.0000   949      367.0000      226.0000   706711   38.42%
  33512  8955      359.0000   714      367.0000      226.0000   705798   38.42%
  33675  9094      349.0000   910      367.0000      226.0000   708021   38.42%
  33836  9233      366.0000   532      367.0000      226.0000   709202   38.42%
  33998  9551      346.0000  1252      367.0000      226.0000   714583   38.42%
  34169  9598      353.0000   631      367.0000      226.0000   715562   38.42%
  34345  9583      366.0000   329      367.0000      226.0000   714258   38.42%
Elapsed time = 1691.37 sec. (1337770.55 ticks, tree = 1113.73 MB, solutions = 3)
  34531  9829      366.0000   261      367.0000      226.0000   719565   38.42%
  34731  9869      366.0000   201      367.0000      226.0000   719916   38.42%
  34964  9971      341.0000  1272      367.0000      226.0000   723002   38.42%
  35149 10260      363.0000   605      367.0000      226.0000   726600   38.42%
  35343 10184      366.0000   195      367.0000      226.0000   725911   38.42%
  35542 10553      344.0000  1086      367.0000      226.0000   731620   38.42%
  35740 10531      345.0000  1256      367.0000      226.0000   730774   38.42%
  35949 10891      345.0000  1196      367.0000      226.0000   736242   38.42%
  36165 10688      347.0000  1045      367.0000      226.0000   733565   38.42%
  36382 10957      363.0000   543      367.0000      226.0000   738001   38.42%
Elapsed time = 1762.05 sec. (1376057.55 ticks, tree = 1283.60 MB, solutions = 3)
  36594 10957      363.0000   551      367.0000      226.0000   738126   38.42%
  36804 11140      341.0000  1090      367.0000      226.0000   739627   38.42%
  37029 11120    infeasible            367.0000      226.0000   740369   38.42%
  37254 11420      345.0000  1128      367.0000      226.0000   743644   38.42%
  37494 11520      366.0000    27      367.0000      226.0000   743859   38.42%
* 37595+11374                          366.0000      226.0000            38.25%

GUB cover cuts applied:  463
Clique cuts applied:  62
Cover cuts applied:  81
Implied bound cuts applied:  579
Flow cuts applied:  62
Mixed integer rounding cuts applied:  1251
Zero-half cuts applied:  68
Gomory fractional cuts applied:  4

Root node processing (before b&c):
  Real time             =   18.43 sec. (14859.34 ticks)
Parallel b&c, 8 threads:
  Real time             = 1781.69 sec. (1382045.43 ticks)
  Sync time (average)   =  117.47 sec.
  Wait time (average)   =    0.24 sec.
                          ------------
Total (root+branch&cut) = 1800.12 sec. (1396904.77 ticks)
! --------------------------------------------------------
! Status: FEASIBLE (time limit or other stopping criterion reached)
! Best span = 366
! Labeling: 1 366 171 366 171 366 1 26 171 171 365 171 1 366 188 150 196 366 364 172 341 366 341 1 341 2 354 196 204 196 171 172 358 341 188 171 171 196 171 366 196 171 342 366 172 341 196 171 366 172 366 178 171 366 1 341 171 341 187 171 1 196 366 26 171 366 171 354 366 187 361 1 1 196 1 341 196 366 341 366 171 366 1 26 1 172 1 171 171 366 342 196 171 342 196 358 26 171 171 188 366 196 1 171 341 171 360 171 1 1 191 196 1 171 366 366 196 366 341 1 1 1 171 1 366 171 1 196 1 171 1 366 171 189 1 342 189 366 196 341 171 196 366 1 196 215 1 366 362 171 1 196 1 184 196 366 171 357 196 366 366 195 196 171 341 171 366 172 361 171 173 1 171 341 171 1 171 171 191 341 366 1 171 366 343 171 344 196 188 171 365 171 366 366 366 26 341 1 366 366 17 1 196 196 25 172 171 1 173 358 1 189 171 196 14 366 341 366 196 174 196 1 366 358 2 366 366 366 26 1 341 1 1 341 366 4 1 171 187 171 171 171 1 179 366 1 25 1 196 196 171 1 1 189 366 8 150 197 17 171 171 1 1 171 188 196 359 195 347 171 171 188 366 26 1 1 171 1 171 365 359 196 364 258 366 171 366 194 366 171 366 366 171 171 26 355 353 1 196 341 341 186 341 196 1 341 366 1 189 171 1 1 171 171 195 17 171 206 358 357 188 358 345 1 359 366 341 187 196 187 1 366 196 1 1 1 366 361 1 358 171 26 171 171 188 196 366 171 358 366 1 366 1 1 26 196 1 341 196 171 26 1 1 171 1 171 1 189 197 1 220 190 341 366 365 366 366 346 196 171 1 26 1 171 188 321 188 1 171 34 171 171 1 171 171 196 1 196 366 320 1 344 1 176 26 196 1 26 36 341 1 366 1 18 171 341 358 171 171 341 17 1 1 1 366 357 1 171 196 184 348 357 196 2 365 342 175 1 1 171 171 196 358 2 1 194 366 171 366 1 171 171 348 1 171 264 366 184 197 316 366 171 359 175 196 1 196 188 343 44 171 1 366 1 343 171 26 366 196 184 1 366 171 171 171 171 171 1 1 341 341 1 366 196 
! --------------------------------------------------------
! All verification passed
