! Solving for graph /home/truongxuanhieu/CPLEX-MIP-for-MinSpanLabeling/benchmarks/abp/T-dwt__592.mtx.rnd
! Target value is set to 84
! Lower bound is set to 85
! Upper bound is set to 444
! Time limit is set to 1800
! Vertices mode is set to Has hole
! Target value mode is set to Antibandwidth
Version identifier: 22.2.0.0 | 2026-05-04 | 5dff98e58
CPXPARAM_TimeLimit                               1800
Tried aggregator 2 times.
MIP Presolve eliminated 2257 rows and 1406 columns.
MIP Presolve modified 263218 coefficients.
Aggregator did 6288 substitutions.
Reduced MIP has 11986 rows, 273427 columns, and 555396 nonzeros.
Reduced MIP has 265474 binaries, 2849 generals, 0 SOSs, and 5104 indicators.
Presolve time = 0.93 sec. (1555.45 ticks)
Probing time = 1.50 sec. (471.12 ticks)
Tried aggregator 1 time.
Detecting symmetries...
Reduced MIP has 11986 rows, 273427 columns, and 555396 nonzeros.
Reduced MIP has 265474 binaries, 3441 generals, 0 SOSs, and 5104 indicators.
Presolve time = 0.82 sec. (413.68 ticks)
Probing time = 0.19 sec. (51.37 ticks)
Clique table members: 8805.
MIP emphasis: balance optimality and feasibility.
MIP search method: dynamic search.
Parallel mode: deterministic, using up to 8 threads.
Root relaxation solution time = 1.16 sec. (447.64 ticks)

        Nodes                                         Cuts/
   Node  Left     Objective  IInf  Best Integer    Best Bound    ItCnt     Gap

      0     0       85.0000  1632                     85.0000     2521         
      0     0       85.0000  4201                  Cuts: 3096     5915         
      0     0       85.0000  3586                  Cuts: 3096     7211         
      0     0       85.0000  3615                  Cuts: 3096     9575         
Detecting symmetries...
      0     2       85.0000  3615                     85.0000     9575         
Elapsed time = 45.21 sec. (35856.47 ticks, tree = 0.02 MB, solutions = 0)
      6     8       85.0000  3456                     85.0000     9840         
     12     5       85.0000  3577                     85.0000     9662         
     18    19       85.0000  3583                     85.0000    11313         
     50    26       85.0000  3408                     85.0000    13166         
     69    59       85.0000  3492                     85.0000    15855         
    112    83       85.0000  3401                     85.0000    18227         
    154   132      139.0000  2831                     85.0000    21546         
    177   155       85.0000  3362                     85.0000    21904         
    192   176      139.0000  2739                     85.0000    25507         
    256   229      169.0000  2433                     85.0000    52825         
Elapsed time = 52.48 sec. (39178.79 ticks, tree = 28.34 MB, solutions = 0)
    270   265      253.0000  2506                     85.0000    65828         
    290   280      169.0000  2574                     85.0000    73326         
    378   310      253.0000  2203                     85.0000    78920         
    479   449      169.0000  2445                     85.0000    86051         
    566   517      211.0000  2419                     85.0000    93487         
    642   586      169.0000  2572                     85.0000    96582         
    743   666      253.0000  2091                     85.0000   103291         
    840   727      253.0000  1821                     85.0000   106194         
    947   879      337.0000  1778                     85.0000   115284         
   1048   973      253.0000  1774                     85.0000   120326         
Elapsed time = 77.30 sec. (49162.08 ticks, tree = 195.27 MB, solutions = 0)
   1171  1032      337.0000  1753                     85.0000   123552         
   1295  1181      253.0000  1958                     85.0000   132350         
   1421  1285      337.0000  1833                     85.0000   136120         
   1547  1422      337.0000  1618                     85.0000   142393         
   1636  1529      337.0000  1598                     85.0000   145967         
   1756  1597      337.0000  1635                     85.0000   149054         
   1878  1708      421.0000  1696                     85.0000   151988         
   2009  1829      337.0000  1540                     85.0000   157247         
   2154  1954      337.0000  1731                     85.0000   161552         
   2292  2061      421.0000  1421                     85.0000   165209         
Elapsed time = 96.39 sec. (58772.67 ticks, tree = 458.36 MB, solutions = 0)
   2435  2189      421.0000  1495                     85.0000   168338         
   2582  2400      421.0000  1356                     85.0000   171602         
   2719  2528      421.0000  1476                     85.0000   173190         
   2860  2682      421.0000  1314                     85.0000   175676         
   2991  2856      337.0000  1574                     85.0000   184431         
   3111  2986      169.0000  2672                     85.0000   193352         
   3261  3082      421.0000  1202                     85.0000   195486         
   3373  3116      421.0000  1466                     85.0000   196638         
   3489  3295      421.0000  1294                     85.0000   199849         
   3600  3500    infeasible                           85.0000   216282         
Elapsed time = 114.89 sec. (68370.02 ticks, tree = 806.21 MB, solutions = 0)
   3692  3472      337.0000  1452                     85.0000   214300         
   3818  3603      169.0000  2386                     85.0000   221042         
   3947  3805      421.0000  1336                     85.0000   239979         
   4099  3820      421.0000  1266                     85.0000   240230         
   4234  3967      253.0000  1993                     85.0000   244088         
   4323  4044      169.0000  2325                     85.0000   245937         
   4403  4197      253.0000  1974                     85.0000   260091         
   4506  4278      337.0000  1770                     85.0000   268252         
   4633  4408      421.0000  1323                     85.0000   281784         
   4756  4461      337.0000  1807                     85.0000   285533         
Elapsed time = 135.30 sec. (77989.79 ticks, tree = 1038.41 MB, solutions = 0)
   4898  4587      421.0000  1272                     85.0000   288996         
   5049  4689      337.0000  1769                     85.0000   296328         
   5187  4960      337.0000  1748                     85.0000   307790         
   5336  4984      337.0000  1723                     85.0000   308396         
   5498  5209      421.0000  1482                     85.0000   316104         
   5685  5359      253.0000  2012                     85.0000   320888         
   5828  5558      421.0000  1448                     85.0000   324925         
   5993  5539      421.0000  1362                     85.0000   324889         
   6188  5912      253.0000  1596                     85.0000   333461         
   6356  5998      337.0000  1463                     85.0000   335816         
Elapsed time = 154.01 sec. (87589.22 ticks, tree = 1414.99 MB, solutions = 0)
   6537  6216      253.0000  1519                     85.0000   340278         
   6733  6410      422.0000  1241                     85.0000   345133         
   6916  6478      337.0000  1319                     85.0000   345813         
   7100  6565      253.0000  1401                     85.0000   347224         
   7288  6872      253.0000  1351                     85.0000   351584         
   7478  7100      337.0000  1253                     85.0000   355965         
   7672  7165      423.0000   479                     85.0000   355815         
   7882  7333      421.0000  1037                     85.0000   357487         
   8128  7639      421.0000  1038                     85.0000   361575         
   8350  7950      253.0000  1143                     85.0000   365400         
Elapsed time = 171.51 sec. (97168.58 ticks, tree = 1894.21 MB, solutions = 0)
   8591  7950      421.0000  1038                     85.0000   365424         
   8857  8053    infeasible                           85.0000   366024         
   9086  8208      421.0000  1037                     85.0000   367688         
   9332  8245      169.0000  2498                     85.0000   375777         
   9517  8294      421.0000   835                     85.0000   374718         
   9684  8339      169.0000  2372                     85.0000   377157         
   9869  8584      253.0000   863                     85.0000   386378         
  10058  8499      337.0000   940                     85.0000   385796         
  10236  8673      253.0000   934                     85.0000   388809         
  10417  8792      211.0000  2160                     85.0000   396567         
Elapsed time = 190.10 sec. (106761.12 ticks, tree = 2097.44 MB, solutions = 0)
Nodefile size = 33.42 MB (17.71 MB after compression)
  10553  8886    infeasible                           85.0000   396166         
  10677  8960      337.0000  1005                     85.0000   399790         
  10777  8971      337.0000   980                     85.0000   399845         
  10900  9091      253.0000  2188                     85.0000   425457         
  11038  9205      337.0000  1644                     85.0000   445728         
  11193  9166      337.0000   920                     85.0000   445324         
  11345  9250      337.0000  1550                     85.0000   445801         
  11519  9384      337.0000   913                     85.0000   458192         
  11664  9510      253.0000  2184                     85.0000   467169         
  11838  9650      337.0000   852                     85.0000   471261         
Elapsed time = 208.55 sec. (116352.08 ticks, tree = 2306.89 MB, solutions = 0)
Nodefile size = 242.38 MB (126.09 MB after compression)
  12021  9753      337.0000   752                     85.0000   471817         
  12195  9917    infeasible                           85.0000   481646         
  12381  9942      337.0000  2047                     85.0000   481698         
  12577 10218      337.0000   819                     85.0000   487063         
  12790 10309    infeasible                           85.0000   494896         
  12964 10310      337.0000   725                     85.0000   495029         
  13006 10508    infeasible                           85.0000   499701         
  13010 10503    infeasible                           85.0000   499312         
  13042 10656      253.0000  1862                     85.0000   501674         
  13226 10643    infeasible                           85.0000   501782         
Elapsed time = 244.26 sec. (128925.77 ticks, tree = 2551.25 MB, solutions = 0)
Nodefile size = 490.83 MB (255.12 MB after compression)
  13229 10504      169.0000  2776                     85.0000   502568         
  13444 10862      253.0000  2190                     85.0000   529065         
  14022 11376      253.0000  1904                     85.0000   555495         
  14587 11881      253.0000  2214                     85.0000   574285         
  15221 12420      253.0000  1983                     85.0000   623985         
  15987 12741      253.0000  2251                     85.0000   642960         
  16689 13629      169.0000  2226                     85.0000   657443         
  17461 14490      253.0000  2099                     85.0000   691303         
  18072 15091      253.0000  2166                     85.0000   726395         
  18798 15620      253.0000  1788                     85.0000   735418         
Elapsed time = 334.57 sec. (168921.43 ticks, tree = 3786.62 MB, solutions = 0)
Nodefile size = 1715.21 MB (889.39 MB after compression)
  19567 16250      253.0000  2457                     85.0000   759988         
  20382 16614      253.0000  2119                     85.0000   772243         
  21023 17216      253.0000  2032                     85.0000   801312         
  21765 17841      253.0000  1781                     85.0000   819509         
  22362 18593      253.0000  2028                     85.0000   846675         
  23127 19020      253.0000  1908                     85.0000   883625         
  23743 19430      169.0000  2127                     85.0000   904064         
  24472 20138      253.0000  1837                     85.0000   939614         
  25296 21001      253.0000  2366                     85.0000   964128         
  26051 21214      169.0000  2587                     85.0000   987797         
Elapsed time = 406.68 sec. (207113.60 ticks, tree = 5177.78 MB, solutions = 0)
Nodefile size = 3102.99 MB (1610.70 MB after compression)
  26794 21781      170.0000  1840                     85.0000  1009623         
  27360 22154      253.0000  2210                     85.0000  1024557         
  28303 23277      253.0000  2193                     85.0000  1070253         
  28990 23971      253.0000  2024                     85.0000  1087011         
  29799 24695      253.0000  1780                     85.0000  1109724         
  30497 25323      253.0000  2452                     85.0000  1131744         
  31306 25251      169.0000  2812                     85.0000  1131511         
  32064 26412      253.0000  2091                     85.0000  1188884         
  32831 26647      169.0000  2575                     85.0000  1200212         
  33591 27565      253.0000  2196                     85.0000  1221218         
Elapsed time = 481.03 sec. (245326.28 ticks, tree = 6767.80 MB, solutions = 0)
Nodefile size = 4679.86 MB (2445.33 MB after compression)
  34301 28136    infeasible                           85.0000  1242137         
  35007 28992    infeasible                           85.0000  1270572         
  35822 29367      253.0000  2102                     85.0000  1279455         
  36445 30304      169.0000  2329                     85.0000  1329158         
  37190 30329      211.0000  2185                     85.0000  1328381         
  37808 31394      253.0000  2106                     85.0000  1363337         
  38540 32244      169.0000  2634                     85.0000  1410406         
  39185 32257      169.0000  2619                     85.0000  1410879         
  39748 32677      253.0000  2051                     85.0000  1445997         
  40578 32936      169.0000  2148                     85.0000  1460760         
Elapsed time = 553.60 sec. (283536.31 ticks, tree = 8117.79 MB, solutions = 0)
Nodefile size = 6010.54 MB (3150.52 MB after compression)
  41200 33932      169.0000  2495                     85.0000  1498909         
  42017 34047      169.0000  2189                     85.0000  1499375         
  42793 34611      253.0000  2502                     85.0000  1523437         
  43798 35440    infeasible                           85.0000  1542373         
  44562 36699      170.0000  2572                     85.0000  1590494         
  45320 37236      169.0000  2466                     85.0000  1607768         
  45983 37755      169.0000  2745                     85.0000  1617984         
  46777 38838      337.0000  1908                     85.0000  1649679         
  47450 39080      253.0000  2053                     85.0000  1675760         
  48368 39424      253.0000  2218                     85.0000  1693275         
Elapsed time = 628.58 sec. (321737.55 ticks, tree = 9766.32 MB, solutions = 0)
Nodefile size = 7681.09 MB (4050.44 MB after compression)
  49006 40149      169.0000  2638                     85.0000  1733170         
  49828 40499      253.0000  1836                     85.0000  1749751         
  50402 41692    infeasible                           85.0000  1767503         
  51255 42177    infeasible                           85.0000  1803301         
  52062 42384      253.0000  2293                     85.0000  1815711         
  52814 43126      169.0000  2172                     85.0000  1851260         
  53520 44024      253.0000  2339                     85.0000  1873982         
  54252 44288      254.0000  2178                     85.0000  1888912         
  54973 44534      253.0000  2266                     85.0000  1902338         
  55709 45362      253.0000  2115                     85.0000  1943609         
Elapsed time = 703.66 sec. (359928.26 ticks, tree = 11309.90 MB, solutions = 0)
Nodefile size = 9227.18 MB (4873.31 MB after compression)
  56479 45425      253.0000  2096                     85.0000  1948621         
  57271 45992      253.0000  1874                     85.0000  1973478         
  58061 46958      253.0000  2260                     86.0000  2001094         
  58893 47579      253.0000  2279                     86.0000  2018977         
  59881 47911      169.0000  2575                     86.0000  2034604         
  60694 48619      253.0000  2430                     86.0000  2054845         
  61507 49447      253.0000  1889                     86.0000  2068381         
  62294 50122      253.0000  2083                     86.0000  2088592         
  63155 50572      169.0000  2682                     87.0000  2097235         
  64085 51341    infeasible                           93.0000  2115261         
Elapsed time = 779.27 sec. (398112.37 ticks, tree = 12870.84 MB, solutions = 0)
Nodefile size = 10766.66 MB (5700.00 MB after compression)
  64546 51712      178.0000  2551                     93.0000  2126575         
  64610 51762      253.0000  2408                     93.0000  2130498         
  65050 52589      253.0000  2078                     94.0000  2150559         
  65702 52863      178.0000  2315                     94.0000  2159240         
  66555 53398      253.0000  2074                     94.0000  2167897         
  67342 54169       94.0000  3646                     94.0000  2185761         
  68243 54686      178.0000  2754                     94.0000  2201773         
  68968 55020      253.0000  2230                     94.0000  2226961         
  69783 55513      253.0000  2080                     94.0000  2239774         
  70444 56331      199.0000  2248                     94.0000  2281023         
Elapsed time = 869.62 sec. (436302.80 ticks, tree = 14125.29 MB, solutions = 0)
Nodefile size = 12033.70 MB (6366.78 MB after compression)
  71220 56492      206.0000  2308                     94.0000  2287357         
  71940 57491    infeasible                           94.0000  2314179         
  72694 57920    infeasible                           94.0000  2323773         
  73383 58465      178.0000  2466                     94.0000  2355393         
  74188 58913      178.0000  2183                     94.0000  2370391         
  74917 59276      253.0000  2086                     94.0000  2384259         
  75834 59742    infeasible                           94.0000  2386229         
  76753 60709      169.0000  2667                     94.0000  2407575         
  77780 61411      178.0000  2486                     94.0000  2417471         
  78462 61879      253.0000  2229                     94.0000  2438939         
Elapsed time = 952.00 sec. (474497.37 ticks, tree = 15534.67 MB, solutions = 0)
Nodefile size = 13439.06 MB (7114.26 MB after compression)
  79335 62379      337.0000  1711                     94.0000  2454899         
  80021 63273      252.0000  2277                     94.0000  2478972         
  80933 64281    infeasible                           94.0000  2502056         
  81748 64510      178.0000  2560                     94.0000  2507583         
  82600 65006      337.0000  2026                     94.0000  2519510         
  83368 65872      218.0000  2289                     94.0000  2548280         
  84178 65881      178.0000  1978                     94.0000  2543485         
  84936 67255      178.0000  2079                     94.0000  2572279         
  85981 67153      200.0000  1975                     94.0000  2572120         
  86717 68078      178.0000  2513                     94.0000  2600501         
Elapsed time = 1034.72 sec. (512695.58 ticks, tree = 17119.57 MB, solutions = 0)
Nodefile size = 15032.33 MB (7945.37 MB after compression)
  87461 68571      262.0000  2089                     94.0000  2617999         
  88165 69126      240.0000  2323                     94.0000  2645921         
  88821 69809      226.0000  2172                     94.0000  2669258         
  89547 70250      178.0000  2607                     94.0000  2677547         
  90365 70722      197.0000  2208                     94.0000  2695692         
  91242 71431      253.0000  2291                     94.0000  2720635         
  92096 71826      178.0000  2551                     94.0000  2744896         
  92831 72355      178.0000  2556                     94.0000  2753474         
  93644 73094      253.0000  1648                     94.0000  2766969         
  94403 73512      253.0000  2209                     94.0000  2777798         
Elapsed time = 1122.37 sec. (550906.03 ticks, tree = 18499.00 MB, solutions = 0)
Nodefile size = 16395.49 MB (8676.53 MB after compression)
  95370 73718      178.0000  1960                     94.0000  2783050         
  96282 74585      178.0000  2523                     94.0000  2810835         
  97144 74918      230.0000  2234                     94.0000  2823762         
  97950 75385    infeasible                           94.0000  2825979         
  98778 75998      253.0000  1990                     94.0000  2838842         
  99705 76771      237.0000  2384                     94.0000  2852207         
 100609 77470      253.0000  2304                     94.0000  2863878         
 101437 77734      253.0000  2107                     94.0000  2872377         
 102262 78264    infeasible                           94.0000  2880027         
 103055 78779      253.0000  2030                     94.0000  2895808         
Elapsed time = 1206.71 sec. (589099.39 ticks, tree = 19846.04 MB, solutions = 0)
Nodefile size = 17743.30 MB (9392.57 MB after compression)
 103912 79065      253.0000  2249                     94.0000  2902645         
 104926 80265      245.0000  2366                     94.0000  2919393         
 105972 80490      178.0000  2572                     94.0000  2924964         
 106899 81325      253.0000  2206                     94.0000  2929198         
 107709 82523      253.0000  2094                     94.0000  2948304         
 108466 83096      253.0000  1636                     94.0000  2951969         
 109253 83850      247.0000  2232                     94.0000  2976396         
 110107 84669      262.0000  2360                     94.0000  2987905         
 111146 84767      178.0000  2216                     94.0000  2992669         
 112020 85045      262.0000  2147                     94.0000  2996054         
Elapsed time = 1292.22 sec. (627299.39 ticks, tree = 21470.15 MB, solutions = 0)
Nodefile size = 19350.82 MB (10246.06 MB after compression)
 112953 86076      262.0000  1950                     94.0000  3010765         
 113766 86806      234.0000  2363                     94.0000  3027273         
 114766 87047      337.0000  2127                     94.0000  3030695         
 115742 87650      178.0000  2581                     94.0000  3038480         
 116643 88767      337.0000  2051                     94.0000  3049286         
 117499 89140      178.0000  2561                     94.0000  3060467         
 118366 89378    infeasible                           94.0000  3061603         
 119225 89963    infeasible                           94.0000  3076607         
 120173 90924      178.0000  1940                     94.0000  3087269         
 121248 91689      253.0000  2265                     94.0000  3097342         
Elapsed time = 1377.29 sec. (665478.95 ticks, tree = 23184.75 MB, solutions = 0)
Nodefile size = 21075.61 MB (11179.53 MB after compression)
 122278 92531      253.0000  2245                     94.0000  3112627         
 123171 93052    infeasible                           94.0000  3113486         
 123931 94197      253.0000  2116                     94.0000  3123092         
 124811 94692      186.0000  2026                     94.0000  3132281         
 125832 95324      253.0000  2064                     94.0000  3142322         
 126782 96001      178.0000  2397                     94.0000  3149874         
 127660 96537      253.0000  2039                     94.0000  3154462         
 128497 97979      270.0000  1838                     94.0000  3167714         
 129302 98555      195.0000  2443                     94.0000  3176671         
 130299 98846      253.0000  2344                     94.0000  3180487         
Elapsed time = 1463.32 sec. (703668.70 ticks, tree = 25045.44 MB, solutions = 0)
Nodefile size = 22914.09 MB (12162.37 MB after compression)
 131114 99786      178.0000  2627                     94.0000  3202648         
 132058 99629      253.0000  2216                     94.0000  3199867         
 132878 100432      178.0000  2409                     94.0000  3221512         
 133824 101227      178.0000  2122                     94.0000  3230599         
 134706 101391      253.0000  1795                     94.0000  3232139         
 135625 102302      178.0000  2660                     94.0000  3239982         
 136566 102798      178.0000  2105                     94.0000  3245458         
 137567 103320      178.0000  2526                     94.0000  3256432         
 138401 103576      253.0000  2002                     94.0000  3259839         
 139224 104583      253.0000  2106                     94.0000  3282819         
Elapsed time = 1545.58 sec. (741860.04 ticks, tree = 26538.33 MB, solutions = 0)
Nodefile size = 24447.44 MB (12991.19 MB after compression)
 140105 104723    infeasible                           94.0000  3286537         
 141080 105505      253.0000  1836                     94.0000  3290854         
 142021 105990      253.0000  2045                     94.0000  3296025         
 142840 106697      178.0000  2553                     94.0000  3312633         
 143688 107099      253.0000  2111                     94.0000  3316497         
 144478 107899      258.0000  2127                     94.0000  3335802         
 145266 108945      218.0000  2448                     94.0000  3346522         
 146233 109339      258.0000  2379                     94.0000  3352556         
 147204 109476      253.0000  2272                     94.0000  3356733         
 147799 110338      253.0000  1954                     94.0000  3382712         
Elapsed time = 1625.53 sec. (780053.91 ticks, tree = 28044.75 MB, solutions = 0)
Nodefile size = 25932.44 MB (13770.91 MB after compression)

Performing restart 1

Repeating presolve.
Tried aggregator 1 time.
Reduced MIP has 11986 rows, 273427 columns, and 555396 nonzeros.
Reduced MIP has 265474 binaries, 3441 generals, 0 SOSs, and 5104 indicators.
Presolve time = 0.41 sec. (282.21 ticks)
Tried aggregator 1 time.
Reduced MIP has 11986 rows, 273427 columns, and 555396 nonzeros.
Reduced MIP has 265474 binaries, 3441 generals, 0 SOSs, and 5104 indicators.
Presolve time = 0.87 sec. (423.67 ticks)
Represolve time = 3.80 sec. (1516.67 ticks)
 147821     0       85.0000  4365                  Cuts: 3096  3409970         
 147821     0       85.0000  4465                  Cuts: 3096  3413182         
 147821     0       85.0000  4588                  Cuts: 3096  3417810         
 147821     0       85.0000  4651                  Cuts: 3096  3421515         
 147821     2       85.0000  4650                     94.0000  3421515         
 147835     4       85.0000  4580                     94.0000  3421556         

GUB cover cuts applied:  1965
Clique cuts applied:  264
Cover cuts applied:  576
Implied bound cuts applied:  2242
Flow cuts applied:  87
Mixed integer rounding cuts applied:  5191
Zero-half cuts applied:  137
Lift and project cuts applied:  5
Gomory fractional cuts applied:  11

Root node processing (before b&c):
  Real time             =   44.70 sec. (35720.82 ticks)
Parallel b&c, 8 threads:
  Real time             = 1756.50 sec. (886121.38 ticks)
  Sync time (average)   =  574.46 sec.
  Wait time (average)   =    0.23 sec.
                          ------------
Total (root+branch&cut) = 1801.20 sec. (921842.19 ticks)
! --------------------------------------------------------
! Problem is UNKNOWN
! CPLEX Status = AbortTimeLim
! --------------------------------------------------------
