! Solving for graph /home/truongxuanhieu/CPLEX-MIP-for-MinSpanLabeling/benchmarks/abp/P-can__445.mtx.rnd
! Target value is set to 45
! Lower bound is set to 46
! Upper bound is set to 222
! Time limit is set to 1800
! Vertices mode is set to No hole
! Target value mode is set to Antibandwidth
Version identifier: 22.2.0.0 | 2026-05-04 | 5dff98e58
CPXPARAM_TimeLimit                               1800
Tried aggregator 2 times.
MIP Presolve eliminated 1684 rows and 1001 columns.
MIP Presolve modified 197404 coefficients.
Aggregator did 4699 substitutions.
Reduced MIP has 9176 rows, 106743 columns, and 318275 nonzeros.
Reduced MIP has 100806 binaries, 2128 generals, 0 SOSs, and 3809 indicators.
Presolve time = 0.32 sec. (579.34 ticks)
Probing time = 0.52 sec. (237.96 ticks)
Tried aggregator 1 time.
Detecting symmetries...
Reduced MIP has 9176 rows, 106743 columns, and 318275 nonzeros.
Reduced MIP has 100806 binaries, 2573 generals, 0 SOSs, and 3809 indicators.
Presolve time = 0.22 sec. (192.59 ticks)
Probing time = 0.06 sec. (24.57 ticks)
Clique table members: 8244.
MIP emphasis: balance optimality and feasibility.
MIP search method: dynamic search.
Parallel mode: deterministic, using up to 8 threads.
Root relaxation solution time = 0.32 sec. (232.23 ticks)

        Nodes                                         Cuts/
   Node  Left     Objective  IInf  Best Integer    Best Bound    ItCnt     Gap

      0     0       46.0000  1231                     46.0000     1987         
      0     0       46.0000  3061                  Cuts: 2394     4878         
      0     0       46.0000  2927                  Cuts: 2394     6227         
      0     0       46.0000  2875                  Cuts: 2394     8578         
      0     0       46.0000  2740                  Cuts: 2394    10741         
      0     0       46.0000  2989                  Cuts: 1732    12044         
Detecting symmetries...
Detecting symmetries...
      0     2       46.0000  2366                     46.0000    12044         
Elapsed time = 18.05 sec. (26386.89 ticks, tree = 0.02 MB, solutions = 0)
     10    12       46.0000  2202                     46.0000    12244         
     17    14       46.0000  2508                     46.0000    13697         
     49    39       46.0000  2310                     46.0000    19557         
     92     8       46.0000  2244                     46.0000    12181         
    121   112       46.0000  2354                     46.0000    20271         
    174   120       46.0000  2359                     46.0000    23064         
    276   220       46.0000  2202                     46.0000    30695         
    404   261       46.0000  2191                     46.0000    33728         
    474   412       46.0000  2348                     46.0000    38039         
    604   580       76.0000  2061                     46.0000    61764         
Elapsed time = 22.31 sec. (29615.65 ticks, tree = 61.26 MB, solutions = 0)
    716   689      121.0000  1708                     46.0000    77459         
    727   713      136.0000  1727                     46.0000    80215         
    869   776       91.0000  1775                     46.0000    88046         
   1059   934      136.0000  1521                     46.0000    95879         
   1192  1122      151.0000  1509                     46.0000   106810         
   1396  1299      181.0000  1629                     46.0000   117881         
   1606  1423      181.0000  1541                     46.0000   127777         
   1784  1644      151.0000  1431                     46.0000   141133         
   1968  1878      151.0000  1402                     46.0000   161948         
   2185  2030      181.0000  1330                     46.0000   172199         
Elapsed time = 37.25 sec. (39296.18 ticks, tree = 263.08 MB, solutions = 0)
   2369  2166      181.0000  1311                     46.0000   180509         
   2532  2321      181.0000  1252                     46.0000   193312         
   2689  2521      100.0000  1785                     46.0000   210292         
   2853  2662       91.0000  1640                     46.0000   219806         
   3017  2806      151.0000  1361                     46.0000   232216         
   3289  2917      136.0000  1471                     46.0000   237439         
   3469  3182      181.0000  1317                     46.0000   247601         
   3667  3382      181.0000  1696                     46.0000   258474         
   3907  3557      181.0000  1087                     46.0000   274497         
   4130  3803      196.0000  1290                     46.0000   284200         
Elapsed time = 48.86 sec. (48868.65 ticks, tree = 518.77 MB, solutions = 0)
   4366  3983      181.0000   955                     46.0000   294727         
   4542  4249       91.0000  1647                     46.0000   308992         
   4697  4332      136.0000  1673                     46.0000   317363         
   4869  4550      181.0000  1153                     46.0000   340182         
   5085  4712      181.0000  1067                     46.0000   350363         
   5354  4982      136.0000  1413                     46.0000   357955         
   5641  5244      181.0000   992                     46.0000   364017         
   5875  5375      136.0000  1062                     46.0000   367529         
   6104  5601       91.0000  1320                     46.0000   375933         
   6306  5794       91.0000  1650                     46.0000   384400         
Elapsed time = 60.56 sec. (58431.96 ticks, tree = 809.50 MB, solutions = 0)
   6514  6022       91.0000  1491                     46.0000   392535         
   6711  6142      197.0000  1032                     46.0000   405543         
   6818  6314      181.0000   902                     46.0000   411827         
   7013  6531       91.0000  1340                     46.0000   420554         
   7194  6660       91.0000  1516                     46.0000   428362         
   7357  6932       91.0000  1291                     46.0000   443847         
   7482  6982       91.0000  1229                     46.0000   449841         
   7621  7167       91.0000  1859                     46.0000   469797         
   7782  7295      100.0000  1750                     46.0000   482831         
   7890  7412       91.0000  1207                     46.0000   488739         
Elapsed time = 71.67 sec. (68039.62 ticks, tree = 1048.06 MB, solutions = 0)
   8026  7524      197.0000   967                     46.0000   493230         
   8202  7680       91.0000  1735                     46.0000   501423         
   8342  7809       91.0000  2098                     46.0000   510179         
   8541  7912      136.0000  1390                     46.0000   516100         
   8718  8155      197.0000   966                     46.0000   537441         
   8811  8370    infeasible                           46.0000   548564         
   8819  8336      136.0000  1801                     46.0000   543520         
   8825  8418    infeasible                           46.0000   552561         
   8830  8417    infeasible                           46.0000   553999         
   8832  8416      121.0000  2105                     46.0000   556647         
Elapsed time = 92.35 sec. (78729.67 ticks, tree = 1197.54 MB, solutions = 0)
   8914  8442      136.0000  1744                     46.0000   562826         
   9144  8503      136.0000  1667                     46.0000   574625         
   9450  8619      136.0000  1450                     46.0000   575224         
   9693  9076      136.0000  1419                     46.0000   610689         
   9956  9030       91.0000  1553                     46.0000   605926         
  10231  9487       91.0000  1485                     46.0000   621737         
  10470  9340       91.0000  1429                     46.0000   616743         
  10724  9976      127.0000  1672                     46.0000   644181         
  11017 10288       91.0000  1859                     46.0000   662210         
  11301 10338       91.0000  1743                     46.0000   662676         
Elapsed time = 103.52 sec. (88284.37 ticks, tree = 1484.79 MB, solutions = 0)
  11585 10703       91.0000  1624                     46.0000   679527         
  11833 10805       91.0000  1615                     46.0000   681293         
  12114 11084       97.0000  1705                     46.0000   689077         
  12443 11508      116.0000  1799                     46.0000   703703         
  12699 11757       91.0000  1738                     46.0000   716203         
  12951 11966      116.0000  1663                     46.0000   718212         
  13162 12410      116.0000  1654                     46.0000   730321         
  13309 12639       92.0000  1605                     46.0000   744054         
  13615 12667    infeasible                           46.0000   745688         
  13890 12971       91.0000  1494                     46.0000   763688         
Elapsed time = 113.91 sec. (97866.29 ticks, tree = 1881.71 MB, solutions = 0)
  14142 13096       91.0000  1795                     46.0000   774232         
  14402 13389       91.0000  1503                     46.0000   783856         
  14641 13672      121.0000  1640                     46.0000   792556         
  14850 13895       91.0000  1944                     46.0000   813997         
  15174 14221       91.0000  1898                     46.0000   825837         
  15504 14279       91.0000  1753                     46.0000   826294         
  15814 14830       91.0000  1832                     46.0000   846892         
  16064 15014       91.0000  1684                     46.0000   856738         
  16277 15172       91.0000  1443                     46.0000   863760         
  16487 15684       91.0000  1407                     46.0000   889654         
Elapsed time = 125.95 sec. (107455.92 ticks, tree = 2293.44 MB, solutions = 0)
Nodefile size = 236.11 MB (155.77 MB after compression)
  16707 15812       91.0000  1640                     46.0000   898691         
  16990 15891       91.0000  1741                     46.0000   905382         
  17237 16236       91.0000  1765                     46.0000   917825         
  17515 16712       91.0000  1606                     46.0000   942739         
  17755 16783       91.0000  1438                     46.0000   947514         
  17946 16861       91.0000  2011                     46.0000   952748         
  18200 17359       91.0000  1805                     46.0000   977198         
  18551 17343       91.0000  1852                     46.0000   973811         
  18850 17639      136.0000  1492                     46.0000   985684         
  19976 18962      136.0000  1490                     46.0000  1037228         
Elapsed time = 143.56 sec. (119890.23 ticks, tree = 2795.37 MB, solutions = 0)
Nodefile size = 736.49 MB (478.70 MB after compression)
  20948 19679      101.0000  1734                     46.0000  1076390         
  21282 20468       91.0000  1531                     46.0000  1117674         
  22130 20893       91.0000  1625                     46.0000  1129965         
  23119 21545       91.0000  1950                     46.0000  1171495         
  24088 22868       91.0000  1514                     46.0000  1241401         
  25124 23671       91.0000  1445                     46.0000  1271905         
  26135 24936       91.0000  1712                     46.0000  1338021         
  27177 25933       91.0000  1639                     46.0000  1381172         
  28230 26606       91.0000  1554                     46.0000  1415720         
  29195 27836      125.0000  1754                     46.0000  1472508         
Elapsed time = 215.17 sec. (158075.05 ticks, tree = 3830.78 MB, solutions = 0)
Nodefile size = 1773.15 MB (1099.34 MB after compression)
  30296 28315       91.0000  1446                     46.0000  1495835         
  30962 29377      118.0000  1832                     46.0000  1535391         
  31715 30129      136.0000  1295                     46.0000  1565903         
  32645 30630      136.0000  1639                     46.0000  1595930         
  33497 31794       91.0000  1738                     46.0000  1622342         
  34412 32356       91.0000  1203                     46.0000  1651784         
  35275 33712       91.0000  1818                     46.0000  1698348         
  36079 34490      100.0000  1676                     46.0000  1738070         
  36797 35116       91.0000  1747                     46.0000  1774810         
  37727 35431       91.0000  1587                     46.0000  1791333         
Elapsed time = 336.83 sec. (196257.75 ticks, tree = 4252.51 MB, solutions = 0)
Nodefile size = 2175.54 MB (1233.87 MB after compression)
  38663 36992       91.0000  1558                     46.0000  1869131         
  39664 38003       91.0000  1824                     46.0000  1913156         
  40624 38345       91.0000  2165                     46.0000  1929281         
  41640 39629       91.0000  1440                     46.0000  1977707         
  42487 40061       91.0000  1626                     46.0000  1997452         
  43433 41134       92.0000  1788                     46.0000  2060721         
  43790 40999       91.0000  1392                     46.0000  2054084         

Performing restart 1

Repeating presolve.
Tried aggregator 1 time.
Reduced MIP has 9176 rows, 106743 columns, and 318275 nonzeros.
Reduced MIP has 100806 binaries, 2573 generals, 0 SOSs, and 3809 indicators.
Presolve time = 0.12 sec. (134.53 ticks)
Tried aggregator 1 time.
Reduced MIP has 9176 rows, 106743 columns, and 318275 nonzeros.
Reduced MIP has 100806 binaries, 2573 generals, 0 SOSs, and 3809 indicators.
Presolve time = 0.22 sec. (200.09 ticks)
Represolve time = 1.20 sec. (755.47 ticks)
  43791     0       46.0000  3445                  Cuts: 2394  2119310         
  43791     0       46.0000  3723                  Cuts: 2394  2121910         
  43791     0       46.0000  3955                  Cuts: 2394  2124281         
  43791     0       46.0000  4013                  Cuts: 2394  2127101         
  43791     2       46.0000  3077                     46.0000  2127101         
  44063   240       91.0000  2350                     46.0000  2146738         
  44780   806      151.0000  1748                     46.0000  2220961         
Elapsed time = 476.93 sec. (304504.51 ticks, tree = 83.52 MB, solutions = 0)
  44811   939      136.0000  2316                     46.0000  2231558         
  45296  1226      136.0000  1832                     46.0000  2258406         
  45948  1956       91.0000  2579                     46.0000  2283497         
  46521  2431      181.0000  1475                     46.0000  2329507         
  46947  2738      136.0000  2239                     46.0000  2365661         
  47508  3355      187.0000  1454                     46.0000  2391793         
  47616  3549      138.0000  1992                     46.0000  2436625         
  48012  3792      167.0000  2089                     46.0000  2479810         
  48607  4199      108.0000  2321                     47.0000  2512721         
  48835  4658      109.0000  2032                     47.0000  2547794         
Elapsed time = 536.24 sec. (343177.37 ticks, tree = 622.49 MB, solutions = 0)
  49359  4939      181.0000  1579                     47.0000  2574847         
  49991  5627      196.0000  1649                     47.0000  2629018         
  50188  5872       91.0000  3130                     47.0000  2665867         
  50567  6137      136.0000  1902                     47.0000  2718574         

Performing restart 2

Repeating presolve.
Tried aggregator 1 time.
Reduced MIP has 9176 rows, 106743 columns, and 356873 nonzeros.
Reduced MIP has 100806 binaries, 2573 generals, 0 SOSs, and 3809 indicators.
Presolve time = 0.14 sec. (147.43 ticks)
Tried aggregator 1 time.
Reduced MIP has 9176 rows, 106743 columns, and 356873 nonzeros.
Reduced MIP has 100806 binaries, 2573 generals, 0 SOSs, and 3809 indicators.
Presolve time = 0.25 sec. (214.23 ticks)
Represolve time = 1.61 sec. (1340.82 ticks)
  50608     0       46.0349  4576                  Cuts: 2394  2763072         
  50608     0       47.0000  4194                  Cuts: 2394  2767333         
  50608     0       47.0000  4256                  Cuts: 2394  2770053         
  50608     0       47.0000  4246                  Cuts: 2394  2775068         
  50608     0       47.0000  4256                  Cuts: 2394  2778374         
  50608     0       47.0000  4169                  Cuts: 2394  2782613         
  50608     0       47.0000  4174                  Cuts: 2394  2785521         
  50608     0       47.0000  4154                  Cuts: 2394  2789459         
  50608     0       47.0000  4120                  Cuts: 2394  2791922         
  50608     0       47.0000  4223                  Cuts: 2394  2794141         
  50608     0       47.6119  4133                  Cuts: 2394  2797356         
  50608     0       47.6119  4203                  Cuts: 2394  2799741         
  50608     2       47.6119  3430                     47.6119  2799741         
  50717    99       91.0000  2149                     56.8333  2807835         
  50995   331      159.0000  1791                     56.8333  2822227         
  51601   773      152.0000  1561                     56.8333  2832461         
  51869  1227      196.0000  1390                     56.8333  2856152         
  52057  1352      194.0000  1652                     57.2500  2880214         
Elapsed time = 811.45 sec. (671838.75 ticks, tree = 148.78 MB, solutions = 0)
  52309  1628      214.0000  1556                     58.4763  2924435         
  52580  1848      182.0000  1895                     58.4763  2941267         
  52789  2068      136.0000  2520                     58.4763  2958039         
  52920  2194      215.0000  1419                     58.4763  2976908         
  53006  2274      137.0000  2812                     58.4763  3003859         
  53072  2358      136.0000  2279                     58.4763  3037201         
  53153  2427      136.0000  2224                     58.4763  3066439         
  53278  2498      159.0000  2488                     58.4763  3097618         
  53433  2665      180.0000  1850                     58.4763  3132265         
  53593  2782      215.0000  1867                     58.4763  3147598         
Elapsed time = 888.23 sec. (710209.47 ticks, tree = 354.70 MB, solutions = 0)
  53745  2969      215.0000  1734                     58.4763  3189033         
  53902  3051      181.0000  2047                     58.4763  3198075         
  54054  3231      205.0000  2014                     58.4763  3224215         
  54149  3296      152.0000  2413                     58.4763  3244717         
  54219  3390      210.0000  1760                     58.4763  3252475         
  54273  3436      136.0000  2704                     58.4763  3302550         
  54354  3513      136.0000  3047                     58.4763  3344214         
  54473  3660      142.0000  2721                     58.4763  3394413         
  54601  3690      137.0000  2243                     58.4763  3399808         
  54663  3809      181.0000  2498                     58.4763  3433226         
Elapsed time = 962.27 sec. (748591.14 ticks, tree = 512.81 MB, solutions = 0)
  54741  3870      146.0000  2280                     58.4763  3448912         
  54850  3955      136.0000  2566                     58.4763  3489784         
  54977  4107      181.0000  2260                     58.4763  3522064         
  55135  4218      181.0000  1976                     58.4763  3534952         
  55258  4360      188.0000  1966                     58.4763  3555976         
  55380  4470      188.0000  1945                     58.4763  3567269         
  55532  4555      216.0000  1696                     58.4763  3575242         
  55697  4678      181.0000  2107                     58.4763  3639695         
  55888  4842      193.0000  2256                     58.4763  3664396         
  56087  5084      139.0000  2301                     58.4763  3694811         
Elapsed time = 1031.81 sec. (786986.32 ticks, tree = 708.80 MB, solutions = 0)
  56256  5192      195.0000  1880                     58.4763  3710047         
  56422  5349      153.0000  2127                     58.4763  3729781         
  56589  5525      153.0000  1969                     58.4763  3757753         
  56737  5638      142.0000  2626                     58.4763  3780172         
  56885  5782      164.0000  2146                     58.4763  3798805         
  57024  6005      187.0000  1973                     58.4763  3843832         
  57209  6072      188.0000  1928                     58.4763  3853380         
  57429  6247      188.0000  1890                     58.4763  3889242         
  57599  6512      187.0000  1984                     58.4763  3926217         
  57744  6675    infeasible                           58.4763  3942503         
Elapsed time = 1103.66 sec. (825316.78 ticks, tree = 953.55 MB, solutions = 0)
  57834  6762      211.0000  1533                     58.4763  3972177         
  57913  6856      143.0000  2904                     58.4763  3994108         
  57951  6937      136.0000  3239                     58.4763  4030485         
  57993  6961      136.0000  2402                     58.4763  4036132         
  58058  7014      136.0000  2430                     58.4763  4077023         
  58112  7029      148.0000  2308                     58.4763  4082336         
  58231  7104      145.0000  2712                     58.4763  4126898         
  58332  7252      189.0000  2317                     58.4763  4158801         
  58434  7349      203.0000  2098                     58.4763  4172424         
  58565  7378      203.0000  1981                     58.4763  4173595         
Elapsed time = 1170.26 sec. (864048.02 ticks, tree = 1068.52 MB, solutions = 0)
  58698  7606      196.0000  1724                     58.4763  4255886         
  58847  7709      203.0000  1893                     58.4763  4275354         
  59020  7745      203.0000  1823                     58.4763  4277215         
  59154  7991      204.0000  1976                     58.4763  4312153         
  59287  8134      203.0000  1710                     58.4763  4344916         
  59401  8133      181.0000  1927                     58.4763  4342023         
  59491  8388      166.0000  1934                     58.4763  4372517         
  59557  8372      103.0000  3814                     66.6958  4384216         
  59597  8310       93.2907  3876                     66.6958  4379069         
  59659  8468       93.2907  3943                     66.6958  4444491         
Elapsed time = 1240.00 sec. (902508.56 ticks, tree = 1246.80 MB, solutions = 0)
  59787  8597      174.0000  2055                     66.6958  4481621         
  59966  8648      148.0000  2448                     66.6958  4513339         
  60169  8798      149.0000  2447                     66.6958  4534942         
  60367  9028      204.0000  1979                     66.6958  4568791         
  60506  9131      194.0000  2057                     66.6958  4579040         
  60691  9295      211.0000  1761                     66.6958  4598964         
  60818  9520      193.0000  1771                     66.6958  4625428         
  60873  9551      193.0000  1676                     66.6958  4627804         
  60925  9519      164.0000  2683                     66.6958  4634013         
  60990  9560      136.0000  3405                     66.6958  4650338         
Elapsed time = 1317.52 sec. (940862.54 ticks, tree = 1424.73 MB, solutions = 0)
  61061  9620      164.0000  2327                     66.6958  4657819         
  61123  9684      193.0000  2253                     66.6958  4669612         
  61189  9823      185.0000  2078                     66.6958  4692399         
  61294  9952      185.0000  2038                     66.6958  4718956         
  61389 10029      159.0000  2417                     66.6958  4753693         
  61448 10106      136.0000  2349                     66.6958  4781858         
  61530 10100    infeasible                           66.6958  4770908         
  61616 10160      141.0000  2263                     66.6958  4787678         
  61706 10213      197.0000  1974                     66.6958  4792521         
  61781 10334      181.0000  1916                     66.6958  4805614         
Elapsed time = 1395.74 sec. (979462.81 ticks, tree = 1552.63 MB, solutions = 0)
  61834 10366      182.0000  2333                     66.6958  4811511         
  61870 10469      182.0000  2030                     66.6958  4819066         
  61902 10501      205.0000  2069                     66.6958  4821719         
  61933 10532      205.0000  1915                     66.6958  4825305         
  61966 10561      211.0000  1833                     66.6958  4828097         
  61970  9895       91.0000  4176                     67.0000  4723540         
  61971 10577       76.8919  4535                     67.0000  4849196         
  61978 10634       91.0000  4175                     67.0000  4894256         
  61982 10636       91.0000  4271                     67.0000  4917835         
  61992 10641      103.0000  3841                     67.0000  4907936         
Elapsed time = 1461.07 sec. (1028929.89 ticks, tree = 1604.11 MB, solutions = 0)
  62004 10738      147.0000  3417                     67.0000  4972729         
  62030 10759      166.0000  2753                     67.0000  4975382         
  62059 10747      136.0000  3159                     67.0000  5000874         
  62116 10760      167.0000  2493                     67.0000  5003518         
  62167 10886      184.0000  2217                     67.0000  5042540         
  62224 10927      192.6128  2645                     67.0000  5051588         
  62263 10992      202.0000  1933                     67.0000  5074404         
  62305 11032      210.0000  1917                     67.0000  5076945         
  62338 11063      213.0000  1866                     67.0000  5079558         
  62371 11141      213.0000  1790                     67.0000  5096387         
Elapsed time = 1524.81 sec. (1068764.86 ticks, tree = 1687.41 MB, solutions = 0)
  62411 11171      217.0000  1670                     67.0000  5099212         
  62423 11131      136.0000  3266                     67.0000  5106296         
  62435 11143      136.0000  3350                     67.0000  5123436         
  62466 11155      136.0000  2921                     67.0000  5125576         
  62508 11174      202.0000  2253                     67.0000  5151164         
  62552 11234      137.0000  2886                     67.0000  5188725         
  62575 11180      136.0000  3161                     67.0000  5179791         
  62608 11315      136.0000  3294                     67.0000  5221743         
  62645 11367      222.0000  2300                     67.0000  5240551         
  62685 11329      136.0000  2708                     67.0000  5229926         
Elapsed time = 1583.71 sec. (1107859.11 ticks, tree = 1719.28 MB, solutions = 0)
  62734 11455      204.0000  2010                     67.0000  5277320         
  62777 11472      204.0000  2021                     67.0000  5278202         
  62816 11428      167.0000  2420                     67.0000  5277044         
  62887 11538      150.0000  2437                     67.0000  5307535         
  62936 11499      182.0000  2345                     67.0000  5295813         
  63010 11582      181.0000  2034                     67.0000  5315937         
  63086 11798      192.0000  1992                     67.0000  5383631         
  63163 11885      216.0000  1718                     67.0000  5397188         
  63217 11910      217.0000  1675                     67.0000  5400867         
  63257 11944    infeasible                           67.0000  5421095         
Elapsed time = 1650.62 sec. (1146610.00 ticks, tree = 1832.89 MB, solutions = 0)
  63305 11971      216.0000  2004                     67.0000  5424479         
  63331 11923      104.0000  4124                     67.0000  5435701         
  63344 12007      114.0000  3717                     67.0000  5467526         
  63350 12116      103.0000  4057                     67.0000  5501954         
  63361 12011      140.0000  3262                     67.0000  5473854         
  63402 12130      136.0000  3757                     67.0000  5513313         
  63454 12183      136.0000  3801                     67.0000  5544481         
  63509 12207      193.0000  2372                     67.0000  5542599         
  63579 12211      159.0000  2598                     67.0000  5549955         
  63651 12377      159.0000  2602                     67.0000  5618312         
Elapsed time = 1713.81 sec. (1186693.31 ticks, tree = 1912.85 MB, solutions = 0)
  63742 12402      159.0000  2499                     67.0000  5621316         
  63828 12431      159.0000  2361                     67.0000  5624184         
  63948 12459      164.0000  2369                     67.0000  5626831         
  64077 12424      177.0000  2613                     67.0000  5650214         
  64171 12723      209.0000  1914                     67.0000  5701652         
  64280 12694      215.0000  2119                     67.0000  5693152         
  64353 12778      136.0000  2539                     67.0000  5713114         
  64390 12805      136.0000  2342                     67.0000  5715256         
  64415 12791      113.5000  4088                     67.0000  5732904         
  64450 13095      213.0000  2026                     67.0000  5781280         
Elapsed time = 1777.87 sec. (1225246.18 ticks, tree = 2045.55 MB, solutions = 0)
  64497 13131      185.0000  2116                     67.0000  5783593         
  64539 12995      106.0000  4469                     67.0000  5772168         
  64595 13218      222.0000  1916                     67.0000  5834678         
  64629 13101      147.0000  3938                     67.0000  5800444         

GUB cover cuts applied:  4996
Clique cuts applied:  161
Cover cuts applied:  73
Implied bound cuts applied:  1244
Flow cuts applied:  62
Mixed integer rounding cuts applied:  3437
Zero-half cuts applied:  28
Gomory fractional cuts applied:  5

Root node processing (before b&c):
  Real time             =   17.86 sec. (26277.94 ticks)
Parallel b&c, 8 threads:
  Real time             = 1783.04 sec. (1289613.72 ticks)
  Sync time (average)   =  519.02 sec.
  Wait time (average)   =    0.28 sec.
                          ------------
Total (root+branch&cut) = 1800.90 sec. (1315891.67 ticks)
! --------------------------------------------------------
! Problem is UNKNOWN
! CPLEX Status = AbortTimeLim
! --------------------------------------------------------
