! Solving for graph /home/truongxuanhieu/CPLEX-MIP-for-MinSpanLabeling/benchmarks/abp/R-dwt__503.mtx.rnd
! Target value is set to 31
! Lower bound is set to 32
! Upper bound is set to 251
! Time limit is set to 1800
! Vertices mode is set to No hole
! Target value mode is set to Antibandwidth
Version identifier: 22.2.0.0 | 2026-05-04 | 5dff98e58
CPXPARAM_TimeLimit                               1800
Tried aggregator 2 times.
MIP Presolve eliminated 2764 rows and 1131 columns.
MIP Presolve modified 252288 coefficients.
Aggregator did 7033 substitutions.
Reduced MIP has 13815 rows, 138686 columns, and 413009 nonzeros.
Reduced MIP has 129393 binaries, 3266 generals, 0 SOSs, and 6027 indicators.
Presolve time = 0.42 sec. (938.22 ticks)
Probing time = 0.59 sec. (283.47 ticks)
Tried aggregator 1 time.
Detecting symmetries...
Reduced MIP has 13815 rows, 138686 columns, and 413009 nonzeros.
Reduced MIP has 129393 binaries, 3769 generals, 0 SOSs, and 6027 indicators.
Presolve time = 0.30 sec. (261.09 ticks)
Probing time = 0.07 sec. (30.81 ticks)
Clique table members: 9639.
MIP emphasis: balance optimality and feasibility.
MIP search method: dynamic search.
Parallel mode: deterministic, using up to 8 threads.
Root relaxation solution time = 0.40 sec. (382.41 ticks)

        Nodes                                         Cuts/
   Node  Left     Objective  IInf  Best Integer    Best Bound    ItCnt     Gap

      0     0       32.0000  1820                     32.0000     3239         
      0     0       32.0000  4328                  Cuts: 3553     6873         
      0     0       32.0000  4195                  Cuts: 3553     8460         
      0     0       32.0000  4216                  Cuts: 3553    11074         
Detecting symmetries...
      0     2       32.0000  4216                     32.0000    11074         
Elapsed time = 24.67 sec. (35315.11 ticks, tree = 0.02 MB, solutions = 0)
      8    10       32.0000  3820                     32.0000    11564         
     14    16       32.0000  3583                     32.0000    11842         
     20    16       32.0000  4056                     32.0000    13289         
     38    28       32.0542  4501                     32.0000    15922         
     50    47       32.0000  3901                     32.0000    26899         
     71    69       32.0000  3670                     32.0000    28422         
     96    83       32.0000  3410                     32.0000    34178         
    128    94       63.0000  2823                     32.0000    38828         
    149   123       63.0000  2885                     32.0000    43406         
    240   164       63.0000  3100                     32.0000    54840         
Elapsed time = 30.98 sec. (38722.29 ticks, tree = 17.27 MB, solutions = 0)
    251   253       64.0000  2937                     32.0000    67319         
    293   272       64.0000  2873                     32.0000    69512         
    424   323       63.0000  3073                     32.0000    82182         
    560   422       64.0000  2764                     32.0000    91146         
    679   623      117.0000  2451                     32.0000   103923         
    796   669      125.0000  2317                     32.0000   104658         
    934   798       94.0000  2020                     32.0000   110557         
   1099   959       94.0000  1993                     32.0000   116705         
   1249  1065      101.0000  2198                     32.0000   122960         
   1415  1179       63.0000  2641                     32.0000   131898         
Elapsed time = 44.26 sec. (48372.05 ticks, tree = 216.18 MB, solutions = 0)
   1592  1466      117.0000  2394                     32.0000   148020         
   1808  1599      157.0000  2043                     32.0000   152610         
   2020  1851      118.0000  2448                     32.0000   161317         
   2189  1879      115.0000  2225                     32.0000   163077         
   2389  2097      125.0000  1886                     32.0000   173915         
   2589  2269      125.0000  1843                     32.0000   177822         
   2779  2410      156.0000  1984                     32.0000   183990         
   2967  2693      125.0000  2099                     32.0000   197625         
   3157  2737      156.0000  1828                     32.0000   198557         
   3341  3027       63.0000  2703                     32.0000   214680         
Elapsed time = 57.14 sec. (57958.20 ticks, tree = 609.21 MB, solutions = 0)
   3476  3159      157.0000  1717                     32.0000   222434         
   3542  3237      125.0000  1958                     32.0000   231344         
   3632  3328       94.0000  2630                     32.0000   245670         
   3823  3476    infeasible                           32.0000   255915         
   4027  3535      157.0000  1916                     32.0000   259245         
   4239  3815      160.0000  2323                     32.0000   272673         
   4482  3935       94.0000  2292                     32.0000   276926         
   4646  4264      166.0000  2318                     32.0000   286367         
   4801  4368      125.0000  1989                     32.0000   292644         
   4933  4560      119.0000  2571                     32.0000   306728         
Elapsed time = 69.59 sec. (67568.64 ticks, tree = 937.44 MB, solutions = 0)
   5070  4683       94.0000  2422                     32.0000   327782         
   5196  4799       94.0000  2448                     32.0000   332915         
   5363  4986      125.0000  1839                     32.0000   350452         
   5525  5037      187.0000  1370                     32.0000   357758         
   5665  5246      188.0000  1591                     32.0000   366902         
   5814  5387       94.0000  2230                     32.0000   372873         
   5945  5535      125.0000  1877                     32.0000   385795         
   6057  5563       63.0000  3120                     32.0000   393051         
   6192  5690    infeasible                           32.0000   401559         
   6329  5857       94.0000  2321                     32.0000   416337         
Elapsed time = 81.18 sec. (77153.40 ticks, tree = 1215.81 MB, solutions = 0)
   6471  5937       94.0000  2427                     32.0000   425077         
   6647  5981       63.0000  2774                     32.0000   433624         
   6840  6130       94.0000  2206                     32.0000   444163         
   7026  6312      125.0000  2084                     32.0000   455534         
   7240  6504      188.0000  1445                     32.0000   467562         
   7369  6803       94.0000  2606                     32.0000   482843         
   7480  6896      125.0000  2171                     32.0000   491874         
   7589  6866       66.4199  3481                     32.0000   493345         
   7703  7037       94.0000  2528                     32.0000   509154         
   7882  7225       94.0000  2377                     32.0000   534618         
Elapsed time = 92.35 sec. (86752.26 ticks, tree = 1511.93 MB, solutions = 0)
   7986  7280       94.0000  2250                     32.0000   541846         
   8152  7424      125.0000  2106                     32.0000   551099         
   8379  7608      125.0000  2107                     32.0000   564411         
   8562  7935      187.0000  1948                     32.0000   581138         
   8705  7922      125.0000  2085                     32.0000   580920         
   8875  8195      125.0000  2067                     32.0000   601994         
   9129  8215      188.0000  1373                     32.0000   604174         
   9292  8307      125.0000  2218                     32.0000   609418         
   9492  8676      125.0000  2526                     32.0000   621013         
   9696  8722      125.0000  2272                     32.0000   621418         
Elapsed time = 103.53 sec. (96335.65 ticks, tree = 1837.61 MB, solutions = 0)
   9915  8803      121.0000  2508                     32.0000   630767         
  10124  9086      125.0000  2184                     32.0000   637622         
  10314  9217       63.0000  2968                     32.0000   648631         
  10457  9454      125.0000  2019                     32.0000   653536         
  10589  9677       94.0000  2088                     32.0000   668610         
  10703  9785      125.0000  2140                     32.0000   680288         
  10837  9784      188.0000  1371                     32.0000   682138         
  10953  9996       63.0000  2781                     32.0000   694636         
  11105 10178       94.0000  2408                     32.0000   708825         
  11207 10268       94.0000  2347                     32.0000   711420         
Elapsed time = 115.67 sec. (105939.61 ticks, tree = 2174.42 MB, solutions = 0)
Nodefile size = 107.91 MB (71.37 MB after compression)
  11320 10431       94.0000  2218                     32.0000   725657         
  11477 10395       94.0000  2075                     32.0000   724278         
  11604 10446      188.0000  1350                     32.0000   728325         
  11738 10639      125.0000  1908                     32.0000   731592         
  11888 10689      188.0000  1353                     32.0000   743039         
  12045 11015      125.0000  2243                     32.0000   754835         
  12222 11061      125.0000  2143                     32.0000   754914         
  12396 11245      125.0000  1926                     32.0000   766725         
  12570 11260       63.0000  3021                     32.0000   769021         
  12725 11516      125.0000  2154                     32.0000   783382         
Elapsed time = 128.83 sec. (115533.25 ticks, tree = 2448.95 MB, solutions = 0)
Nodefile size = 377.52 MB (247.34 MB after compression)
  12917 11735      125.0000  1976                     32.0000   797965         
  13082 11953      125.0000  2086                     32.0000   802571         
  13274 11986       94.0000  2441                     32.0000   823219         
  13448 12374       94.0000  2326                     32.0000   840258         
  13642 12440       63.0000  3007                     32.0000   845964         
  13835 12538      125.0000  1914                     32.0000   849664         
  14049 12720      125.0000  2456                     32.0000   865834         
  14297 12763      125.0000  2157                     32.0000   866391         
  14502 13145       94.0000  3105                     32.0000   883682         
  14786 13548       94.0000  2231                     32.0000   901086         
Elapsed time = 148.43 sec. (127988.93 ticks, tree = 2895.05 MB, solutions = 0)
Nodefile size = 832.60 MB (545.01 MB after compression)
  15035 13714      187.0000  2429                     32.0000   905706         
  15282 13928       94.0000  2498                     32.0000   917720         
  15990 14283      156.0000  1942                     32.0000   942317         
  16685 15097      156.0000  1663                     32.0000   980248         
  17364 15778      125.0000  1877                     32.0000  1012230         
  18281 16317      125.0000  2271                     32.0000  1047851         
  19191 17176      156.0000  2046                     32.0000  1082233         
  19862 18316      125.0000  2270                     32.0000  1160517         
  20667 18781       94.0000  2350                     32.0000  1195251         
  21405 19779       63.0000  2965                     32.0000  1265226         
Elapsed time = 202.66 sec. (166620.39 ticks, tree = 4277.73 MB, solutions = 0)
Nodefile size = 2214.53 MB (1459.74 MB after compression)
  22196 20051       94.0000  2193                     32.0000  1288165         
  22888 21092      187.0000  1629                     32.0000  1348278         
  23524 21632      141.0000  2474                     32.0000  1389685         
  24436 22086      125.0000  2075                     32.0000  1418698         
  25336 23248      156.0000  2155                     32.0000  1464421         
  25981 24158       94.0000  2555                     32.0000  1511694         

Performing restart 1

Repeating presolve.
Tried aggregator 1 time.
Reduced MIP has 13815 rows, 138686 columns, and 413009 nonzeros.
Reduced MIP has 129393 binaries, 3769 generals, 0 SOSs, and 6027 indicators.
Presolve time = 0.16 sec. (180.70 ticks)
Tried aggregator 1 time.
Reduced MIP has 13815 rows, 138686 columns, and 413009 nonzeros.
Reduced MIP has 129393 binaries, 3769 generals, 0 SOSs, and 6027 indicators.
Presolve time = 0.33 sec. (271.00 ticks)
Represolve time = 1.49 sec. (935.80 ticks)
  26397     0       32.0000  4912                  Cuts: 3553  1565921         
  26397     0       32.0000  4866                  Cuts: 3553  1569054         
  26397     0       32.0000  5153                  Cuts: 3553  1571512         
  26397     0       32.0000  5515                  Cuts: 2584  1575922         
  26397     0       32.0000  5434                  Cuts: 3553  1582767         
  26397     0       32.0000  5249                  Cuts: 3553  1587011         
  26397     0       32.0263  5933                  Cuts: 3553  1593766         
  26397     0       32.1250  5804                  Cuts: 3553  1597194         
  26397     0       32.1250  5896                  Cuts: 3553  1600028         
  26397     2       32.1250  5144                     32.1250  1600028         
  26624   186       94.0000  2606                     37.3333  1617098         
  26854   370       94.0000  2807                     38.0000  1647333         
  27578   913       94.0000  2991                     38.0000  1697317         
Elapsed time = 409.36 sec. (445191.40 ticks, tree = 148.98 MB, solutions = 0)
  28096  1450      156.0000  2276                     38.0000  1720583         
  28626  1954       94.0000  3099                     38.0000  1758815         
  29217  2533      168.0000  1968                     38.0000  1787320         
  29536  2784    infeasible                           38.0000  1801907         
  29548  2942    infeasible                           38.0000  1807148         
  29555  2944       63.0000  4351                     38.0000  1814426         
  29790  3070       94.0000  3475                     38.0000  1835474         
  30198  3388      125.0000  2617                     38.0000  1868702         
  30710  3956      127.0000  2516                     38.0000  1896984         
  31193  4321      100.0000  2715                     38.0000  1924897         
Elapsed time = 477.51 sec. (485124.75 ticks, tree = 850.72 MB, solutions = 0)
  31747  4846      187.0000  2278                     38.0000  1949416         
  32424  5452      159.0000  2145                     38.0000  1980737         
  33102  6172      187.0000  1946                     38.0000  1999341         
  33665  6736      157.0000  1803                     38.0000  2016429         
  33789  6773    infeasible                           38.0000  2019777         
  33798  6992    infeasible                           38.0000  2036113         
  33828  7071       94.0000  3218                     38.0000  2042764         
  33935  7147       94.0000  2784                     39.0000  2085406         
  34098  7316      126.0000  2506                     39.0000  2143758         
  34290  7448      156.0000  2422                     39.0000  2166059         
Elapsed time = 539.80 sec. (523835.49 ticks, tree = 1499.25 MB, solutions = 0)
  34361  7088       39.0000  5112                     39.0000  2083806         

Performing restart 2

Repeating presolve.
Tried aggregator 1 time.
Reduced MIP has 13815 rows, 138686 columns, and 438119 nonzeros.
Reduced MIP has 129393 binaries, 3769 generals, 0 SOSs, and 6027 indicators.
Presolve time = 0.19 sec. (189.64 ticks)
Tried aggregator 1 time.
Reduced MIP has 13815 rows, 138686 columns, and 438119 nonzeros.
Reduced MIP has 129393 binaries, 3769 generals, 0 SOSs, and 6027 indicators.
Presolve time = 0.33 sec. (269.18 ticks)
Represolve time = 3.57 sec. (3613.42 ticks)
  34362     0       37.1667  5704                  Cuts: 3553  2232017         
  34362     0       38.0000  5453                  Cuts: 3553  2235628         
  34362     0       38.0000  5531                  Cuts: 3553  2241008         
  34362     0       39.7500  5737                  Cuts: 3553  2248789         
  34362     0       39.7500  5698                  Cuts: 3553  2253121         
  34362     0       39.8273  5731                  Cuts: 3553  2259193         
  34362     0       39.8278  5896                  Cuts: 3553  2262682         
  34362     0       39.8278  6024                  Cuts: 3553  2267707         
  34362     0       40.0323  5774                  Cuts: 3300  2274792         
  34362     0       40.8184  5755                  Cuts: 3553  2279085         
  34362     0       41.1973  5809                  Cuts: 3553  2283385         
  34362     0       41.3602  5908                  Cuts: 3553  2288065         
  34362     0       41.3602  5964                  Cuts: 3553  2294271         
  34362     0       41.4008  5891                  Cuts: 3553  2303130         
  34362     0       41.4123  5712                  Cuts: 3553  2308260         
  34362     0       41.4123  5806                  Cuts: 3553  2312580         
  34362     0       41.4124  5988                  Cuts: 3553  2316707         
  34362     0       41.4289  5800                  Cuts: 3553  2324780         
  34362     0       41.4289  5638                  Cuts: 3553  2331966         
  34362     0       41.4289  5642                  Cuts: 3553  2338320         
  34362     2       41.4289  5642                     41.4289  2338320         
  34372    10       63.0000  4411                     47.5000  2343600         
  34408    44      125.0000  3105                     47.5000  2351753         
  34446    82      156.0000  3040                     47.5000  2358055         
  34512   133      218.0000  2810                     47.5000  2361318         
  34626   228       94.0000  3082                     47.5000  2375714         
  34735   319      219.0000  2820                     48.0000  2397764         
  34900   466      125.0000  2728                     48.0000  2414717         
  35170   616      187.0000  2652                     48.0000  2424367         
Elapsed time = 1134.70 sec. (1293893.64 ticks, tree = 98.14 MB, solutions = 0)
  35452   791      187.0000  2588                     48.0000  2433243         
  35722  1172      218.0000  2518                     48.0000  2446741         
  35957  1509      187.0000  2587                     48.0000  2464789         
  36176  1625      125.0000  2582                     48.0000  2474378         
  36358  1865      187.0000  2547                     48.0000  2498718         
  36451  1973      187.0000  2518                     48.0000  2513499         
  36554  2085      199.0000  2409                     48.0000  2533698         
  36662  2201      156.0000  2695                     48.0000  2543264         
  36796  2326      156.0000  2748                     63.0000  2567971         
  36952  2469      187.0000  2635                     63.0000  2591283         
Elapsed time = 1214.91 sec. (1332307.87 ticks, tree = 479.01 MB, solutions = 0)
  37198  2527      126.0000  2911                     63.0000  2600935         
  37772  2892      156.0000  2618                     63.0000  2626547         
  38254  3574      125.0000  2746                     63.0000  2653067         
  38450  3853      187.0000  2722                     63.0000  2686866         
  38630  4041      187.0000  2598                     63.0000  2702616         
  38790  4143      251.0000  2550                     63.0000  2716609         
  38969  4348    infeasible                           63.0000  2734066         
  39049  4460      191.0000  2610                     63.0000  2749941         
  39141  4551      156.0000  3254                     63.0000  2787765         
  39232  4612      156.0000  2977                     63.0000  2808712         
Elapsed time = 1289.34 sec. (1370587.17 ticks, tree = 925.71 MB, solutions = 0)
  39318  4728      187.0000  2887                     63.0000  2836432         
  39449  4829      187.0000  2969                     63.0000  2865241         
  39585  4908      125.0000  3871                     63.0000  2882593         
  39715  5101      187.0000  3024                     63.0000  2899731         
  39856  5220      187.0000  2977                     63.0000  2919357         
  39995  5385      187.0000  2951                     63.0000  2941155         
  40122  5415      193.0000  2982                     63.0000  2947061         
  40274  5594      193.0000  2903                     63.0000  2975073         
  40418  5673      187.0000  2719                     63.0000  3004446         
  40556  5825      209.0000  2761                     63.0000  3019633         
Elapsed time = 1367.65 sec. (1409050.93 ticks, tree = 1208.98 MB, solutions = 0)
  40658  5990      225.0000  2875                     63.0000  3032401         
  40768  6095      125.0000  3236                     63.0000  3050642         
  40894  6199      218.0000  2939                     63.0000  3061683         
  41010  6332      218.0000  2785                     63.0000  3084216         
  41127  6403      125.0000  3101                     63.0000  3090662         
  41198  6500      156.0000  3178                     63.0000  3108345         
  41273  6588      125.0000  2966                     63.0000  3116986         
  41346  6608      188.0000  2896                     63.0000  3120384         
  41441  6781      156.0000  3051                     63.0000  3151333         
  41536  6859      125.0000  3936                     63.0000  3171473         
Elapsed time = 1445.75 sec. (1447718.98 ticks, tree = 1452.85 MB, solutions = 0)
  41633  6934      156.0000  2956                     63.0000  3173497         
  41708  7043      187.0000  2890                     63.0000  3194439         
  41766  7117      156.0000  3129                     63.0000  3230988         
  41842  7161      218.0000  2709                     63.0000  3238202         
  41932  7156      218.0000  3421                     63.0000  3267029         
  42024  7261      125.0000  3507                     63.0000  3287949         
  42094  7378      218.0000  2974                     63.0000  3289745         
  42146  7483       94.0000  3983                     63.0000  3338368         
  42190  7526      125.0000  4098                     63.0000  3360637         
  42255  7567      156.0000  3053                     63.0000  3369993         
Elapsed time = 1515.77 sec. (1486299.35 ticks, tree = 1621.63 MB, solutions = 0)
  42351  7613      249.0000  2653                     63.0000  3373963         
  42462  7631      218.0000  3424                     63.0000  3396402         
  42575  7777      156.0000  3754                     63.0000  3424845         
  42662  7943      203.0000  2967                     63.0000  3440262         
  42766  8050      203.0000  2891                     63.0000  3465265         
  42852  8160      156.0000  3007                     63.0000  3470912         
  42902  8185      156.0000  2910                     63.0000  3472217         
  42947  8274      156.0000  3057                     63.0000  3484957         
  42998  8310      156.0000  2902                     63.0000  3512722         
  43054  8344      156.0000  3303                     63.0000  3534049         
Elapsed time = 1588.94 sec. (1524945.57 ticks, tree = 1808.54 MB, solutions = 0)
  43137  8368      156.0000  3188                     63.0000  3535784         
  43206  8490      241.0000  2821                     63.0000  3567610         
  43300  8586      241.0000  2764                     63.0000  3585014         
  43405  8619      241.0000  2808                     63.0000  3586638         
  43521  8826      125.0000  3164                     63.0000  3646520         
  43639  8902      195.0000  2982                     63.0000  3649936         
  43719  8899      156.0000  3794                     63.0000  3693603         
  43773  8911      188.0000  3560                     63.0000  3697120         
  43828  9154      125.0000  3924                     63.0000  3745345         
  43882  9180      187.0000  2828                     63.0000  3731107         
Elapsed time = 1656.94 sec. (1563431.95 ticks, tree = 2016.45 MB, solutions = 0)
  43943  9219      125.0000  4327                     63.0000  3777859         
  44008  9264      246.0000  2849                     63.0000  3790165         
  44088  9284      156.0000  3367                     63.0000  3797002         
  44193  9346      219.0000  3147                     63.0000  3805160         
  44276  9454      171.0000  3354                     63.0000  3826574         
  44358  9466      156.0000  4015                     63.0000  3836184         
  44443  9657      171.0000  3201                     63.0000  3855730         
  44534  9716      156.0000  4034                     63.0000  3877750         
  44633  9723      218.0000  3298                     63.0000  3881709         
  44724  9810      125.0000  4323                     63.0000  3914522         
Elapsed time = 1739.68 sec. (1601817.29 ticks, tree = 2176.53 MB, solutions = 0)
Nodefile size = 119.33 MB (90.19 MB after compression)
  44788  9930      250.0000  2839                     63.0000  3916354         
  44854  9997      125.0000  3895                     63.0000  3939433         
  44918 10115      250.0000  2971                     63.0000  3960437         
  45008 10201      249.0000  2932                     63.0000  3988903         
  45083 10277      125.0000  3398                     63.0000  4017747         
  45171 10297      250.0000  2752                     63.0000  4002627         
  45255 10409      250.0000  2688                     63.0000  4053388         
  45351 10369      188.0000  3130                     63.0000  4050809         
  45397 10433       94.0000  4491                     63.0000  4068835         
  45400  8750       94.0000  4736                     63.0000  3696291         
Elapsed time = 1801.54 sec. (1687054.91 ticks, tree = 1908.86 MB, solutions = 0)

GUB cover cuts applied:  3556
Clique cuts applied:  435
Cover cuts applied:  292
Implied bound cuts applied:  3017
Flow cuts applied:  175
Mixed integer rounding cuts applied:  5459
Zero-half cuts applied:  50
Gomory fractional cuts applied:  6

Root node processing (before b&c):
  Real time             =   24.49 sec. (35209.07 ticks)
Parallel b&c, 8 threads:
  Real time             = 1777.09 sec. (1651932.06 ticks)
  Sync time (average)   =  309.66 sec.
  Wait time (average)   =    1.12 sec.
                          ------------
Total (root+branch&cut) = 1801.57 sec. (1687141.14 ticks)
! --------------------------------------------------------
! Problem is UNKNOWN
! CPLEX Status = AbortTimeLim
! --------------------------------------------------------
