! Solving for graph /home/truongxuanhieu/CPLEX-MIP-for-MinSpanLabeling/benchmarks/abp/U-662_bus.mtx.rnd
! Target value is set to 110
! Lower bound is set to 111
! Upper bound is set to 331
! Time limit is set to 1800
! Vertices mode is set to No hole
! Target value mode is set to Antibandwidth
Version identifier: 22.2.0.0 | 2026-05-04 | 5dff98e58
CPXPARAM_TimeLimit                               1800
Tried aggregator 2 times.
MIP Presolve eliminated 908 rows and 1489 columns.
MIP Presolve modified 438025 coefficients.
Aggregator did 3798 substitutions.
Reduced MIP has 7266 rows, 224568 columns, and 672353 nonzeros.
Reduced MIP has 220525 binaries, 1569 generals, 0 SOSs, and 2474 indicators.
Presolve time = 0.68 sec. (1167.76 ticks)
Probing time = 0.84 sec. (408.34 ticks)
Tried aggregator 2 times.
Detecting symmetries...
Aggregator did 76 substitutions.
Reduced MIP has 7190 rows, 224492 columns, and 672277 nonzeros.
Reduced MIP has 220525 binaries, 2155 generals, 0 SOSs, and 2474 indicators.
Presolve time = 0.65 sec. (567.66 ticks)
Probing time = 0.10 sec. (45.97 ticks)
Clique table members: 11879.
MIP emphasis: balance optimality and feasibility.
MIP search method: dynamic search.
Parallel mode: deterministic, using up to 8 threads.
Root relaxation solution time = 2.33 sec. (1452.29 ticks)

        Nodes                                         Cuts/
   Node  Left     Objective  IInf  Best Integer    Best Bound    ItCnt     Gap

      0     0      111.0000   924                    111.0000     2890         
      0     0      111.0000  1983                  Cuts: 1897     5447         
      0     0      111.0000  1658                  Cuts: 1897     8139         
      0     0      111.0000  1626                  Cuts: 1897    10785         
      0     0      111.0000  1643                  Cuts: 1897    13523         
      0     2      111.0000  1643                    111.0000    13523         
Elapsed time = 32.23 sec. (42458.50 ticks, tree = 0.02 MB, solutions = 0)
      5     7      111.0000  1577                    111.0000    13825         
     10    12      111.0000  1538                    111.0000    13968         
     16     9      111.0000  1543                    111.0000    13865         
     20    16      111.0000  1665                    111.0000    15072         
     38    27      111.0000  1589                    111.0000    20526         
     78    33      217.0000  1853                    111.0000    25248         
    114    78      217.0000  1839                    111.0000    29472         
    141   104      111.0000  1458                    111.0000    30269         
    160   120      111.0000  1416                    111.0000    30455         
    295   244      221.0000  1714                    111.0000    37637         
Elapsed time = 36.68 sec. (45906.59 ticks, tree = 22.89 MB, solutions = 0)
    440   405      221.0000  1692                    111.0000    49595         
    529   466      111.0000  1365                    111.0000    56024         
    605   557      112.0000  1790                    111.0000    57425         
    665   610      175.0000  1827                    111.0000    64963         
    705   457      112.0000  1853                    111.0000    55967         
    712   605      112.0000  1756                    111.0000    60826         
    713   687      327.0000  1634                    111.0000    83673         
    715   684    infeasible                          111.0000    82250         
    740   729      221.0000  1715                    111.0000    94867         
    767   746      221.0000  1676                    111.0000    95339         
Elapsed time = 61.83 sec. (56806.47 ticks, tree = 101.79 MB, solutions = 0)
    788   758      221.0000  1661                    111.0000    96906         
    822   791      221.0000  1626                    111.0000   100680         
    859   811      221.0000  1675                    111.0000   103329         
    923   844      221.0000  1638                    111.0000   105949         
    970   876      221.0000  1546                    111.0000   121103         
   1051   899      221.0000  1664                    111.0000   125050         
   1098   915      221.0000  1607                    111.0000   125361         
   1117  1000      331.0000  1446                    111.0000   130370         
   1120  1003      331.0000  1439                    111.0000   130732         
   1127  1010      331.0000  1433                    111.0000   131428         
Elapsed time = 75.40 sec. (66663.81 ticks, tree = 145.20 MB, solutions = 0)
   1141  1019      221.0000  1467                    111.0000   134866         
   1158  1037      331.0000  1411                    111.0000   136246         
   1164  1043      331.0000  1401                    111.0000   136716         
   1170   931      331.0000  1444                    111.0000   136446         
   1184  1076      331.0000  1410                    111.0000   147265         
   1191  1081      331.0000  1400                    111.0000   147638         
   1222  1145      221.0000  1714                    111.0000   175354         
   1236   813      331.0000  1504                    111.0000   117508         
   1238  1113      331.0000  1395                    111.0000   159567         
   1243  1140      331.0000  1519                    111.0000   188119         
Elapsed time = 90.53 sec. (79139.16 ticks, tree = 167.94 MB, solutions = 0)
   1248  1161      331.0000  1398                    111.0000   202850         
   1256  1203      331.0000  1387                    111.0000   220865         
   1262  1209      331.0000  1384                    111.0000   221288         
   1266  1143      331.0000  1452                    111.0000   203618         
   1269  1205      331.0000  1535                    111.0000   224986         
   1275  1088      331.0000  1312                    111.0000   162855         
   1291  1219      331.0000  1407                    111.0000   227592         
   1298  1226      331.0000  1382                    111.0000   248051         
   1299  1191      331.0000  1504                    111.0000   223702         
   1302  1228      331.0000  1561                    111.0000   257580         
Elapsed time = 102.91 sec. (91042.78 ticks, tree = 182.24 MB, solutions = 0)
   1306  1228      331.0000  1494                    111.0000   260406         
   1308  1230      331.0000  1562                    111.0000   263148         
   1314  1234      331.0000  1470                    111.0000   261018         
   1319  1250      221.0000  1406                    111.0000   270676         
   1336  1248      331.0000  1577                    111.0000   272598         
   1340  1252      331.0000  1508                    111.0000   273056         
   1350  1261      331.0000  1477                    111.0000   273450         
   1357  1276      331.0000  1504                    111.0000   291618         
   1360  1258      331.0000  1440                    111.0000   275941         
   1364  1265      331.0000  1291                    111.0000   277106         
Elapsed time = 115.67 sec. (102950.56 ticks, tree = 188.95 MB, solutions = 0)
   1367  1227      331.0000  1382                    111.0000   248111         
   1371  1308      331.0000  1489                    111.0000   309348         
   1380  1311      331.0000  1551                    111.0000   309751         
   1385  1317      331.0000  1389                    111.0000   310260         
   1396  1335      331.0000  1393                    111.0000   312630         
   1399  1338      331.0000  1401                    111.0000   313168         
   1400  1339      331.0000  1449                    111.0000   313704         
   1403  1342      331.0000  1409                    111.0000   314076         
   1409  1346      331.0000  1399                    111.0000   314387         
   1413  1283      331.0000  1481                    111.0000   303540         
Elapsed time = 128.37 sec. (114738.57 ticks, tree = 191.94 MB, solutions = 0)
   1425  1358      331.0000  1491                    111.0000   329594         
   1440  1367      331.0000  1502                    111.0000   330075         
   1450  1374      331.0000  1483                    111.0000   330556         
   1455  1372      331.0000  1398                    111.0000   343155         
   1461  1374      331.0000  1556                    111.0000   346876         
   1463  1305      331.0000  1503                    111.0000   309976         
   1472  1407      331.0000  1484                    111.0000   353922         
   1489  1407      331.0000  1455                    111.0000   354187         
   1508  1426      331.0000  1457                    111.0000   354699         
   1522  1416      331.0000  1450                    111.0000   354873         
Elapsed time = 141.40 sec. (125296.19 ticks, tree = 215.42 MB, solutions = 0)
   1533  1436      331.0000  1450                    111.0000   355699         
   1542  1457      331.0000  1419                    111.0000   360672         
   1549  1463      331.0000  1426                    111.0000   361114         
   1556  1468      331.0000  1391                    111.0000   362844         
   1566  1469      111.0000  1370                    111.0000   362519         
   1579  1480      221.0000  1790                    111.0000   365124         
   1589  1480      331.0000  1507                    111.0000   368947         
   1598  1470      331.0000  1384                    111.0000   364387         
   1602  1483      331.0000  1518                    111.0000   370009         
   1609  1489      331.0000  1474                    111.0000   370435         
Elapsed time = 152.92 sec. (135762.91 ticks, tree = 228.31 MB, solutions = 0)
   1614  1501      331.0000  1461                    111.0000   384123         
   1616  1485      331.0000  1376                    111.0000   382149         
   1620  1503      331.0000  1455                    111.0000   384129         
   1625  1526      331.0000  1425                    111.0000   388090         
   1634  1534      331.0000  1418                    111.0000   390645         
   1651  1528      331.0000  1445                    111.0000   388245         
   1674  1556      331.0000  1449                    111.0000   406686         
   1698  1565      331.0000  1435                    111.0000   407228         
   1710  1554      331.0000  1443                    111.0000   409081         
   1741  1538      331.0000  1518                    111.0000   409425         
Elapsed time = 163.67 sec. (149973.02 ticks, tree = 236.74 MB, solutions = 0)

Performing restart 1

Repeating presolve.
Tried aggregator 1 time.
MIP Presolve eliminated 0 rows and 378 columns.
Reduced MIP has 7190 rows, 224114 columns, and 671143 nonzeros.
Reduced MIP has 220147 binaries, 2155 generals, 0 SOSs, and 2474 indicators.
Presolve time = 0.26 sec. (292.70 ticks)
Tried aggregator 1 time.
Reduced MIP has 7190 rows, 224114 columns, and 671143 nonzeros.
Reduced MIP has 220147 binaries, 2155 generals, 0 SOSs, and 2474 indicators.
Presolve time = 0.50 sec. (441.36 ticks)
Represolve time = 2.15 sec. (1491.89 ticks)
   1743     0      111.0000  2447                  Cuts: 1897   440033         
   1743     0      111.0000  2960                  Cuts: 1897   445359         
   1743     0      111.0000  3021                  Cuts: 1897   450746         
   1743     0      111.0000  3309                  Cuts: 1897   455986         
   1743     2      111.0000  3302                    111.0000   455986         
   1792    49      217.0000  2128                    111.0000   468156         
   1926   154      214.0000  2216                    111.0000   484683         
   2160   355      166.0000  2361                    111.0000   514035         
   2422   603      148.0000  2173                    111.0000   554976         
   2747   785      129.0000  2567                    111.0000   592354         
   2942   939      129.0000  2294                    111.0000   610222         
   3045  1000    infeasible                          111.0000   611102         
   3200  1180      130.0000  2074                    111.0000   636142         
   3560  1504      188.0000  1623                    111.0000   646926         
Elapsed time = 279.70 sec. (260729.85 ticks, tree = 208.70 MB, solutions = 0)
   3885  1750      195.0000  1356                    111.0000   658680         
   4252  2125      209.0000  2133                    111.0000   673585         
   4479  2413      209.0000  1890                    111.0000   685975         
   4673  2596      271.0000  1310                    111.0000   704142         
   4812  2759      331.0000  1442                    111.0000   717490         
   4965  2921      331.0000  1410                    111.0000   745764         
   5080  3034      166.0000  2652                    111.0000   773714         
   5202  3148      166.0000  2341                    111.0000   796334         
   5387  3250      166.0000  2148                    111.0000   818018         
   5540  3327      221.0000  1970                    111.0000   828275         
Elapsed time = 335.46 sec. (299069.12 ticks, tree = 504.53 MB, solutions = 0)
   5572  3382    infeasible                          111.0000   840357         
   5579  3428    infeasible                          111.0000   854836         
   5585  3437    infeasible                          111.0000   861988         
   5588  3440      221.0000  2540                    111.0000   866820         
   5646  3494      221.0000  2122                    111.0000   877531         
   5762  3513      166.0000  2639                    111.0000   899119         
   5975  3743      221.0000  2506                    111.0000   920836         
   6164  3846      221.0000  2085                    111.0000   958203         
   6421  4074      221.0000  1759                    111.0000   968978         
   6757  4370      223.0000  2273                    111.0000   986924         
Elapsed time = 401.96 sec. (338825.93 ticks, tree = 675.34 MB, solutions = 0)
   7142  4707      221.0000  1772                    111.0000   998435         
   7473  5046      313.0000  1415                    111.0000  1011079         
   7728  5432      225.0000  1412                    111.0000  1030376         
   7910  5534      331.0000  1355                    111.0000  1042472         
   8067  5772      271.0000  1354                    111.0000  1059941         
   8227  5903      331.0000  1374                    111.0000  1078049         
   8297  6020      271.0000  1303                    111.0000  1080831         
   8407  6039      331.0000  1271                    111.0000  1084001         
   8482  6169      331.0000  1239                    111.0000  1098476         
   8539  6259      331.0000  1196                    111.0000  1104806         
Elapsed time = 454.08 sec. (377650.91 ticks, tree = 988.92 MB, solutions = 0)
   8578  6292      331.0000  1318                    111.0000  1107720         
   8646  6349      331.0000  1219                    111.0000  1111242         
   8694  6398      331.0000  1157                    111.0000  1115749         
   8717  6417      331.0000  1155                    111.0000  1117573         
   8732  6430    infeasible                          111.0000  1142350         
   8734  6056      111.0000  3578                    111.0000  1092585         
   8735  6411      112.4604  4013                    111.0000  1135087         
   8737  6443      221.0000  2861                    111.0000  1170173         
   8740  6446      221.0000  2808                    111.0000  1183910         
   8742  6457      166.0000  2746                    111.0000  1215666         
Elapsed time = 538.30 sec. (434464.44 ticks, tree = 1022.34 MB, solutions = 0)
   8744  6430      111.0000  3361                    111.0000  1158172         
   8745  6413      111.0000  3357                    111.0000  1148189         
   8746  6456      111.0000  3631                    111.0000  1203995         

Performing restart 2

Repeating presolve.
Tried aggregator 1 time.
MIP Presolve modified 166 coefficients.
Reduced MIP has 7190 rows, 224114 columns, and 748970 nonzeros.
Reduced MIP has 220147 binaries, 2155 generals, 0 SOSs, and 2474 indicators.
Presolve time = 0.32 sec. (339.95 ticks)
Tried aggregator 1 time.
Reduced MIP has 7190 rows, 224114 columns, and 748970 nonzeros.
Reduced MIP has 220147 binaries, 2155 generals, 0 SOSs, and 2474 indicators.
Presolve time = 0.56 sec. (448.42 ticks)
Represolve time = 2.99 sec. (2069.79 ticks)
   8747     0      111.0000  3086                  Cuts: 1897  1319246         
   8747     0      112.2088  3895                  Cuts: 1804  1326353         
   8747     0      113.5000  3993                  Cuts: 1897  1330954         
   8747     0      113.5000  4107                  Cuts: 1897  1337203         
   8747     0      113.5000  4199                  Cuts: 1897  1343481         
   8747     0      113.5000  3913                  Cuts: 1299  1348801         
   8747     0      113.5000  4019                  Cuts: 1897  1354183         
   8747     0      113.5000  4156                  Cuts: 1897  1359562         
   8747     0      113.5000  3891                  Cuts: 1429  1365310         
   8747     0      113.5000  4040                  Cuts: 1897  1370817         
   8747     2      113.5000  3225                    113.5000  1370817         
   8764    12      221.0000  2395                    116.2381  1374170         
   8865    96      221.0000  2234                    116.2381  1375620         
   8958   197      221.0000  2412                    117.0000  1390774         
   9058   289      221.0000  2259                    166.0000  1400429         
   9174   374      221.0000  2227                    166.0000  1402243         
   9305   501      224.0000  2010                    166.0000  1410895         
Elapsed time = 1132.38 sec. (1295888.98 ticks, tree = 58.08 MB, solutions = 0)
   9432   589      311.0000  1896                    166.0000  1414524         
   9546   760    infeasible                          166.0000  1429159         
   9647   817      299.0000  1830                    166.0000  1434561         
   9760   915      331.0000  1752                    166.0000  1449142         
   9914  1048      258.0000  1722                    166.0000  1460107         
  10074  1171      331.0000  1642                    166.0000  1467566         
  10234  1378      300.0000  1349                    166.0000  1482142         
  10400  1520      300.0000  1321                    166.0000  1489958         
  10571  1639      223.0000  1872                    166.0000  1495090         
  10719  1844      331.0000  1467                    166.0000  1509172         
Elapsed time = 1204.19 sec. (1334377.69 ticks, tree = 260.86 MB, solutions = 0)
  10874  1980      221.0000  1964                    166.0000  1519200         
  11015  2085      331.0000  1426                    166.0000  1525506         
  11160  2298      270.0000  1793                    166.0000  1542300         
  11290  2370      331.0000  1381                    166.0000  1550401         
  11439  2472      331.0000  1349                    166.0000  1561640         
  11586  2682      331.0000  1530                    166.0000  1578636         
  11722  2780      331.0000  1318                    166.0000  1588592         
  11844  2870      331.0000  1340                    166.0000  1596346         
  11965  3022      331.0000  1254                    166.0000  1613109         
  12082  3157      331.0000  1354                    166.0000  1629732         
Elapsed time = 1271.02 sec. (1372774.34 ticks, tree = 465.52 MB, solutions = 0)
  12220  3313      331.0000  1408                    166.0000  1643268         
  12344  3397      331.0000  1203                    166.0000  1654752         
  12476  3515      309.0000  1800                    166.0000  1671772         
  12587  3588      317.0000  1640                    166.0000  1680391         
  12713  3623      221.0000  1689                    166.0000  1688025         
  12829  3716      277.0000  1812                    221.0000  1701751         
  12949  3886      232.0000  1660                    221.0000  1728057         
  13077  3983      331.0000  1195                    221.0000  1742770         
  13202  4079      331.0000  1189                    221.0000  1751479         
  13346  4129      221.0000  2153                    221.0000  1760927         
Elapsed time = 1338.22 sec. (1411184.03 ticks, tree = 618.01 MB, solutions = 0)
  13482  4295      331.0000  1236                    221.0000  1775121         
  13633  4380      331.0000  1264                    221.0000  1785885         
  13745  4442      331.0000   990                    221.0000  1800202         
  13890  4435      331.0000  1517                    221.0000  1797895         
  14008  4671      331.0000  1187                    221.0000  1829835         
  14121  4795      271.0000  1727                    221.0000  1845124         
  14267  4820      270.0000  1790                    221.0000  1847799         
  14408  4873      271.0000  1695                    221.0000  1857363         
  14560  5123      331.0000  1075                    221.0000  1878709         
  14692  5282      248.0000  1341                    221.0000  1891407         
Elapsed time = 1406.37 sec. (1449774.73 ticks, tree = 797.63 MB, solutions = 0)
  14836  5319      331.0000  1049                    221.0000  1899287         
  14952  5554      270.0000  1768                    221.0000  1916703         
  15077  5644    infeasible                          221.0000  1928446         
  15238  5655      331.0000  1428                    221.0000  1927198         
  15366  5862      270.0000  1799                    221.0000  1949470         
  15507  5971      271.0000  1659                    221.0000  1961618         
  15656  6092      271.0000  1703                    221.0000  1972853         
  15794  6260      331.0000  1261                    221.0000  1986408         
  15956  6429      277.0000  1605                    221.0000  2004652         
  16109  6517      331.0000  1224                    221.0000  2013442         
Elapsed time = 1476.12 sec. (1488173.53 ticks, tree = 991.82 MB, solutions = 0)
  16275  6621      331.0000  1328                    221.0000  2024132         
  16467  6648      331.0000  1237                    221.0000  2025984         
  16651  6898      331.0000  1199                    221.0000  2056122         
  16807  6918      331.0000  1200                    221.0000  2057448         
  16952  7168      331.0000  1172                    221.0000  2075400         
  17073  7310      331.0000  1271                    221.0000  2084222         
  17193  7379      331.0000  1097                    221.0000  2092981         
  17296  7475      331.0000  1217                    221.0000  2108012         
  17417  7609      331.0000  1401                    221.0000  2126563         
  17573  7781      331.0000  1062                    221.0000  2144532         
Elapsed time = 1538.19 sec. (1526638.47 ticks, tree = 1189.35 MB, solutions = 0)
  17700  7789      331.0000  1048                    221.0000  2146092         
  17805  8048      331.0000  1722                    221.0000  2175818         
  17933  8070      331.0000  1633                    221.0000  2177137         
  18093  8178      331.0000  1302                    221.0000  2198057         
  18221  8179      331.0000  1291                    221.0000  2199115         
  18365  8406      331.0000  1305                    221.0000  2222544         
  18505  8477      331.0000   887                    221.0000  2230424         
  18620  8798      331.0000  1248                    221.0000  2265963         
  18765  8812    infeasible                          221.0000  2270361         
  18908  9002      331.0000  1527                    221.0000  2287300         
Elapsed time = 1602.01 sec. (1565085.74 ticks, tree = 1381.06 MB, solutions = 0)
  19066  9071      331.0000  1385                    221.0000  2290117         
  19222  9164      331.0000  1525                    221.0000  2308731         
  19348  9446      331.0000  1453                    221.0000  2331846         
  19489  9405      331.0000  1387                    221.0000  2326501         
  19620  9651      331.0000   978                    221.0000  2353694         
  19739  9697      272.0000  1810                    221.0000  2361392         
  19881  9922      270.0000  1797                    221.0000  2382839         
  20038  9956      331.0000  1552                    221.0000  2393128         
  20208 10214      331.0000  1455                    221.0000  2415522         
  20350 10271      331.0000  1390                    221.0000  2420436         
Elapsed time = 1664.36 sec. (1603459.42 ticks, tree = 1580.38 MB, solutions = 0)
  20508 10446    infeasible                          221.0000  2442813         
  20681 10329      331.0000  1487                    221.0000  2428401         
  20852 10655      331.0000  1429                    221.0000  2454478         
  21015 10800      331.0000  1316                    221.0000  2469335         
  21155 11013    infeasible                          221.0000  2486738         
  21293 11186      331.0000  1663                    221.0000  2502860         
  21448 11287      331.0000  1228                    221.0000  2516276         
  21620 11392      270.0000  1856                    221.0000  2522592         
  21764 11491      331.0000  1489                    221.0000  2534899         
  21911 11755      331.0000  1609                    221.0000  2562900         
Elapsed time = 1728.07 sec. (1641807.56 ticks, tree = 1811.84 MB, solutions = 0)
  22063 11947      270.0000  1804                    221.0000  2576694         
  22223 12092      331.0000  1437                    221.0000  2586545         
  22392 12066      331.0000  1375                    221.0000  2584837         
  22551 12348      331.0000  1281                    221.0000  2607526         
  22700 12407      331.0000  1307                    221.0000  2611439         
  22859 12562      331.0000  1029                    221.0000  2630669         
  23031 12559      331.0000  1457                    221.0000  2629963         
  23190 12637      331.0000  1185                    221.0000  2638975         
  23341 12793      331.0000  1531                    221.0000  2653968         
  23463 12942      331.0000  1158                    221.0000  2668811         
Elapsed time = 1793.25 sec. (1680147.07 ticks, tree = 1997.54 MB, solutions = 0)
  23610 13100      331.0000  1376                    221.0000  2683830         

GUB cover cuts applied:  627
Clique cuts applied:  135
Cover cuts applied:  95
Implied bound cuts applied:  641
Flow cuts applied:  38
Mixed integer rounding cuts applied:  1198
Zero-half cuts applied:  24
Gomory fractional cuts applied:  5

Root node processing (before b&c):
  Real time             =   31.92 sec. (42247.64 ticks)
Parallel b&c, 8 threads:
  Real time             = 1768.78 sec. (1643450.08 ticks)
  Sync time (average)   =  288.65 sec.
  Wait time (average)   =    0.20 sec.
                          ------------
Total (root+branch&cut) = 1800.70 sec. (1685697.72 ticks)
! --------------------------------------------------------
! Problem is UNKNOWN
! CPLEX Status = AbortTimeLim
! --------------------------------------------------------
