! Solving for graph /home/truongxuanhieu/CPLEX-MIP-for-MinSpanLabeling/benchmarks/abp/V-nos6.mtx.rnd
! Target value is set to 164
! Lower bound is set to 165
! Upper bound is set to 337
! Time limit is set to 1800
! Vertices mode is set to No hole
! Target value mode is set to Antibandwidth
Version identifier: 22.2.0.0 | 2026-05-04 | 5dff98e58
CPXPARAM_TimeLimit                               1800
Tried aggregator 2 times.
MIP Presolve eliminated 1292 rows and 1518 columns.
MIP Presolve modified 454779 coefficients.
Aggregator did 4605 substitutions.
Reduced MIP has 8873 rows, 234493 columns, and 701683 nonzeros.
Reduced MIP has 229272 binaries, 1966 generals, 0 SOSs, and 3255 indicators.
Presolve time = 0.70 sec. (1314.76 ticks)
Probing time = 0.90 sec. (426.79 ticks)
Tried aggregator 1 time.
Detecting symmetries...
Reduced MIP has 8873 rows, 234493 columns, and 701683 nonzeros.
Reduced MIP has 229272 binaries, 2641 generals, 0 SOSs, and 3255 indicators.
Presolve time = 0.57 sec. (439.71 ticks)
Probing time = 0.11 sec. (46.93 ticks)
Clique table members: 13573.
MIP emphasis: balance optimality and feasibility.
MIP search method: dynamic search.
Parallel mode: deterministic, using up to 8 threads.
Root relaxation solution time = 1.78 sec. (1448.04 ticks)

        Nodes                                         Cuts/
   Node  Left     Objective  IInf  Best Integer    Best Bound    ItCnt     Gap

      0     0      165.0000  1299                    165.0000     5384         
      0     0      165.0000  2844                  Cuts: 2318     8238         
      0     0      165.0000  2124                  Cuts: 2318    11309         
      0     0      165.0000  1896                  Cuts: 2318    16305         
      0     0      165.0000  1934                  Cuts: 1850    21851         
Detecting symmetries...
      0     2      165.0000  1934                    165.0000    21851         
Elapsed time = 49.92 sec. (65280.93 ticks, tree = 0.02 MB, solutions = 0)
      4     3      165.0000  1901                    165.0000    21925         
      5     6      165.0000  1921                    165.0000    21880         
      7     5      165.0000  1903                    165.0000    21934         
     10     8      165.0000  2014                    165.0000    23693         
     12    14      165.0000  1924                    165.0000    28116         
     20    12      165.0000  2004                    165.0000    26542         
     26    26      165.0000  1818                    165.0000    28271         
     31    15      165.0000  2028                    165.0000    30890         
     43    22      165.0000  1966                    165.0000    30861         
     73    25      165.0000  1960                    165.0000    33034         
Elapsed time = 56.78 sec. (70470.71 ticks, tree = 2.23 MB, solutions = 0)
    109    80      165.0000  1779                    165.0000    41163         
    128   121      202.0000  2501                    165.0000    48879         
    158   148      165.0000  1844                    165.0000    52187         
    180   171      165.0000  1762                    165.0000    60392         
    206   182      165.0000  1709                    165.0000    62813         
    224   210      266.0000  2193                    165.0000    68538         
    231   222      165.0000  1678                    165.0000    72010         
    253   231      165.0000  1609                    165.0000    75220         
    283   268      165.0000  1628                    165.0000    85733         
    289     6      328.0000  2385                    165.0000    37387         
Elapsed time = 71.07 sec. (81506.22 ticks, tree = 0.18 MB, solutions = 0)
    291   179      327.0000  2383                    165.0000    74363         
    292   269      329.0000  2294                    165.0000    94969         
    294   276      165.0000  2074                    165.0000   137921         
    296   273      329.0000  2337                    165.0000   137647         
    297   272      329.0000  2267                    165.0000   119573         
    298   258      329.0000  2257                    165.0000    98008         
    299   285      165.0000  2066                    165.0000   164047         
    300   284      329.0000  2282                    165.0000   173853         
    301   287      329.0000  2298                    165.0000   184184         
    304   291      329.0000  2254                    165.0000   204672         
Elapsed time = 104.79 sec. (104899.56 ticks, tree = 32.50 MB, solutions = 0)
    307   307      329.0000  2286                    165.0000   245751         
    309   308      294.0000  2174                    165.0000   236500         
    324   320      294.0000  2120                    165.0000   246707         
    329   313      329.0000  2251                    165.0000   264777         
    330   306      165.0000  2034                    165.0000   228476         
    338   320      165.0000  1959                    165.0000   265271         
    341   314      328.0000  2282                    165.0000   257184         
    344   316      329.0000  2236                    165.0000   270079         
    347   277      328.0000  2315                    165.0000   165714         
    348   323      329.0000  2196                    165.0000   275355         
Elapsed time = 130.22 sec. (126548.60 ticks, tree = 39.13 MB, solutions = 0)
    356   314      329.0000  2243                    165.0000   271498         
    359   326      329.0000  2201                    165.0000   288593         
    362   329      329.0000  2277                    165.0000   289728         
    366   343      329.0000  2233                    165.0000   319606         
    378   366      165.0000  1909                    165.0000   342842         
    403   354      329.0000  2193                    165.0000   323272         
    405   355      329.0000  2202                    165.0000   323719         
    409   358      329.0000  2187                    165.0000   324183         
    411   368      329.0000  2214                    165.0000   361437         
    413   369      329.0000  2240                    165.0000   363025         
Elapsed time = 156.09 sec. (150464.54 ticks, tree = 46.60 MB, solutions = 0)
    414   378      329.0000  2219                    165.0000   364494         
    416   344      294.0000  2099                    165.0000   300285         
    421   383      329.0000  2221                    165.0000   367476         
    426   388      329.0000  2166                    165.0000   367787         
    428   390      329.0000  2235                    165.0000   372826         
    440   402      294.0000  2058                    165.0000   373331         
    446   354      329.0000  2261                    165.0000   352558         
    448   399      329.0000  2241                    165.0000   392420         
    451   379      329.0000  2176                    165.0000   374567         
    454   384      329.0000  2272                    165.0000   363081         
Elapsed time = 179.33 sec. (173085.68 ticks, tree = 49.60 MB, solutions = 0)
    459   322      328.0000  2323                    165.0000   300973         
    460   402      329.0000  2177                    165.0000   407426         
    467   397      329.0000  2281                    165.0000   388354         
    471   457      329.0000  2278                    165.0000   464597         
    472   458      329.0000  2160                    165.0000   468876         
    475   411      329.0000  2199                    165.0000   414476         
    476   459      329.0000  2171                    165.0000   467206         
    485   463      329.0000  2153                    165.0000   471332         
    491   469      329.0000  2089                    165.0000   471858         
    496   474      329.0000  2065                    165.0000   472204         
Elapsed time = 196.84 sec. (188600.30 ticks, tree = 66.05 MB, solutions = 0)
    502   479      329.0000  2059                    165.0000   472624         
    507   484      329.0000  2072                    165.0000   473212         
    510   490      329.0000  2075                    165.0000   487904         
    511   465      329.0000  2136                    165.0000   475315         
    513   460      329.0000  2214                    165.0000   485067         
    515   501    infeasible                          165.0000   507715         
    517   491      329.0000  2038                    165.0000   491900         
    519   440      165.0000  1754                    165.0000   432996         
    520   503      329.0000  2150                    165.0000   511186         
    521   512      329.0000  2194                    165.0000   540182         
Elapsed time = 249.82 sec. (216841.98 ticks, tree = 71.95 MB, solutions = 0)
    522   492      329.0000  2075                    165.0000   500724         
    524   518      329.0000  2128                    165.0000   544324         
    527   517      329.0000  2235                    165.0000   548372         
    547   544      165.0000  1706                    165.0000   592203         
    556   520      329.0000  2103                    165.0000   547370         
    559   524      329.0000  2288                    165.0000   584731         
    561   504      329.0000  2217                    165.0000   525799         
    562   529      329.0000  2276                    165.0000   623364         
    564   531      329.0000  2266                    165.0000   624228         
    567   533      329.0000  2266                    165.0000   626242         
Elapsed time = 293.13 sec. (246634.45 ticks, tree = 76.12 MB, solutions = 0)
    568   524      329.0000  2120                    165.0000   558581         
    569   525      329.0000  2232                    165.0000   597400         
    570   551      165.0000  1684                    165.0000   592342         
    591   583      247.0000  2271                    165.0000   677257         
    607   591      165.0000  1588                    165.0000   677664         
    630   600      165.0000  1577                    165.0000   678088         
    662   590      165.0000  1589                    165.0000   678760         
    684   595      165.0000  1607                    165.0000   678954         
    699   602      165.0000  1603                    165.0000   679291         
    780   630      165.0000  1482                    165.0000   681381         
Elapsed time = 314.94 sec. (272215.84 ticks, tree = 94.90 MB, solutions = 0)
    803   541      329.0000  2288                    165.0000   684639         
    805   532      329.0000  2297                    165.0000   672336         
    807   645      329.0000  2295                    165.0000   697987         
    809   578      329.0000  2047                    165.0000   752025         
    810   573      329.0000  2156                    165.0000   699849         
    812   657      330.0000  2089                    165.0000   794543         
    813   658      330.0000  2012                    165.0000   796682         
    828   580      329.0000  2088                    165.0000   768029         
    833   677      330.0000  1946                    165.0000   814522         
    843   686      330.0000  1909                    165.0000   816340         
Elapsed time = 395.14 sec. (340139.60 ticks, tree = 103.78 MB, solutions = 0)
    848   690      330.0000  1905                    165.0000   818605         
    858   695      330.0000  1869                    165.0000   821628         
    874   711      330.0000  1819                    165.0000   928017         
    884   719      330.0000  1803                    165.0000   929815         
    894   670      329.0000  2058                    165.0000   868672         
    902   666      329.0000  2167                    165.0000   849788         
    905   670      329.0000  2222                    165.0000   931066         
    908   712      329.0000  2217                    165.0000  1049477         
    912   734      330.0000  1731                    165.0000   933038         
    916   749      330.0000  1763                    165.0000  1100272         
Elapsed time = 443.48 sec. (388842.67 ticks, tree = 113.47 MB, solutions = 0)
    923   756      330.0000  1750                    165.0000  1102382         
    925   758      330.0000  1750                    165.0000  1104324         
    935   763      330.0000  1751                    165.0000  1107353         
    937   765      330.0000  1746                    165.0000  1109903         
    949   718      337.0000  1888                    165.0000  1109942         
    953   755      329.0000  2298                    165.0000  1151443         
    954   762      329.0000  2280                    165.0000  1124094         
    958   754      329.0000  2146                    165.0000  1124100         
    962   757      328.0000  2303                    165.0000  1176983         
    965   758      328.0000  2324                    165.0000  1177039         
Elapsed time = 501.99 sec. (442687.26 ticks, tree = 114.83 MB, solutions = 0)
    966   705      329.0000  2236                    165.0000  1006804         
    969   789      329.0000  2172                    165.0000  1305868         
    972   781      329.0000  2292                    165.0000  1287295         
    973   784      329.0000  2144                    165.0000  1293679         
    976   788    infeasible                          165.0000  1309137         
    977   803      329.0000  2178                    165.0000  1453219         
    981   805      329.0000  2181                    165.0000  1455343         
    982   804      337.0000  1930                    165.0000  1447918         
    983   801      329.0000  2232                    165.0000  1445932         
    988   806      337.0000  1880                    165.0000  1453502         
Elapsed time = 584.15 sec. (529212.18 ticks, tree = 124.82 MB, solutions = 0)
    991   798      329.0000  2074                    165.0000  1371448         
    993   810      337.0000  1902                    165.0000  1503486         
    998   812      329.0000  2050                    165.0000  1519357         
   1002   811      337.0000  1891                    165.0000  1510759         
   1005   813      329.0000  2196                    165.0000  1569450         
   1007   815      329.0000  2138                    165.0000  1541595         
   1010   812      337.0000  1899                    165.0000  1516230         
   1014   822      337.0000  1916                    165.0000  1670342         
   1017   831      329.0000  2125                    165.0000  1685306         
   1021   816      329.0000  2121                    165.0000  1551146         
Elapsed time = 647.00 sec. (587189.22 ticks, tree = 127.22 MB, solutions = 0)
   1024   825      337.0000  1906                    165.0000  1678896         
   1025   835      329.0000  2030                    165.0000  1720467         
   1030   818      329.0000  2262                    165.0000  1646826         
   1034   841      329.0000  2154                    165.0000  1738187         
   1037   814      329.0000  2245                    165.0000  1591672         
   1042   845      329.0000  2246                    165.0000  1793904         
   1045   842      329.0000  2139                    165.0000  1746679         
   1048   843      329.0000  2216                    165.0000  1748142         
   1052   860      337.0000  1878                    165.0000  1839166         
   1057   834      329.0000  2126                    165.0000  1723679         
Elapsed time = 703.63 sec. (643780.43 ticks, tree = 130.19 MB, solutions = 0)
   1059   870      329.0000  2136                    165.0000  1915990         
   1062   862      337.0000  1861                    165.0000  1848193         
   1065   864      329.0000  2016                    165.0000  1884575         
   1074   820      329.0000  2254                    165.0000  1701420         
   1076   891      337.0000  1846                    165.0000  1972307         
   1080   865      329.0000  2021                    165.0000  1889823         
   1090   868      329.0000  2016                    165.0000  1892864         
   1097   871      329.0000  2155                    165.0000  1929738         
   1102   890      329.0000  2325                    165.0000  2030031         
   1104   844      329.0000  2173                    165.0000  1768169         
Elapsed time = 775.00 sec. (699811.88 ticks, tree = 132.22 MB, solutions = 0)
   1107   909    infeasible                          165.0000  2126603         
   1108   908    infeasible                          165.0000  2126611         
   1109   900      329.0000  2206                    165.0000  2074223         
   1111   906    infeasible                          165.0000  2127778         
   1113   905      337.0000  1814                    165.0000  1979900         
   1115   891      329.0000  2261                    165.0000  2044980         
   1117   930      337.0000  1805                    165.0000  2140369         
   1119   931      337.0000  1795                    165.0000  2141421         
   1120   932      337.0000  1799                    165.0000  2142272         
   1121   932      329.0000  2293                    165.0000  2171161         
Elapsed time = 852.61 sec. (756301.64 ticks, tree = 150.04 MB, solutions = 0)
   1124   893      329.0000  2204                    165.0000  2067178         
   1126   901      329.0000  2188                    165.0000  2101246         
   1127   909      329.0000  2170                    165.0000  2130403         
   1133   953      329.0000  2210                    165.0000  2436622         
   1138   955      329.0000  2217                    165.0000  2439031         
   1142   951      337.0000  1825                    165.0000  2426542         
   1152   963      329.0000  2207                    165.0000  2443087         
   1156   955      337.0000  1897                    165.0000  2432316         
   1157   956      337.0000  1812                    165.0000  2434774         
   1160   957      337.0000  1835                    165.0000  2436743         
Elapsed time = 903.84 sec. (814517.43 ticks, tree = 154.03 MB, solutions = 0)
   1167   971      329.0000  2163                    165.0000  2453273         
   1170   958      337.0000  1887                    165.0000  2443936         
   1175   960      337.0000  1810                    165.0000  2446126         
   1178   975      329.0000  2160                    165.0000  2459716         
   1182   963      337.0000  1784                    165.0000  2450503         
   1185   947      329.0000  2260                    165.0000  2417881         
   1196  1001      329.0000  2139                    165.0000  2562514         
   1200   961      329.0000  2039                    165.0000  2478138         
   1205  1004      329.0000  2153                    165.0000  2567221         
   1216  1001      329.0000  2077                    165.0000  2580033         
Elapsed time = 951.16 sec. (861958.74 ticks, tree = 163.45 MB, solutions = 0)
   1220   955      329.0000  2182                    165.0000  2502500         
   1226   976      337.0000  1838                    165.0000  2534588         
   1229   977      337.0000  1792                    165.0000  2537468         
   1233  1012      329.0000  2122                    165.0000  2578671         
   1240   979      337.0000  1836                    165.0000  2542253         
   1243   980      337.0000  1825                    165.0000  2545238         
   1245  1002      329.0000  2162                    165.0000  2626223         
   1253  1003      329.0000  2040                    165.0000  2599707         
   1260  1033      337.0000  1787                    165.0000  2725292         
   1268  1058      329.0000  2048                    165.0000  2750950         
Elapsed time = 1000.86 sec. (909973.59 ticks, tree = 174.92 MB, solutions = 0)
   1281  1064      329.0000  2042                    165.0000  2752790         
   1287  1033      337.0000  1814                    165.0000  2732580         
   1291  1035      337.0000  1767                    165.0000  2734869         
   1295  1036      337.0000  1765                    165.0000  2738061         
   1300  1037      337.0000  1811                    165.0000  2741134         
   1304  1078      329.0000  1960                    165.0000  2835753         
   1312  1084      329.0000  1969                    165.0000  2838059         
   1320  1069      329.0000  2046                    165.0000  2768838         
   1323  1070      329.0000  2047                    165.0000  2770847         
   1326  1072      329.0000  2068                    165.0000  2773701         
Elapsed time = 1051.64 sec. (959595.46 ticks, tree = 177.72 MB, solutions = 0)
   1332  1074      329.0000  2043                    165.0000  2775866         
   1334  1075      329.0000  2069                    165.0000  2777848         
   1338  1006      329.0000  2229                    165.0000  2659450         
   1349  1102      337.0000  1746                    165.0000  2932180         
   1354  1069      329.0000  2078                    165.0000  2809722         
   1359  1130      329.0000  2154                    165.0000  3003846         
   1370  1071      329.0000  2078                    165.0000  2850092         
   1377  1160      329.0000  1964                    165.0000  3080645         
   1380  1161      329.0000  1945                    165.0000  3082369         
   1392  1112      337.0000  1786                    165.0000  2946844         
Elapsed time = 1100.05 sec. (1007890.41 ticks, tree = 184.85 MB, solutions = 0)
   1403  1165      329.0000  1931                    165.0000  3086295         
   1407  1167      329.0000  1908                    165.0000  3088231         
   1412  1168      329.0000  1912                    165.0000  3090459         
   1414  1116      337.0000  1764                    165.0000  2956296         
   1415  1117      337.0000  1749                    165.0000  2959426         
   1418  1187    infeasible                          165.0000  3133783         
   1420  1186    infeasible                          165.0000  3133969         
   1422  1185    infeasible                          165.0000  3135062         
   1424  1150      329.0000  2089                    165.0000  3067688         
   1427  1083      329.0000  2212                    165.0000  2915605         
Elapsed time = 1171.78 sec. (1058286.13 ticks, tree = 178.98 MB, solutions = 0)
   1428  1185      329.0000  2347                    165.0000  3149004         
   1430  1177    infeasible                          165.0000  3140675         
   1433  1154      329.0000  2091                    165.0000  3091067         
   1438  1212      329.0000  2201                    165.0000  3270490         
   1439  1225      329.0000  1931                    165.0000  3308630         
   1442  1186      329.0000  2265                    165.0000  3160683         
   1445  1225    infeasible                          165.0000  3314598         
   1446  1226      330.0000  1856                    165.0000  3316110         
   1450  1229      330.0000  1839                    165.0000  3317855         
   1455  1232      330.0000  1846                    165.0000  3321004         
Elapsed time = 1249.56 sec. (1116931.58 ticks, tree = 208.68 MB, solutions = 0)
   1456  1233      330.0000  1825                    165.0000  3323977         
   1465  1239      330.0000  1889                    165.0000  3326105         
   1467  1240      330.0000  1836                    165.0000  3328958         
   1479  1179      329.0000  2188                    165.0000  3189271         
   1481  1262      330.0000  1857                    165.0000  3510687         
   1485  1266      330.0000  1838                    165.0000  3513684         
   1488  1269      330.0000  1784                    165.0000  3516060         
   1497  1272      330.0000  1801                    165.0000  3518857         
   1504  1233      329.0000  2097                    165.0000  3419277         
   1505  1276      329.0000  2064                    165.0000  3603580         
Elapsed time = 1306.21 sec. (1168250.33 ticks, tree = 217.84 MB, solutions = 0)
   1508  1277    infeasible                          165.0000  3527243         
   1513  1267      329.0000  2150                    165.0000  3529378         
   1514  1268      329.0000  2131                    165.0000  3530635         
   1517  1279      330.0000  1820                    165.0000  3540783         
   1518  1280      330.0000  1780                    165.0000  3543079         
   1521  1198      329.0000  2148                    165.0000  3211414         
   1527  1234      329.0000  2078                    165.0000  3439242         
   1535  1306      330.0000  1762                    165.0000  3730561         
   1540  1308      330.0000  1768                    165.0000  3733016         
   1547  1309      330.0000  1755                    165.0000  3735567         
Elapsed time = 1352.65 sec. (1213789.11 ticks, tree = 224.80 MB, solutions = 0)
   1549  1310      330.0000  1753                    165.0000  3738053         
   1555  1313      330.0000  1755                    165.0000  3740355         
   1559  1283      329.0000  2042                    165.0000  3634915         
   1569  1279      329.0000  2128                    165.0000  3646642         
   1573  1315      330.0000  1812                    165.0000  3749797         
   1577  1320      329.0000  2281                    165.0000  3864831         
   1582  1305      329.0000  2203                    165.0000  3782535         
   1588  1318      330.0000  1810                    165.0000  3758421         
   1590  1286      329.0000  2215                    165.0000  3710126         
   1595  1320      330.0000  1884                    165.0000  3763714         
Elapsed time = 1400.38 sec. (1260717.82 ticks, tree = 227.04 MB, solutions = 0)
   1600  1321      330.0000  1866                    165.0000  3766347         
   1602  1322      330.0000  1853                    165.0000  3768646         
   1606  1336      329.0000  2061                    165.0000  3931082         
   1614  1337      329.0000  2057                    165.0000  3932798         
   1621  1287      329.0000  2219                    165.0000  3721401         
   1626  1360      330.0000  1828                    165.0000  3976820         
   1631  1326      329.0000  1964                    165.0000  3841435         
   1641  1331      329.0000  1965                    165.0000  3843279         
   1655  1361      165.0000  1586                    165.0000  3987023         
   1658  1396      329.0000  1964                    165.0000  4076970         
Elapsed time = 1444.76 sec. (1302196.55 ticks, tree = 241.69 MB, solutions = 0)
   1660  1369      329.0000  1959                    165.0000  4016386         
   1661  1398      329.0000  1892                    165.0000  4083606         
   1666  1322      329.0000  2226                    165.0000  3899834         
   1667  1371      329.0000  1936                    165.0000  4023501         
   1669  1372      329.0000  1924                    165.0000  4026134         
   1670  1402      329.0000  2188                    165.0000  4122739         
   1674  1374      329.0000  1925                    165.0000  4032013         
   1681  1375      329.0000  1922                    165.0000  4033838         
   1684  1380      329.0000  2200                    165.0000  4070262         
   1691  1330      329.0000  2019                    165.0000  3966801         
Elapsed time = 1497.76 sec. (1355745.71 ticks, tree = 228.51 MB, solutions = 0)
   1699  1421      329.0000  2047                    165.0000  4257888         
   1706  1364      329.0000  2284                    165.0000  4029434         
   1710  1422      329.0000  2060                    165.0000  4261591         
   1712  1416      329.0000  1957                    165.0000  4194536         
   1717  1466      329.0000  2184                    165.0000  4434040         
   1728  1426      329.0000  2070                    165.0000  4270962         
   1731  1460      329.0000  1924                    165.0000  4404607         
   1734  1419      329.0000  1962                    165.0000  4212845         
   1745  1419      165.0000  1612                    165.0000  4216524         
   1753  1435      329.0000  2259                    165.0000  4321925         
Elapsed time = 1556.06 sec. (1414091.51 ticks, tree = 248.39 MB, solutions = 0)
   1757  1464      329.0000  1906                    165.0000  4418971         
   1759  1465      329.0000  1942                    165.0000  4423650         
   1760  1420      329.0000  2372                    165.0000  4233468         
   1764  1438      329.0000  2057                    165.0000  4317830         
   1769  1428      329.0000  2080                    165.0000  4271232         
   1775  1445      329.0000  2241                    165.0000  4396672         
   1783  1489      329.0000  2040                    165.0000  4590328         
   1793  1520    infeasible                          165.0000  4719361         
   1797  1490      329.0000  2029                    165.0000  4598172         
   1799  1500      329.0000  2022                    165.0000  4609047         
Elapsed time = 1636.25 sec. (1478565.34 ticks, tree = 261.72 MB, solutions = 0)
   1805  1501      329.0000  2288                    165.0000  4649234         
   1807  1518      329.0000  2198                    165.0000  4735027         
   1808  1474      329.0000  2168                    165.0000  4513918         
   1810  1504      329.0000  2068                    165.0000  4625179         
   1812  1519      329.0000  2233                    165.0000  4742352         
   1815  1502      329.0000  2265                    165.0000  4663209         
   1818  1533      329.0000  2129                    165.0000  4764661         
   1819  1534      329.0000  2117                    165.0000  4764988         
   1821  1504      329.0000  2217                    165.0000  4670003         
   1824  1520      329.0000  2261                    165.0000  4753437         
Elapsed time = 1731.37 sec. (1543696.96 ticks, tree = 265.58 MB, solutions = 0)
   1825  1536      329.0000  2059                    165.0000  4775954         
   1827  1535      329.0000  2187                    165.0000  4807739         
   1829  1550      329.0000  2101                    165.0000  4910149         
   1831  1543      329.0000  2070                    165.0000  4828043         
   1834  1506      329.0000  2184                    165.0000  4723277         
   1835  1547      329.0000  2222                    165.0000  4868396         
   1845  1551      329.0000  2027                    165.0000  4920781         
   1851  1550      329.0000  2200                    165.0000  4947889         
   1852  1572      329.0000  2167                    165.0000  5076507         
   1855  1553      329.0000  2033                    165.0000  4928639         
Elapsed time = 1784.62 sec. (1607794.00 ticks, tree = 272.44 MB, solutions = 0)
   1858  1570      329.0000  2190                    165.0000  5045458         
   1860  1560      329.0000  2086                    165.0000  5004821         
   1865  1554      329.0000  2023                    165.0000  4937144         
   1876  1581      329.0000  2232                    165.0000  5008387         

Clique cuts applied:  412
Cover cuts applied:  572
Implied bound cuts applied:  3201
Mixed integer rounding cuts applied:  1402
Zero-half cuts applied:  495
Lift and project cuts applied:  9
Gomory fractional cuts applied:  19

Root node processing (before b&c):
  Real time             =   49.38 sec. (64793.73 ticks)
Parallel b&c, 8 threads:
  Real time             = 1750.74 sec. (1568332.29 ticks)
  Sync time (average)   =  279.66 sec.
  Wait time (average)   =    0.00 sec.
                          ------------
Total (root+branch&cut) = 1800.11 sec. (1633126.02 ticks)
! --------------------------------------------------------
! Problem is UNKNOWN
! CPLEX Status = AbortTimeLim
! --------------------------------------------------------
