! Solving for graph /home/truongxuanhieu/CPLEX-MIP-for-MinSpanLabeling/benchmarks/cabp/D-bcsstk01.mtx.rnd
! Target value is set to 8
! Lower bound is set to 9
! Upper bound is set to 48
! Time limit is set to 1800
! Vertices mode is set to No hole
! Target value mode is set to Cyclic Antibandwidth
Version identifier: 22.2.0.0 | 2026-05-04 | 5dff98e58
CPXPARAM_TimeLimit                               1800
Tried aggregator 2 times.
MIP Presolve eliminated 178 rows and 120 columns.
MIP Presolve modified 4576 coefficients.
Aggregator did 496 substitutions.
Reduced MIP has 1169 rows, 3129 columns, and 9544 nonzeros.
Reduced MIP has 2504 binaries, 225 generals, 0 SOSs, and 400 indicators.
Presolve time = 0.02 sec. (13.98 ticks)
Probing time = 0.04 sec. (25.28 ticks)
Tried aggregator 1 time.
Detecting symmetries...
Reduced MIP has 1169 rows, 3129 columns, and 9544 nonzeros.
Reduced MIP has 2504 binaries, 273 generals, 0 SOSs, and 400 indicators.
Presolve time = 0.01 sec. (7.56 ticks)
Probing time = 0.01 sec. (3.30 ticks)
Clique table members: 2775.
MIP emphasis: balance optimality and feasibility.
MIP search method: dynamic search.
Parallel mode: deterministic, using up to 8 threads.
Root relaxation solution time = 0.02 sec. (9.42 ticks)

        Nodes                                         Cuts/
   Node  Left     Objective  IInf  Best Integer    Best Bound    ItCnt     Gap

      0     0       16.0000   159                     16.0000      297         
      0     0       16.0000   347                   Cuts: 392      507         
      0     0       16.0000   247                   Cuts: 392      708         
      0     0       16.0000   278                   Cuts: 392      937         
Detecting symmetries...
      0     2       16.0000   198                     16.0000      937         
Elapsed time = 1.03 sec. (435.55 ticks, tree = 0.02 MB, solutions = 0)
    533   388       28.0000   217                     16.0000    15742         
   1337   935       33.0000   117                     16.0000    43885         
   2192  1712       24.0000   180                     16.0000    79909         
   2877  2189       25.0000   122                     16.0000   105498         

Performing restart 1

Repeating presolve.
Tried aggregator 1 time.
Reduced MIP has 1169 rows, 3129 columns, and 9544 nonzeros.
Reduced MIP has 2504 binaries, 273 generals, 0 SOSs, and 400 indicators.
Presolve time = 0.01 sec. (5.76 ticks)
Tried aggregator 1 time.
Reduced MIP has 1169 rows, 3129 columns, and 9544 nonzeros.
Reduced MIP has 2504 binaries, 273 generals, 0 SOSs, and 400 indicators.
Presolve time = 0.01 sec. (7.82 ticks)
Represolve time = 0.07 sec. (45.04 ticks)
   3410     0       16.0000   384                   Cuts: 392   140104         
   3410     0       16.0000   386                   Cuts: 392   141001         
   3410     0       16.0000   369                   Cuts: 392   141712         
   3410     0       16.0000   355                   Cuts: 392   143045         
   3410     0       16.0941   538                   Cuts: 392   144510         
   3410     0       17.0000   471                   Cuts: 290   145243         
   3410     0       17.0000   448                   Cuts: 392   146198         
   3410     0       17.0000   459                   Cuts: 392   147502         
   3410     0       17.0000   451                   Cuts: 282   148615         
   3410     2       17.0000   352                     17.0000   148615         
   3417     7       24.0000   278                     17.0000   149135         
   3551    99       32.0000   198                     17.0000   153154         
   3877   335       34.0000   133                     17.0000   161259         
   4286   621       33.0000   123                     17.0000   171153         
   5336  1536       40.0000   219                     24.0000   228946         
Elapsed time = 13.47 sec. (6555.05 ticks, tree = 2.40 MB, solutions = 0)
   6645  2305       40.0000   173                     24.0000   298755         
   7142  2795       33.0000   182                     24.0000   376601         
   8272  3643       40.0000   252                     24.0000   448455         

Performing restart 2

Repeating presolve.
Tried aggregator 1 time.
MIP Presolve modified 25 coefficients.
Reduced MIP has 1169 rows, 3129 columns, and 11097 nonzeros.
Reduced MIP has 2504 binaries, 273 generals, 0 SOSs, and 400 indicators.
Presolve time = 0.01 sec. (9.04 ticks)
Tried aggregator 1 time.
Reduced MIP has 1169 rows, 3129 columns, and 11097 nonzeros.
Reduced MIP has 2504 binaries, 273 generals, 0 SOSs, and 400 indicators.
Presolve time = 0.01 sec. (8.41 ticks)
Represolve time = 0.14 sec. (80.20 ticks)
   8570     0       17.0000   397                   Cuts: 392   516197         
   8570     0       17.0000   424                   Cuts: 314   517391         
   8570     0       18.0000   324                   Cuts: 392   520772         
   8570     0       18.0000   439                   Cuts: 392   521423         
   8570     0       18.0000   447                   Cuts: 328   522110         
   8570     0       18.0000   445                   Cuts: 385   522975         
   8570     0       18.0000   427                   Cuts: 346   523652         
   8570     0       18.0000   459                   Cuts: 392   524501         
   8570     0       18.0000   445                   Cuts: 355   525703         
   8570     0       18.0000   437                   Cuts: 392   526708         
   8570     2       18.0000   282                     24.0000   526708         
   8916   271       18.0000   217                     24.0000   551700         
   9301   571       40.0000   206                     24.0000   587419         
   9530   756       40.0000   215                     24.0000   637175         
   9732   933    infeasible                           24.0000   691710         
   9822   976       25.0000   406                     24.0000   702560         
   9862  1029       40.0000   375                     24.0000   752996         
Elapsed time = 43.73 sec. (20171.12 ticks, tree = 2.28 MB, solutions = 0)
   9932  1077       38.0000   302                     24.0000   786458         
   9987  1108       44.0000   347                     24.0000   827004         
  10065  1156    infeasible                           24.0000   873297         
  10124  1224       40.0000   290                     24.0000   907558         
  10180  1248    infeasible                           24.0000   940458         
  10235  1301       40.0000   326                     24.0000   986986         
  10278  1318       48.0000   390                     24.0000   994874         
  10325  1356       25.0000   424                     24.0000  1065476         
  10370  1370       25.0000   347                     24.0000  1080314         
  10433  1433       41.0000   319                     24.0000  1127243         
Elapsed time = 64.27 sec. (29836.62 ticks, tree = 4.49 MB, solutions = 0)
  10504  1454       25.0000   428                     24.0000  1153900         
  10569  1548       41.0000   217                     24.0000  1211551         
  10627  1547       21.0000   497                     24.0000  1222008         
  10693  1637       41.0000   338                     24.0000  1307575         
  10732  1676       33.0000   288                     24.0000  1350286         
  10771  1696       39.0000   299                     24.0000  1379367         
  10830  1736       34.0000   323                     24.0000  1452697         
  10906  1755       25.0000   354                     24.0000  1468247         
  10960  1796       33.0000   299                     24.0000  1498860         
  10999  1887       48.0000   354                     24.0000  1566495         
Elapsed time = 84.06 sec. (39439.54 ticks, tree = 7.04 MB, solutions = 0)
  11044  1900    infeasible                           24.0000  1574333         
  11096  1946       46.0000   300                     24.0000  1639667         
  11157  1963       40.0000   326                     24.0000  1659855         
  11197  1984       48.0000   386                     24.0000  1698424         
  11259  2071       24.0000   483                     24.0000  1769891         
  11314  2091       22.2727   517                     24.0000  1790143         
  11365  2177       40.0000   218                     24.0000  1852640         
  11392  2191       41.0000   359                     24.0000  1870688         
  11430  2221       40.0000   356                     24.0000  1926911         
  11491  2254       42.0000   340                     24.0000  1973558         
Elapsed time = 103.38 sec. (49130.21 ticks, tree = 8.93 MB, solutions = 0)
  11547  2301       30.0000   367                     24.0000  2012672         
  11625  2349       48.0000   271                     24.0000  2042066         
  11687  2398       47.0000   261                     24.0000  2077057         
  11736  2450       30.0000   423                     24.0000  2108918         
  11777  2462    infeasible                           24.0000  2138496         
  11805  2508       40.0000   360                     24.0000  2172661         
  11835  2520       40.0000   387                     24.0000  2190162         
  11865  2536       41.0000   405                     24.0000  2224261         
  11900  2560    infeasible                           24.0000  2274242         
  11929  2586       35.0000   319                     24.0000  2312407         
Elapsed time = 121.88 sec. (58847.36 ticks, tree = 13.07 MB, solutions = 0)
  11969  2626       40.0000   330                     24.0000  2393869         
  11999  2631       40.0000   343                     24.0000  2399857         
  12042  2665       40.0000   255                     24.0000  2442051         
  12105  2688       39.0000   350                     24.0000  2475360         
  12167  2751       33.0000   296                     24.0000  2531885         
  12221  2734       40.0000   268                     24.0000  2508961         
  12279  2811       33.0000   341                     24.0000  2570011         
  12336  2867       48.0000   405                     24.0000  2619347         
  12395  2919       42.0000   336                     24.0000  2647723         
  12469  2936       38.0000   379                     24.0000  2679627         
Elapsed time = 141.22 sec. (68547.28 ticks, tree = 18.58 MB, solutions = 0)
  12529  2942       33.0000   299                     24.0000  2665534         
  12576  2984       34.0426   381                     24.0000  2723796         
  12621  3108       43.0000   314                     24.0000  2805988         
  12701  3112    infeasible                           24.0000  2811977         
  12773  3190       45.0000   311                     24.0000  2903264         
  12834  3155       32.0000   435                     24.0000  2891835         
  12894  3187       48.0000   362                     24.0000  2901002         
  12930  3313       27.0000   427                     24.0000  2996959         
  12999  3360       38.0000   310                     24.0000  3044165         
  13047  3366    infeasible                           24.0000  3047929         
Elapsed time = 160.24 sec. (78209.09 ticks, tree = 26.21 MB, solutions = 0)
  13099  3390       33.0000   330                     24.0000  3084500         
  13168  3410       24.0000   397                     24.0000  3098873         
  13242  3466       40.0000   314                     24.0000  3150679         
  13294  3558    infeasible                           24.0000  3223991         
  13337  3564       32.0000   393                     24.0000  3227222         
  13377  3586       48.0000   410                     24.0000  3254023         
  13438  3662       40.0000   324                     24.0000  3322094         
  13486  3671       41.0000   383                     24.0000  3364931         
  13528  3767       48.0000   399                     24.0000  3438160         
  13576  3756       42.0000   315                     24.0000  3421115         
Elapsed time = 179.71 sec. (87956.84 ticks, tree = 31.69 MB, solutions = 0)
  13610  3825       40.0000   295                     24.0000  3502468         
  13645  3801       48.0000   287                     24.0000  3473819         
  13690  3884       48.0000   319                     24.0000  3588643         
  13756  3883       40.0000   304                     24.0000  3579839         
  13833  3907       48.0000   314                     24.0000  3601642         
  13904  3932       36.0000   281                     24.0000  3664791         
  13993  3949       40.0000   308                     24.0000  3681382         
  14042  4117       32.0000   345                     24.0000  3793529         
  14086  4131       33.2917   393                     24.0000  3805391         
  14274  4212       41.0000   316                     24.0000  3881414         
Elapsed time = 203.57 sec. (100501.87 ticks, tree = 40.15 MB, solutions = 0)
  14476  4387       42.0000   270                     24.0000  4073243         
  14668  4515       40.0000   303                     24.0000  4241195         
  14786  4639    infeasible                           24.0000  4383479         
  14956  4685       48.0000   277                     24.0000  4469382         
  15155  4825       44.0000   312                     24.0000  4620129         
  15296  4960       40.0000   328                     24.0000  4792806         
  15494  5040    infeasible                           24.0000  4895239         
  15645  5176       42.0000   315                     24.0000  5034650         
  15835  5272       40.0000   310                     24.0000  5194068         
  15919  5412    infeasible                           24.0000  5374558         
Elapsed time = 277.57 sec. (138926.97 ticks, tree = 64.81 MB, solutions = 0)
  16043  5496       25.0000   473                     24.0000  5526925         
  16189  5570       40.0000   377                     24.0000  5649127         
  16344  5698       41.0000   335                     24.0000  5826525         
  16519  5794       40.0000   311                     24.0000  5930276         
  16730  5866       42.0000   275                     24.0000  6012388         
  16862  5986    infeasible                           24.0000  6145355         
  17048  6148       45.0000   256                     24.0000  6348115         
  17169  6164    infeasible                           24.0000  6367848         
  17257  6319       43.0000   322                     24.0000  6559830         
  17384  6396       37.0000   464                     24.0000  6773759         
Elapsed time = 351.99 sec. (177270.43 ticks, tree = 86.28 MB, solutions = 0)
  17526  6479       48.0000   408                     24.0000  6898737         
  17658  6550       32.0000   381                     24.0000  7031842         
  17814  6674       48.0000   327                     24.0000  7176332         
  18011  6711       40.0000   364                     24.0000  7211563         
  18225  6888       40.0000   326                     24.0000  7423389         
  18394  7061       35.0000   395                     24.0000  7561561         
  18531  7148       40.0000   404                     24.0000  7667481         
  18638  7205       48.0000   221                     24.0000  7746114         
  18747  7353       48.0000   301                     24.0000  7983577         
  18875  7404       48.0000   379                     24.0000  8083910         
Elapsed time = 425.77 sec. (215653.80 ticks, tree = 110.57 MB, solutions = 0)
  18979  7525       48.0000   379                     25.0000  8306182         
  19089  7569       44.0000   353                     25.0000  8395818         
  19211  7580       48.0000   385                     25.0000  8454434         
  19340  7688       48.0000   376                     25.0000  8625422         
  19495  7762       48.0000   393                     25.0000  8708930         
  19622  7927       43.0000   363                     25.0000  8984521         
  19722  7931       48.0000   416                     25.0000  8999808         
  19792  7963       40.0000   357                     25.0000  9084001         
  19856  8069       40.0000   410                     25.0000  9356835         
  19974  8110    infeasible                           25.0000  9498376         
Elapsed time = 498.54 sec. (254208.57 ticks, tree = 125.49 MB, solutions = 0)
  20112  8130       40.0000   390                     25.0000  9534136         
  20227  8252       48.0000   450                     25.0000  9762088         
  20341  8351       48.0000   348                     25.0000  9886831         
  20435  8347       47.0000   413                     25.0000  9872233         
  20565  8442       40.2963   456                     25.0000 10063888         
  20739  8557       40.0000   324                     25.0000 10283471         
  20901  8553       47.0000   403                     25.0000 10271747         
  21015  8682       40.0000   382                     25.0000 10425846         
  21131  8758       40.0000   277                     25.0000 10553990         
  21244  8933       33.0000   448                     25.0000 10802333         
Elapsed time = 570.73 sec. (292529.31 ticks, tree = 149.67 MB, solutions = 0)
  21338  8939    infeasible                           25.0000 10802086         
  21433  8995       48.0000   446                     25.0000 10964732         
  21506  9108       40.0000   399                     25.0000 11203652         
  21589  9139    infeasible                           25.0000 11312188         
  21689  9125       48.0000   383                     25.0000 11268051         
  21801  9186       38.0000   414                     25.0000 11440048         
  21899  9311       42.0000   215                     25.0000 11726479         
  22003  9371       47.0000   370                     25.0000 11863889         
  22118  9403       32.0000   458                     25.0000 11940259         
  22253  9418       40.0000   446                     25.0000 11957120         
Elapsed time = 642.64 sec. (330996.68 ticks, tree = 161.19 MB, solutions = 0)
  22368  9474       48.0000   443                     25.0000 12122875         
  22474  9519       40.0000   498                     25.0000 12199778         
  22627  9611       41.0000   392                     25.0000 12348891         
  22752  9691       48.0000   401                     25.0000 12511883         
  22886  9773       44.0000   375                     25.0000 12620549         
  23017  9860       48.0000   407                     25.0000 12792618         
  23124  9870       40.0000   399                     25.0000 12807814         
  23219 10043       48.0000   411                     25.0000 13091549         
  23307 10107       48.0000   425                     25.0000 13251677         
  23427 10064    infeasible                           25.0000 13177888         
Elapsed time = 715.88 sec. (369489.17 ticks, tree = 180.22 MB, solutions = 0)
  23526 10173       48.0000   315                     25.0000 13340884         
  23596 10254       40.0000   356                     25.0000 13507490         
  23703 10325       48.0000   241                     25.0000 13631282         
  23811 10324       42.0000   414                     25.0000 13665856         
  23921 10410       33.0000   342                     25.0000 13816300         
  24036 10484    infeasible                           25.0000 13995401         
  24153 10583       48.0000   304                     25.0000 14135404         
  24288 10646       48.0000   312                     25.0000 14305467         
  24404 10773       40.0000   452                     25.0000 14502896         
  24518 10720       48.0000   429                     25.0000 14408212         
Elapsed time = 786.51 sec. (407936.69 ticks, tree = 198.22 MB, solutions = 0)
  24619 10880    infeasible                           25.0000 14666461         
  24739 11002       41.0000   416                     25.0000 14896700         
  24859 10980       48.0000   190                     25.0000 14846898         
  24990 11116       32.0000   362                     25.0000 15085283         
  25106 11222       32.0000   360                     25.0000 15240278         
  25232 11210       33.0411   494                     25.0000 15221184         
  25341 11289       48.0000   329                     25.0000 15346303         
  25458 11301       40.2051   404                     25.0000 15396513         
  25542 11532       47.0000   401                     25.0000 15837317         
  25644 11546       41.0000   413                     25.0000 15883031         
Elapsed time = 855.51 sec. (446391.49 ticks, tree = 224.02 MB, solutions = 0)
  25752 11495    infeasible                           25.0000 15751933         
  25853 11606    infeasible                           25.1890 16022098         
  25951 11646    infeasible                           25.2727 16111021         
  26021 11750       48.0000   342                     25.3333 16316337         
  26121 11767       40.0000   433                     25.3913 16338378         
  26194 11788       40.0000   414                     25.5366 16466393         
  26279 11845    infeasible                           25.6806 16646815         
  26382 11888       48.0000   316                     26.0000 16808080         
  26489 11912       41.0000   322                     26.0000 16861511         
  26595 11976       40.0000   414                     26.0000 17035950         
Elapsed time = 928.82 sec. (484884.54 ticks, tree = 236.35 MB, solutions = 0)
  26731 12025       40.0000   392                     26.0000 17133427         
  26836 12092       34.0000   312                     26.0000 17269073         
  26938 12197       26.3661   555                     26.0000 17488543         
  27048 12278       34.4286   509                     26.0000 17691700         
  27149 12286       47.0000   466                     26.0000 17705564         
  27250 12355    infeasible                           26.0000 17838287         
  27373 12435       32.0000   490                     26.0000 18019499         
  27464 12418       41.0000   417                     26.0000 17995979         
  27562 12462       40.0000   298                     26.2069 18089597         
  27670 12528    infeasible                           26.4545 18217113         
Elapsed time = 1001.22 sec. (523388.00 ticks, tree = 252.90 MB, solutions = 0)
  27772 12539       32.0000   455                     26.5238 18233956         
  27864 12624       48.0000   442                     26.6667 18481528         
  27967 12751       45.0000   442                     26.7918 18778814         
  28063 12734    infeasible                           27.0000 18750498         
  28173 12836       40.0000   392                     27.0000 18979813         
  28287 12876       40.0000   483                     27.0000 19111322         
  28401 12968       45.0000   395                     27.0000 19300832         
  28488 12920       37.0000   516                     27.1875 19188889         
  28561 13044       43.0000   346                     28.0000 19469107         
  28646 13022       40.0000   356                     28.0000 19439445         
Elapsed time = 1073.36 sec. (562002.30 ticks, tree = 268.70 MB, solutions = 0)
  28710 13114       48.0000   455                     28.0000 19706538         
  28789 13164       40.0000   424                     28.0000 19815358         
  28889 13215       33.7391   490                     28.3774 19973944         
  28969 13279       32.0000   497                     28.5000 20225147         
  29069 13284       35.0000   404                     29.0000 20240894         
  29159 13268       48.0000   376                     29.0000 20168299         
  29268 13343       48.0000   373                     29.0000 20365211         
  29395 13457       40.0000   442                     29.0000 20567363         
  29486 13505       35.0000   372                     29.0000 20719675         
  29604 13613       48.0000   241                     29.0000 20929642         
Elapsed time = 1144.36 sec. (600485.31 ticks, tree = 285.73 MB, solutions = 0)
  29733 13576    infeasible                           29.0000 20850265         
  29822 13576       48.0000   497                     29.0000 20907647         
  29914 13696    infeasible                           29.0000 21075210         
  30008 13826       32.0000   410                     29.0000 21229921         
  30111 13944       48.0000   370                     29.0000 21544441         
  30208 13882       40.0000   388                     29.0000 21352590         
  30293 14058       46.0000   491                     29.0000 21779034         
  30387 14083       40.0000   363                     29.0000 21843021         
  30482 14136    infeasible                           30.0000 21968064         
  30566 14107       40.0000   306                     30.0000 21924499         
Elapsed time = 1215.57 sec. (638886.50 ticks, tree = 303.03 MB, solutions = 0)
  30651 14196       47.0000   441                     30.0000 22145749         
  30727 14319       48.0000   432                     30.0000 22393807         
  30799 14386       45.0000   387                     30.0000 22570252         
  30858 14286       48.0000   435                     30.0000 22322931         
  30926 14350       46.0000   466                     30.0000 22495643         
  30978 14395       38.0000   435                     30.0000 22622653         
  31037 14444       48.0000   453                     30.0000 22738342         
  31108 14511       48.0000   271                     30.0000 22951505         
  31184 14595       41.0000   338                     30.0000 23281274         
  31264 14550       48.0000   401                     30.0000 23093024         
Elapsed time = 1289.78 sec. (677616.20 ticks, tree = 317.60 MB, solutions = 0)
  31350 14611       48.0000   450                     30.0000 23222138         
  31461 14742       40.0000   403                     30.0000 23637163         
  31567 14749       48.0000   404                     30.0000 23652945         
  31670 14691    infeasible                           30.0000 23565451         
  31760 14900       40.0000   476                     30.0000 24016842         
  31840 14962       40.0000   491                     30.0000 24098539         
  31918 14847    infeasible                           30.0000 23883755         
  31996 15070       47.0000   443                     30.0000 24395869         
  32070 15092    infeasible                           30.0000 24460268         
  32143 15107       31.0000   510                     30.0000 24535531         
Elapsed time = 1361.59 sec. (716283.87 ticks, tree = 331.55 MB, solutions = 0)
  32259 15140       40.0000   373                     30.0800 24664857         
  32336 15117    infeasible                           30.0800 24570474         
  32416 15207       36.0000   436                     30.0800 24854515         
  32510 15332       48.0000   310                     30.2500 25172360         
  32612 15216       46.0000   498                     30.3279 24885809         
  32708 15251    infeasible                           30.3913 24956686         
  32788 15306       40.0000   414                     30.7333 25152880         
  32881 15496       47.0000   421                     31.0000 25627979         
  33009 15394    infeasible                           31.0000 25418220         
  33099 15396       33.0000   444                     31.0000 25433167         
Elapsed time = 1432.76 sec. (754790.31 ticks, tree = 342.22 MB, solutions = 0)
  33201 15635       48.0000   456                     31.0000 25838104         
  33289 15560       40.0000   381                     31.0000 25741815         
  33371 15642       32.0000   436                     31.0000 25869997         
  33465 15670       40.0000   431                     31.0000 25935767         
  33548 15728       40.0000   438                     31.0000 26119449         
  33613 15736       48.0000   416                     31.0000 26136960         
  33673 15796       48.0000   434                     31.0000 26279050         
  33742 15856       48.0000   293                     31.0000 26418985         
  33824 16002       40.0000   422                     31.0000 26808819         
  33913 15981       32.0000   445                     31.0000 26765317         
Elapsed time = 1508.65 sec. (793570.64 ticks, tree = 363.33 MB, solutions = 0)
  34015 16033       45.0000   459                     31.0000 26904420         
  34125 16045       47.0000   469                     31.0000 26920533         
  34204 16126    infeasible                           31.3333 27172302         
  34294 16195       37.0000   405                     31.8209 27371937         
  34369 16218       40.0000   360                     32.0000 27440141         
  34455 16215       32.0000   537                     32.0000 27403351         
  34527 16237    infeasible                           32.0000 27542318         
  34594 16336       36.0000   423                     32.0000 27817638         
  34657 16342    infeasible                           32.0000 27831350         
  34725 16357       40.0000   506                     32.0000 27914769         
Elapsed time = 1582.99 sec. (832397.44 ticks, tree = 375.80 MB, solutions = 0)
  34808 16561       40.0000   491                     32.0000 28482869         
  34912 16579    infeasible                           32.0000 28559330         
  35007 16576    infeasible                           32.0000 28513825         
  35088 16611       32.0000   482                     32.0000 28648103         
  35172 16590       38.0000   426                     32.0000 28607469         
  35258 16710       41.0000   448                     32.0000 28944334         
  35322 16821       40.0000   354                     32.0000 29165495         
  35395 16656       32.0000   406                     32.0000 28766242         
  35473 16878       48.0000   401                     32.0000 29310156         
  35555 16881       40.0000   373                     32.0000 29325153         
Elapsed time = 1657.97 sec. (871177.22 ticks, tree = 391.41 MB, solutions = 0)
  35612 16963       40.0000   414                     32.0000 29650861         
  35681 16892       48.0000   457                     32.0000 29357900         
  35755 16911       40.0000   422                     32.0000 29485285         
  35841 16917       47.0000   456                     32.0000 29500931         
  35926 17037       40.0000   324                     32.0000 29892069         
  36001 17065       40.0000   445                     32.0000 30029880         
  36079 17054       48.0000   367                     32.0000 29924667         
  36222 17071       40.0000   406                     32.0000 29941687         
  36296 17175       48.0000   417                     32.0000 30214937         
  36387 17091       40.0000   432                     32.0000 30159907         
Elapsed time = 1730.02 sec. (909805.96 ticks, tree = 399.83 MB, solutions = 0)
  36477 17360    infeasible                           32.0000 30776246         
  36558 17197       48.0000   476                     32.0000 30463062         
  36642 17243    infeasible                           32.0000 30541685         
  36730 17511       48.0000   255                     32.0000 31144843         
  36818 17520       48.0000   443                     32.0000 31162147         
  36908 17471       48.0000   397                     32.0000 31049684         
  36999 17489    infeasible                           32.0000 31117958         
  37079 17562    infeasible                           32.0000 31331147         
  37135 17642    infeasible                           32.0000 31558308         

GUB cover cuts applied:  1348
Clique cuts applied:  14
Cover cuts applied:  1313
Implied bound cuts applied:  368
Flow cuts applied:  13
Mixed integer rounding cuts applied:  498
Zero-half cuts applied:  29
Lift and project cuts applied:  3
Gomory fractional cuts applied:  88

Root node processing (before b&c):
  Real time             =    1.03 sec. (435.02 ticks)
Parallel b&c, 8 threads:
  Real time             = 1798.98 sec. (947512.63 ticks)
  Sync time (average)   =   95.64 sec.
  Wait time (average)   =    0.03 sec.
                          ------------
Total (root+branch&cut) = 1800.01 sec. (947947.64 ticks)
! --------------------------------------------------------
! Problem is UNKNOWN
! CPLEX Status = AbortTimeLim
! --------------------------------------------------------
