! Solving for graph /home/truongxuanhieu/CPLEX-MIP-for-MinSpanLabeling/benchmarks/cabp/F-curtis54.mtx.rnd
! Target value is set to 10
! Lower bound is set to 11
! Upper bound is set to 54
! Time limit is set to 1800
! Vertices mode is set to No hole
! Target value mode is set to Cyclic Antibandwidth
Version identifier: 22.2.0.0 | 2026-05-04 | 5dff98e58
CPXPARAM_TimeLimit                               1800
Tried aggregator 2 times.
MIP Presolve eliminated 126 rows and 135 columns.
MIP Presolve modified 5798 coefficients.
Aggregator did 410 substitutions.
Reduced MIP has 945 rows, 3548 columns, and 10745 nonzeros.
Reduced MIP has 3067 binaries, 179 generals, 0 SOSs, and 302 indicators.
Presolve time = 0.02 sec. (14.78 ticks)
Probing time = 0.03 sec. (7.97 ticks)
Tried aggregator 1 time.
Detecting symmetries...
Reduced MIP has 945 rows, 3548 columns, and 10745 nonzeros.
Reduced MIP has 3067 binaries, 233 generals, 0 SOSs, and 302 indicators.
Presolve time = 0.01 sec. (8.13 ticks)
Probing time = 0.02 sec. (3.51 ticks)
Clique table members: 7580.
MIP emphasis: balance optimality and feasibility.
MIP search method: dynamic search.
Parallel mode: deterministic, using up to 8 threads.
Root relaxation solution time = 0.01 sec. (7.24 ticks)

        Nodes                                         Cuts/
   Node  Left     Objective  IInf  Best Integer    Best Bound    ItCnt     Gap

      0     0       20.0000   142                     20.0000      164         
      0     0       20.0000   294                   Cuts: 282      412         
      0     0       20.0000   258                   Cuts: 290      639         
      0     0       20.0000   299                   Cuts: 314      951         
Detecting symmetries...
      0     2       20.0000   190                     20.0000      951         
Elapsed time = 0.93 sec. (392.04 ticks, tree = 0.02 MB, solutions = 0)
    688   530       30.0000   138                     20.0000    20395         
   1264  1070       31.0000   143                     20.0000    45891         
   2170  1697       50.0000   160                     20.0000    74186         
   2909  2366       46.0000   119                     20.0000   106005         

Performing restart 1

Repeating presolve.
Tried aggregator 1 time.
Reduced MIP has 945 rows, 3548 columns, and 10745 nonzeros.
Reduced MIP has 3067 binaries, 233 generals, 0 SOSs, and 302 indicators.
Presolve time = 0.01 sec. (6.22 ticks)
Tried aggregator 1 time.
Reduced MIP has 945 rows, 3548 columns, and 10745 nonzeros.
Reduced MIP has 3067 binaries, 233 generals, 0 SOSs, and 302 indicators.
Presolve time = 0.01 sec. (8.39 ticks)
Represolve time = 0.06 sec. (29.48 ticks)
   3383     0       20.0000   234                   Cuts: 336   130430         
   3383     0       20.0000   297                   Cuts: 336   131499         
   3383     0       20.0000   301                   Cuts: 230   132285         
   3383     0       20.0000   350                   Cuts: 336   133117         
   3383     0       20.2703   431                   Cuts: 271   134178         
   3383     0       21.0000   407                   Cuts: 336   134917         
   3383     0       21.1111   487                   Cuts: 336   135670         
   3383     0       22.0000   450                   Cuts: 285   136534         
   3383     0       22.0000   435                   Cuts: 336   137295         
   3383     0       22.0000   451                   Cuts: 336   138209         
   3383     2       22.0000   266                     22.0000   138209         
   3411    18       30.0000   231                     22.0000   139219         
   3615   219       40.0000   163                     22.0000   144675         
   3907   426       40.0000   129                     22.0000   152833         
   4185   654       30.0000   178                     22.0000   162177         
   5884  2044    infeasible                           22.0000   238602         
Elapsed time = 13.52 sec. (6358.02 ticks, tree = 3.70 MB, solutions = 0)
   6570  2593       34.0000   240                     22.0000   301681         
   7456  3332       44.0000   121                     22.0000   376242         
   8095  3801       42.0000    82                     22.0000   445952         
   8889  4490       42.0000   160                     22.5000   518873         

Performing restart 2

Repeating presolve.
Tried aggregator 1 time.
MIP Presolve modified 29 coefficients.
Reduced MIP has 945 rows, 3548 columns, and 12968 nonzeros.
Reduced MIP has 3067 binaries, 233 generals, 0 SOSs, and 302 indicators.
Presolve time = 0.01 sec. (9.85 ticks)
Tried aggregator 1 time.
Reduced MIP has 945 rows, 3548 columns, and 12968 nonzeros.
Reduced MIP has 3067 binaries, 233 generals, 0 SOSs, and 302 indicators.
Presolve time = 0.01 sec. (9.45 ticks)
Represolve time = 0.14 sec. (78.70 ticks)
   8960     0       22.0000   420                   Cuts: 285   541347         
   8960     0       22.0000   380                   Cuts: 157   542142         
   8960     0       22.0000   319                   Cuts: 291   543331         
   8960     0       22.0000   385                   Cuts: 233   543962         
   8960     0       22.0000   369                   Cuts: 336   545078         
   8960     0       23.0000   348                   Cuts: 336   546612         
   8960     0       23.0000   419                   Cuts: 336   547317         
   8960     0       23.0000   404                   Cuts: 280   548033         
   8960     0       23.0000   422                   Cuts: 336   548676         
   8960     0       23.0000   360                   Cuts: 282   549193         
   8960     0       23.0000   408                   Cuts: 336   549797         
   8960     0       23.0000   418                   Cuts: 336   550415         
   8960     2       23.0000   210                     24.0000   550415         
   9322   319       41.0000   147                     24.0000   573135         
   9581   503       52.0000   165                     24.0000   616512         
   9879   739       50.0000   216                     24.0000   655071         
  10166   988       40.0000   230                     24.0000   699662         
  10490  1236       40.0000   223                     24.0000   747916         
Elapsed time = 39.27 sec. (18854.38 ticks, tree = 3.41 MB, solutions = 0)
  10802  1459    infeasible                           24.0000   787872         
  11302  1825       41.0000   175                     24.0000   837848         
  11846  2204       31.0000   210                     24.0000   890388         
  12141  2530       51.0000   163                     24.0000   949901         
  12345  2740       50.0000   194                     24.0000  1005720         
  12598  2878       50.0000   235                     24.0000  1067326         
  12723  3022       27.0000   309                     24.0000  1112388         
  12975  3242       50.0000   152                     24.0000  1169621         
  13134  3376       47.0000   208                     24.0000  1229882         
  13409  3478       40.0000   299                     24.0000  1278952         
Elapsed time = 59.18 sec. (28429.03 ticks, tree = 11.78 MB, solutions = 0)
  13588  3726       52.0000   274                     24.0000  1352358         
  13733  3813       42.0000   218                     24.0000  1403758         
  14117  4043       32.0000   266                     24.0000  1478585         
  14453  4384       41.0000   227                     24.0000  1533824         
  14589  4570       31.0000   328                     24.0000  1605867         
  14713  4633    infeasible                           24.0000  1657331         
  14930  4761       34.0000   361                     24.0000  1692156         
  15137  4986       44.0000   215                     24.0000  1738868         
  15289  5069       31.0000   361                     24.0000  1763639         
  15397  5200       52.0000   271                     24.0000  1827551         
Elapsed time = 79.34 sec. (38010.62 ticks, tree = 33.03 MB, solutions = 0)
  15707  5335       40.0000   275                     24.9306  1883506         
  15917  5566       50.0000   262                     25.0000  1932169         
  16119  5830       47.0000   362                     25.0000  1987387         
  16305  5865       26.4800   496                     25.0000  2001691         
  16455  6133       50.0000   243                     26.0000  2072475         
  16583  6216       51.0000   167                     26.0000  2109256         
  16729  6288       48.0000   205                     26.0000  2147673         
  16944  6437       40.0000   283                     26.0000  2222466         
  17076  6632       41.0000   316                     26.0000  2288062         
  17215  6728    infeasible                           26.0000  2318265         
Elapsed time = 99.65 sec. (47590.66 ticks, tree = 53.08 MB, solutions = 0)
  17274  6846       50.0000   256                     26.0000  2369917         
  17379  6915       40.0000   272                     26.0000  2426130         
  17583  6954       40.0000   332                     27.0000  2435745         
  17700  7085    infeasible                           27.0000  2465909         
  17913  7273       40.0000   267                     27.0000  2534803         
  18178  7419       50.0000   247                     27.0000  2576980         
  18311  7526       40.0000   413                     27.2542  2612526         
  18424  7814       50.0000   225                     27.2542  2671158         
  18680  7879       40.0000   328                     27.2542  2680223         
  18952  8026    infeasible                           27.2542  2724172         
Elapsed time = 118.66 sec. (57184.26 ticks, tree = 73.26 MB, solutions = 0)
  19080  8205       52.0000   187                     28.0000  2772557         
  19269  8454    infeasible                           28.0000  2836818         
  19381  8499       41.0000   229                     28.0000  2867725         
  19554  8610       41.0000   286                     28.0000  2908029         
  19749  8799       52.0000   183                     28.0000  2952265         
  19894  8893       44.0000   234                     30.0000  3000130         
  20009  9120       41.0000   360                     30.0000  3095690         
  20116  9183       54.0000   143                     30.0000  3117090         
  20313  9275       54.0000    86                     30.0000  3132585         
  20587  9456       52.0000   227                     30.0000  3207685         
Elapsed time = 138.23 sec. (66774.99 ticks, tree = 93.78 MB, solutions = 0)
  20732  9637       50.0000   239                     30.0000  3245207         
  20869  9829       40.0000   332                     30.0000  3311850         
  20991  9861       44.0000   265                     30.0000  3334293         
  21065  9896       50.0000   313                     30.0000  3359850         
  21149 10095       53.0000   324                     30.0000  3457381         
  21242 10144       50.0000   283                     30.0000  3500880         
  21324 10160       50.0000   253                     30.0000  3511234         
  21433 10250       44.0000   307                     30.0000  3554030         
  21537 10372       50.0000   263                     30.0000  3613780         
  21627 10423       40.0000   274                     30.0000  3638806         
Elapsed time = 156.79 sec. (76410.32 ticks, tree = 112.44 MB, solutions = 0)
  21720 10503       52.0000   191                     30.0000  3653069         
  21837 10529       40.0000   309                     30.0000  3687971         
  21993 10713       40.0000   263                     30.0000  3773587         
  22192 10887       52.0000   174                     30.0000  3823861         
  22452 10969       42.0000   208                     30.0000  3837453         
  22611 11108       42.0000   270                     30.0000  3880046         
  22750 11157       52.0000   236                     30.0000  3900886         
  22806 11456       52.0000   210                     30.0000  3998084         
  22869 11578       52.0000   193                     30.0000  4091875         
  22969 11599       44.0000   220                     30.0000  4104474         
Elapsed time = 175.32 sec. (86013.53 ticks, tree = 134.68 MB, solutions = 0)
  23067 11613       50.0000   259                     30.0000  4127940         
  23216 11807       50.0000   255                     30.0000  4208649         
  23408 11883       41.0000   234                     30.0000  4224592         
  23613 11999       40.0000   281                     30.0000  4259865         
  23844 12050       41.0000   281                     30.0000  4277662         
  24093 12419       40.0000   408                     30.0000  4388789         
  24258 12369       53.0000   228                     30.0000  4360691         
  24351 12831       50.0000   277                     30.0000  4513940         
  24453 12866       49.0000   303                     30.0000  4533040         
  24976 13139       40.0000   295                     30.0000  4627130         
Elapsed time = 200.02 sec. (98472.43 ticks, tree = 165.37 MB, solutions = 0)
  25643 13814       52.0000   196                     30.0000  4855862         
  26167 14144       47.0000   241                     30.0000  4985109         
  26492 14501       50.0000   309                     30.0000  5157463         
  26771 14776       51.0000   304                     30.0000  5334730         
  27522 15196       40.0000   266                     30.0000  5528379         
  27979 15800       48.0000   361                     31.0000  5748814         
  28290 15985       40.0000   407                     31.0000  5870583         
  28573 16151       50.0000   254                     31.0000  5974446         
  28935 16414       41.0000   392                     31.0000  6169297         
  29287 16693       40.0000   449                     31.0000  6380590         
Elapsed time = 277.88 sec. (136727.98 ticks, tree = 233.35 MB, solutions = 0)
  29589 16942       51.0000   224                     31.0000  6507131         
  30342 17431       40.0000   356                     31.0000  6683485         
  31108 17771       54.0000   232                     31.0000  6823942         
* 31258 17766      integral     0       54.0000       31.0000  6829694   42.59%
  31488 18173       40.0000   411       54.0000       31.0000  6953310   42.59%
  31748 18186       47.0000   258       54.0000       31.0000  7140509   42.59%
  32249 18471       40.0000   381       54.0000       31.0000  7314052   42.59%
  32573 18630       31.3096   434       54.0000       31.0000  7422328   42.59%
  32947 19179       47.0000   256       54.0000       31.0000  7723855   42.59%
  33204 19236       52.0000   273       54.0000       31.0000  7775594   42.59%
* 33216+19363                           52.0000       31.0000            40.38%
  33528 16986       51.0000   263       52.0000       31.0000  7984824   40.38%
Elapsed time = 352.39 sec. (174986.46 ticks, tree = 244.87 MB, solutions = 3)
  33877 17079       41.0000   434       52.0000       31.0000  8039804   40.38%
  34158 17374       50.0000   209       52.0000       31.0000  8186012   40.38%
  34402 17579       40.0000   434       52.0000       31.0000  8330246   40.38%
  34576 17684       40.0000   395       52.0000       31.0000  8412362   40.38%
* 34635+17691                           51.0000       31.0000            39.22%
  34758 15209       41.0000   324       51.0000       31.0000  8566331   39.22%
* 35025+15228                           50.0000       31.0000            38.00%
  35035  9518       31.4615   437       50.0000       31.0000  8719751   38.00%
  35277  9598       40.0000   411       50.0000       31.0000  8806539   38.00%
  35546  9725       40.0000   408       50.0000       31.0000  8946488   38.00%
  35778  9900       40.0000   375       50.0000       31.0000  9109100   38.00%
  35989 10009       41.0000   396       50.0000       31.0000  9243207   38.00%
Elapsed time = 426.84 sec. (213241.11 ticks, tree = 131.87 MB, solutions = 5)
  36134 10051       45.0000   288       50.0000       31.0000  9275418   38.00%
  36273 10153    infeasible             50.0000       31.0000  9402791   38.00%
  36477 10239       31.0482   476       50.0000       31.0000  9565534   38.00%
  36674 10399    infeasible             50.0000       31.0000  9758726   38.00%
  36849 10488       41.0000   368       50.0000       31.0000  9880335   38.00%
  36974 10601       40.0000   419       50.0000       31.0000 10016458   38.00%
  37156 10595       42.0000   430       50.0000       31.0000 10006253   38.00%
  37343 10776       40.0000   402       50.0000       31.0000 10204931   38.00%
  37580 10808       40.0000   441       50.0000       31.0000 10236952   38.00%
  37748 10923       40.0000   359       50.0000       31.0000 10354060   38.00%
Elapsed time = 500.57 sec. (251582.54 ticks, tree = 153.59 MB, solutions = 5)
  37910 11104        cutoff             50.0000       31.0000 10541106   38.00%
  38105 11161       40.0000   392       50.0000       31.0000 10651657   38.00%
  38296 11247       31.1887   492       50.0000       31.0000 10776947   38.00%
  38465 11449       40.0000   352       50.0000       31.0000 10981703   38.00%
  38669 11529       40.0000   335       50.0000       31.0000 11060943   38.00%
  38865 11573       40.0000   394       50.0000       31.0000 11128829   38.00%
  39081 11710       41.0000   389       50.0000       31.0000 11250202   38.00%
  39261 11845       41.0000   375       50.0000       31.0000 11389031   38.00%
  39428 11905       41.0000   391       50.0000       31.0000 11461519   38.00%
  39550 12088       41.0000   383       50.0000       31.0000 11672929   38.00%
Elapsed time = 573.85 sec. (289907.32 ticks, tree = 183.86 MB, solutions = 5)
  39693 12140    infeasible             50.0000       31.0000 11737321   38.00%
  39840 12207       40.0000   438       50.0000       31.0000 11933630   38.00%
  39994 12284       40.0000   363       50.0000       31.0000 12003187   38.00%
  40173 12381       40.0000   337       50.0000       31.0000 12123003   38.00%
  40325 12437       40.0000   312       50.0000       31.0000 12201954   38.00%
  40503 12451       40.0000   417       50.0000       31.0000 12234633   38.00%
  40714 12642       42.6667   396       50.0000       31.0000 12446305   38.00%
  40937 12676       40.0000   355       50.0000       31.0000 12490538   38.00%
  41129 12803    infeasible             50.0000       31.0557 12655209   37.89%
  41305 12941       40.0000   357       50.0000       31.5556 12771828   36.89%
Elapsed time = 647.42 sec. (328388.87 ticks, tree = 202.68 MB, solutions = 5)
  41525 13115    infeasible             50.0000       31.5714 12987972   36.86%
  41710 13107       42.0000   354       50.0000       31.5714 12983952   36.86%
  41848 13219       40.0000   324       50.0000       31.8519 13114469   36.30%
  41995 13398       41.0000   370       50.0000       32.0000 13378963   36.00%
  42145 13418       42.0000   432       50.0000       32.0000 13428998   36.00%
  42322 13456       40.0000   418       50.0000       32.0000 13525200   36.00%
  42498 13627       45.0000   368       50.0000       32.0000 13802756   36.00%
  42626 13666       41.0000   433       50.0000       32.0000 13886347   36.00%
  42770 13699       41.0000   436       50.0000       32.0000 13934538   36.00%
  42965 13786       40.0000   401       50.0000       32.0000 14042147   36.00%
Elapsed time = 720.46 sec. (366829.20 ticks, tree = 225.44 MB, solutions = 5)
  43184 13879       42.0000   367       50.0000       32.0000 14151841   36.00%
  43383 13929       41.0000   372       50.0000       32.0000 14222803   36.00%
  43568 14025       42.0000   404       50.0000       32.0000 14357639   36.00%
  43688 14089       41.0000   400       50.0000       32.0000 14428960   36.00%
  43787 14213       41.0000   368       50.0000       32.0000 14563921   36.00%
  43962 14381       40.0000   375       50.0000       32.0000 14858452   36.00%
  44112 14421       40.0000   377       50.0000       32.0000 14954290   36.00%
  44306 14432       40.0000   418       50.0000       32.0000 14969636   36.00%
  44548 14505       42.0000   385       50.0000       32.0000 15059044   36.00%
  44726 14661       48.0000   238       50.0000       32.0000 15242181   36.00%
Elapsed time = 794.72 sec. (405200.37 ticks, tree = 248.58 MB, solutions = 5)
  44922 14771       42.0000   376       50.0000       32.0000 15357244   36.00%
  45165 14859       42.0000   278       50.0000       32.0000 15413339   36.00%
  45350 14932       40.0000   424       50.0000       32.0000 15525084   36.00%
  45518 15078       42.0000   453       50.0000       32.0000 15656559   36.00%
  45690 15089       40.0000   310       50.0000       32.0000 15669114   36.00%
  45857 15226       36.0000   394       50.0000       32.3333 15810808   35.33%
  46058 15337        cutoff             50.0000       32.3333 15949856   35.33%
  46288 15506       40.0000   326       50.0000       33.0000 16188492   34.00%
  46493 15603       40.0000   417       50.0000       33.0000 16310384   34.00%
  46707 15694       44.0000   387       50.0000       33.0000 16426690   34.00%
Elapsed time = 870.74 sec. (443425.89 ticks, tree = 277.80 MB, solutions = 5)
  46824 15661       41.0000   358       50.0000       33.0000 16404373   34.00%
  46956 15757       40.0000   402       50.0000       33.0000 16519002   34.00%
  47075 15836       40.0000   440       50.0000       33.0000 16605376   34.00%
  47257 15987       42.0000   376       50.0000       33.2500 16915499   33.50%
  47407 15981       40.0000   391       50.0000       33.8519 16892041   32.30%
  47615 16162       44.0000   357       50.0000       34.0000 17194209   32.00%
  47814 16197       44.0000   495       50.0000       34.0000 17245940   32.00%
  48016 16205       40.0000   354       50.0000       34.0000 17261982   32.00%
  48202 16350       41.0000   374       50.0000       34.0000 17420860   32.00%
  48357 16428       34.0000   496       50.0000       34.0000 17550989   32.00%
Elapsed time = 944.52 sec. (481983.86 ticks, tree = 303.16 MB, solutions = 5)
  48546 16492       40.0000   431       50.0000       34.0000 17637622   32.00%
  48749 16535       35.0000   439       50.0000       34.0000 17683885   32.00%
  48934 16676       40.0000   290       50.0000       34.0000 17914026   32.00%
  49125 16798       40.0000   386       50.0000       34.0000 18053340   32.00%
  49359 16753       40.0000   396       50.0000       34.0000 18000992   32.00%
  49558 16867       43.0000   255       50.0000       34.0000 18180126   32.00%
  49785 16951       42.0000   279       50.0000       35.0000 18324700   30.00%
  50027 16985       40.0000   303       50.0000       35.0000 18374275   30.00%
  50240 17239       40.0000   486       50.0000       35.0000 18768921   30.00%
  50374 17269       40.0000   459       50.0000       36.0000 18839015   28.00%
Elapsed time = 1018.51 sec. (520416.08 ticks, tree = 330.04 MB, solutions = 5)
  50488 17320    infeasible             50.0000       36.0000 18928333   28.00%
  50647 17395       40.0000   397       50.0000       36.0000 19053518   28.00%
  50825 17427       40.0000   373       50.0000       36.0000 19100655   28.00%
  51008 17416       38.0000   400       50.0000       36.0000 19082214   28.00%
  51201 17495       40.0000   383       50.0000       37.0000 19225294   26.00%
  51354 17523       40.0000   362       50.0000       37.0000 19258981   26.00%
  51510 17668    infeasible             50.0000       37.0000 19481266   26.00%
  51633 17808       41.0000   339       50.0000       38.0000 19726250   24.00%
  51762 17851    infeasible             50.0000       38.0000 19820526   24.00%
  51851 17760       41.0000   438       50.0000       38.0000 19675530   24.00%
Elapsed time = 1092.53 sec. (558813.73 ticks, tree = 345.30 MB, solutions = 5)
  51968 17933       39.0000   343       50.0000       38.0000 19990609   24.00%
  52074 17955       40.0638   411       50.0000       38.0000 20051600   24.00%
  52198 17941    infeasible             50.0000       38.0000 20018734   24.00%
  52296 18063       49.0000   392       50.0000       39.0000 20337315   22.00%
  52391 18070       40.0000   417       50.0000       39.0000 20391989   22.00%
  52505 18120       49.0000   435       50.0000       39.0000 20552498   22.00%
  52626 18135       40.0000   472       50.0000       39.0000 20592629   22.00%
  52754 18157       41.0000   361       50.0000       39.0000 20642652   22.00%
  52861 18241       40.0000   320       50.0000       39.0000 20840277   22.00%
  52974 18284       48.0000   361       50.0000       39.0000 20929647   22.00%
Elapsed time = 1165.25 sec. (597412.02 ticks, tree = 360.07 MB, solutions = 5)
  53114 18374       49.0000   351       50.0000       39.0000 21203736   22.00%
  53274 18391        cutoff             50.0000       39.0000 21266691   22.00%
  53447 18495       44.0000   319       50.0000       39.0000 21580630   22.00%
  53572 18440        cutoff             50.0000       39.0000 21430799   22.00%
  53683 18512       40.0000   390       50.0000       39.0000 21679997   22.00%
  53815 18576       41.0000   304       50.0000       40.0000 21857394   20.00%
  53944 18521       40.0000   373       50.0000       40.0000 21709531   20.00%
  54055 18521       40.3242   382       50.0000       40.0000 21711968   20.00%
  54244 18600       40.0000   385       50.0000       40.0000 21944613   20.00%
  54355 18635       41.0000   371       50.0000       40.0000 22216814   20.00%
Elapsed time = 1239.28 sec. (635909.19 ticks, tree = 372.60 MB, solutions = 5)
  54479 18626       43.5000   399       50.0000       40.0000 22140838   20.00%
  54584 18674        cutoff             50.0000       40.0000 22317017   20.00%
  54668 18716       40.0000   411       50.0000       40.0000 22496807   20.00%
  54814 18767       40.0000   394       50.0000       40.0000 22688415   20.00%
  54977 18750       40.0000   369       50.0000       40.0000 22669410   20.00%
  55117 18789       41.0000   357       50.0000       40.0000 22864867   20.00%
  55266 18833        cutoff             50.0000       40.0000 23011886   20.00%
  55420 18837       40.0000   349       50.0000       40.0000 22988348   20.00%
  55539 18883       40.0000   355       50.0000       40.0000 23152401   20.00%
  55658 18892       41.0000   298       50.0000       40.0000 23208150   20.00%
Elapsed time = 1313.95 sec. (674491.84 ticks, tree = 388.33 MB, solutions = 5)
  55782 18901    infeasible             50.0000       40.0000 23183614   20.00%
  55909 19029       45.0000   403       50.0000       40.0000 23574716   20.00%
  56034 19028    infeasible             50.0000       40.0000 23546170   20.00%
  56147 19095       40.0000   365       50.0000       40.0000 23751510   20.00%
  56306 19063       40.0000   295       50.0000       40.0000 23682251   20.00%
  56475 19143        cutoff             50.0000       40.0000 23862858   20.00%
  56634 19153    infeasible             50.0000       40.0000 23877913   20.00%
  56779 19213       41.0000   383       50.0000       40.0000 24117919   20.00%
  56929 19270       40.0000   378       50.0000       40.0000 24248153   20.00%
  57079 19269    infeasible             50.0000       40.0000 24311885   20.00%
Elapsed time = 1387.81 sec. (712909.60 ticks, tree = 401.18 MB, solutions = 5)
  57273 19227        cutoff             50.0000       40.0000 24159425   20.00%
  57465 19318       40.0000   409       50.0000       40.0000 24422453   20.00%
  57570 19386    infeasible             50.0000       40.0000 24535187   20.00%
  57691 19460       40.0000   366       50.0000       40.0000 24770459   20.00%
  57813 19433       40.0000   342       50.0000       40.0000 24700357   20.00%
  57914 19512       40.0000   389       50.0000       40.0000 24983051   20.00%
  58060 19519       40.0000   435       50.0000       40.0000 24949881   20.00%
  58252 19537       41.0000   286       50.0000       40.0000 25051371   20.00%
  58419 19605        cutoff             50.0000       40.0000 25201878   20.00%
  58563 19606       48.0000   347       50.0000       40.0000 25188541   20.00%
Elapsed time = 1463.14 sec. (751411.96 ticks, tree = 413.31 MB, solutions = 5)
  58737 19692       40.0000   420       50.0000       40.0000 25438860   20.00%
  58907 19680        cutoff             50.0000       40.0000 25406705   20.00%
  59028 19783       40.0000   336       50.0000       40.0000 25584450   20.00%
  59218 19840       40.3846   308       50.0000       40.0000 25718876   20.00%
  59375 19844       42.0000   427       50.0000       40.0000 25699261   20.00%
  59527 19935       40.0000   296       50.0000       40.0000 26155918   20.00%
  59665 19896       43.0000   343       50.0000       40.0000 26009489   20.00%
  59808 19980       41.0000   287       50.0000       40.0000 26251940   20.00%
  59973 19988       41.0000   341       50.0000       40.0000 26299860   20.00%
  60175 19988        cutoff             50.0000       40.0000 26314926   20.00%
Elapsed time = 1540.04 sec. (789909.30 ticks, tree = 434.61 MB, solutions = 5)
  60352 20018       40.0000   385       50.0000       40.0000 26348589   20.00%
  60585 20111       40.0000   353       50.0000       40.0000 26568434   20.00%
  60816 20145       40.0000   371       50.0000       40.0000 26657112   20.00%
  61022 20092       40.0000   420       50.0000       40.0000 26637307   20.00%
  61213 20150        cutoff             50.0000       40.0000 26687933   20.00%
  61389 20183        cutoff             50.0000       40.0000 26743461   20.00%
  61540 20313       44.0000   302       50.0000       40.0000 27081208   20.00%
  61733 20350    infeasible             50.0000       40.0000 27287192   20.00%
  61900 20315        cutoff             50.0000       40.0000 27112687   20.00%
  62078 20417       42.0000   251       50.0000       40.0000 27543352   20.00%
Elapsed time = 1614.68 sec. (828384.53 ticks, tree = 456.25 MB, solutions = 5)
Starting limited solution polishing.
  62333 20459       40.0000   270       50.0000       40.0000 27643598   20.00%
  62550 20528       40.0000   357       50.0000       40.0000 27815627   20.00%
  62796 20474       40.0000   323       50.0000       40.0000 27673766   20.00%
  62993 20605       40.0000   330       50.0000       40.0000 27953221   20.00%
  63191 20634       40.0000   326       50.0000       40.0000 28020760   20.00%
  63392 20619       40.0000   378       50.0000       40.0000 27982606   20.00%
  63655 20728       40.0000   449       50.0000       40.0000 28269182   20.00%
  63858 20798       40.0000   339       50.0000       40.0000 28378520   20.00%
  64114 20735    infeasible             50.0000       40.0000 28262080   20.00%
  64355 20883       40.0000   393       50.0000       40.0000 28634823   20.00%
Elapsed time = 1690.36 sec. (866683.91 ticks, tree = 480.00 MB, solutions = 5)
  64594 20787    infeasible             50.0000       40.0000 28370609   20.00%
  64758 20966       40.0000   269       50.0000       40.0000 28838300   20.00%
  64939 20962    infeasible             50.0000       40.0000 28800012   20.00%
  65142 21035       40.0000   303       50.0000       40.0000 29013210   20.00%
  65407 21035       40.0000   318       50.0000       40.0000 29102866   20.00%
  65662 21051       40.0000   398       50.0000       40.0000 29153941   20.00%
  65880 21130    infeasible             50.0000       40.0000 29354334   20.00%
  66103 21176       40.0000   369       50.0000       40.0000 29449271   20.00%
  66391 21180        cutoff             50.0000       40.0000 29463872   20.00%
  66677 21200       45.0000   320       50.0000       40.0000 29510463   20.00%
Elapsed time = 1768.02 sec. (905000.20 ticks, tree = 498.83 MB, solutions = 5)
  66884 21250       40.0000   277       50.0000       40.0000 29663488   20.00%
  67148 21242    infeasible             50.0000       40.0000 29631968   20.00%
  67366 21329    infeasible             50.0000       40.0000 29893963   20.00%
  67480 21458       40.0000   395       50.0000       40.0000 30290969   20.00%

GUB cover cuts applied:  1106
Clique cuts applied:  7
Cover cuts applied:  2396
Implied bound cuts applied:  511
Flow cuts applied:  10
Mixed integer rounding cuts applied:  594
Zero-half cuts applied:  27
Lift and project cuts applied:  5
Gomory fractional cuts applied:  133

Root node processing (before b&c):
  Real time             =    0.93 sec. (391.81 ticks)
Parallel b&c, 8 threads:
  Real time             = 1799.08 sec. (921921.67 ticks)
  Sync time (average)   =  115.63 sec.
  Wait time (average)   =    0.03 sec.
                          ------------
Total (root+branch&cut) = 1800.01 sec. (922313.47 ticks)
! --------------------------------------------------------
! Status: FEASIBLE (time limit or other stopping criterion reached)
! Best span = 50
! Labeling: 11 37 41 18 10 2 22 36 20 3 38 12 34 15 29 23 44 27 9 42 16 6 49 5 24 32 19 46 43 30 33 21 1 40 7 35 14 13 4 26 48 50 20 31 39 25 1 45 28 47 34 18 17 8 
! --------------------------------------------------------
! All verification passed
