! Solving for graph /home/truongxuanhieu/CPLEX-MIP-for-MinSpanLabeling/benchmarks/cabp/G-will57.mtx.rnd
! Target value is set to 11
! Lower bound is set to 12
! Upper bound is set to 57
! Time limit is set to 1800
! Vertices mode is set to No hole
! Target value mode is set to Cyclic Antibandwidth
Version identifier: 22.2.0.0 | 2026-05-04 | 5dff98e58
CPXPARAM_TimeLimit                               1800
Tried aggregator 2 times.
MIP Presolve eliminated 129 rows and 142 columns.
MIP Presolve modified 6464 coefficients.
Aggregator did 425 substitutions.
Reduced MIP has 978 rows, 3901 columns, and 11805 nonzeros.
Reduced MIP has 3405 binaries, 185 generals, 0 SOSs, and 311 indicators.
Presolve time = 0.02 sec. (16.06 ticks)
Probing time = 0.03 sec. (8.96 ticks)
Tried aggregator 2 times.
Detecting symmetries...
Aggregator did 4 substitutions.
Reduced MIP has 974 rows, 3897 columns, and 11801 nonzeros.
Reduced MIP has 3405 binaries, 238 generals, 0 SOSs, and 311 indicators.
Presolve time = 0.02 sec. (11.45 ticks)
Probing time = 0.02 sec. (3.63 ticks)
Clique table members: 8294.
MIP emphasis: balance optimality and feasibility.
MIP search method: dynamic search.
Parallel mode: deterministic, using up to 8 threads.
Root relaxation solution time = 0.01 sec. (8.81 ticks)

        Nodes                                         Cuts/
   Node  Left     Objective  IInf  Best Integer    Best Bound    ItCnt     Gap

      0     0       22.0000   138                     22.0000      187         
      0     0       22.0000   309                   Cuts: 343      421         
      0     0       22.0000   261                   Cuts: 241      568         
      0     0       22.0000   310                   Cuts: 343      808         
Detecting symmetries...
      0     2       22.0000   182                     22.0000      808         
Elapsed time = 1.04 sec. (534.92 ticks, tree = 0.02 MB, solutions = 0)
    306   263       39.0000   142                     22.0000    19401         
    669   582       33.0000   157                     22.0000    37940         
   1232   997       45.0000   162                     22.0000    57701         
   1805  1359       34.0000   139                     22.0000    74863         
   2573  2181       43.0000   182                     22.0000   114315         
   3482  2878       55.0000   204                     22.0000   147857         

Performing restart 1

Repeating presolve.
Tried aggregator 1 time.
Reduced MIP has 974 rows, 3897 columns, and 11801 nonzeros.
Reduced MIP has 3405 binaries, 238 generals, 0 SOSs, and 311 indicators.
Presolve time = 0.01 sec. (6.69 ticks)
Tried aggregator 1 time.
Reduced MIP has 974 rows, 3897 columns, and 11801 nonzeros.
Reduced MIP has 3405 binaries, 238 generals, 0 SOSs, and 311 indicators.
Presolve time = 0.01 sec. (9.13 ticks)
Represolve time = 0.07 sec. (33.26 ticks)
   3483     0       22.0000   292                   Cuts: 343   157758         
   3483     0       22.0000   312                   Cuts: 343   158726         
   3483     0       23.0000   313                   Cuts: 343   159751         
   3483     0       23.0000   399                   Cuts: 343   160385         
   3483     0       23.0000   405                   Cuts: 296   161042         
   3483     2       24.0000   250                     24.0000   161042         
   3506    23       33.0000   229                     24.0000   161964         
   3566    79       34.0000   231                     24.0000   167785         
   4111   492       45.0000   121                     24.0000   197049         
Elapsed time = 9.95 sec. (4944.89 ticks, tree = 0.74 MB, solutions = 0)
   4855  1150    infeasible                           24.0000   235926         
   5416  1671       44.0000   260                     24.0000   292435         
   6020  2226       54.0000   263                     24.0000   374963         
   6360  2400       56.0000   153                     24.0000   438730         
   6674  2704       39.0000   149                     24.0000   501893         
   6916  2959       32.0000   304                     24.0000   564417         
   7330  3247       44.0000   203                     24.0000   618966         
   7461  3398       56.0000   207                     24.0000   677915         
   7568  3505       56.0000   185                     24.0000   734872         

Performing restart 2

Repeating presolve.
Tried aggregator 1 time.
MIP Presolve modified 31 coefficients.
Reduced MIP has 974 rows, 3897 columns, and 14273 nonzeros.
Reduced MIP has 3405 binaries, 238 generals, 0 SOSs, and 311 indicators.
Presolve time = 0.01 sec. (10.90 ticks)
Tried aggregator 1 time.
Reduced MIP has 974 rows, 3897 columns, and 14273 nonzeros.
Reduced MIP has 3405 binaries, 238 generals, 0 SOSs, and 311 indicators.
Presolve time = 0.01 sec. (10.52 ticks)
Represolve time = 0.14 sec. (76.48 ticks)
   7629     0       24.0000   457                   Cuts: 201   782444         
   7629     0       24.0000   360                   Cuts: 148   783161         
   7629     0       24.0267   506                   Cuts: 343   784215         
   7629     0       25.0000   494                   Cuts: 291   785274         
   7629     0       25.0000   492                   Cuts: 343   786519         
   7629     0       25.0000   413                   Cuts: 220   787410         
   7629     0       25.0000   450                   Cuts: 343   788785         
   7629     0       25.0000   388                   Cuts: 241   789459         
   7629     0       25.0000   456                   Cuts: 343   790712         
   7629     0       25.0000   411                   Cuts: 289   791642         
   7629     0       25.0000   446                   Cuts: 343   792578         
   7629     0       25.0000   321                   Cuts: 182   793162         
   7629     0       25.0000   425                   Cuts: 343   793969         
   7629     2       25.0000   213                     25.0000   793969         
Elapsed time = 38.08 sec. (19085.04 ticks, tree = 0.02 MB, solutions = 0)
   7812   148       45.0000   167                     25.0000   807529         
   8097   400       44.0000   171                     25.0000   835678         
   8304   565       55.0000   259                     25.0000   874428         
   8424   661       56.0000   218                     25.0000   918456         
   8566   791       47.0000   164                     25.0000   950429         
   8736   865       56.0000   262                     25.0000   973364         
   8885  1059       34.0000   203                     25.0000  1020400         
   9005  1104       55.0000   206                     25.0000  1043003         
   9173  1247       34.0000   196                     25.0000  1097776         
   9299  1409       55.0000   275                     25.0000  1145353         
Elapsed time = 56.35 sec. (28664.53 ticks, tree = 12.28 MB, solutions = 0)
   9481  1493       55.0000   209                     25.0000  1165269         
   9610  1631       44.0000   269                     25.6667  1204670         
   9706  1716       44.0000   287                     25.6667  1233367         
   9847  1797       44.0000   187                     25.6667  1270467         
  10004  1899       44.0000   308                     25.6667  1318143         
  10140  2091       44.0000   324                     26.0000  1371996         
  10370  2112    infeasible                           26.0000  1380805         
  10588  2414       57.0000   254                     26.0000  1445142         
  10734  2515       48.0000   207                     26.0000  1470353         
  10828  2638       48.0000   235                     26.0000  1528614         
Elapsed time = 74.97 sec. (38268.47 ticks, tree = 28.40 MB, solutions = 0)
  10939  2723       55.0000   207                     27.0000  1570204         
  11126  2796       55.0000   213                     27.0000  1598807         
  11242  2891       55.0000   379                     27.0000  1648673         
  11332  2980    infeasible                           27.3721  1689323         
  11469  3094       55.0000   250                     27.3741  1749264         
  11676  3167       56.0000   131                     27.3741  1772945         
  11858  3315       43.0000   276                     27.3741  1832717         
  12065  3558       48.0000   251                     27.6800  1904664         
  12237  3636       45.0000   198                     27.6800  1927654         
  12396  3831       55.0000   309                     27.6800  1988234         
Elapsed time = 93.76 sec. (47860.48 ticks, tree = 45.95 MB, solutions = 0)
  12520  3949       55.0000   224                     27.6800  2043274         
  12682  4121       56.0000   171                     27.6800  2115174         
  12793  4184       45.0000   353                     28.0000  2146402         
  12898  4299       56.0000   203                     28.0000  2191124         
  13003  4354       55.0000   334                     28.0000  2229200         
  13105  4485       57.0000   233                     28.0000  2289855         
  13200  4492       46.0000   309                     28.0000  2294372         
  13289  4600       37.0000   368                     28.0000  2362901         
  13470  4624       45.0000   316                     28.0000  2373540         
  13614  4808       53.0000   225                     28.0000  2447942         
Elapsed time = 111.56 sec. (57450.76 ticks, tree = 63.51 MB, solutions = 0)
  13747  4969       56.0000   277                     28.2424  2524134         
  13820  5009    infeasible                           28.2424  2549805         
  13915  5084       45.0000   259                     28.2424  2581387         
  14010  5179       57.0000   244                     28.2424  2628697         
  14114  5276       45.0000   271                     28.4231  2670258         
  14241  5253       44.0000   283                     28.6765  2660405         
  14362  5380       55.0000   215                     30.0000  2722711         
  14461  5532       55.0000   188                     31.0000  2797223         
  14562  5557       55.4372   298                     31.0000  2808388         
  14644  5620       55.0000   232                     31.0000  2887848         
Elapsed time = 130.05 sec. (67037.61 ticks, tree = 77.47 MB, solutions = 0)
  14721  5689       56.0000   248                     33.0000  2934244         
  14854  5786       56.0000   282                     33.0000  2978554         
  14966  5811       57.0000   218                     33.0000  2987406         
  15102  5885       33.0000   415                     33.0000  3009161         
  15231  6007    infeasible                           33.0000  3054173         
  15332  6085    infeasible                           33.0000  3103748         
  15496  6252       55.0000   238                     33.0000  3182527         
  15607  6355       55.0000   271                     33.0000  3245358         
  15716  6346       44.0000   392                     33.0000  3236628         
  15794  6507       55.0000   272                     33.0000  3342271         
Elapsed time = 148.49 sec. (76641.71 ticks, tree = 92.82 MB, solutions = 0)
  15870  6495       48.0000   276                     33.0000  3331960         
  15942  6605       55.0000   193                     33.0000  3402649         
  16037  6657       53.0000   246                     33.0000  3456336         
  16164  6769       55.0000   164                     33.0000  3499408         
  16350  6828       56.0000   148                     33.0000  3506797         
  16568  7008       54.0000   300                     33.0000  3572838         
  16718  7104       46.0000   295                     33.0000  3605608         
  16794  7138       55.0000   279                     33.0000  3621898         
  16885  7371       55.0000   356                     33.0000  3727360         
  16970  7494       55.0000   258                     33.0000  3781081         
Elapsed time = 166.91 sec. (86259.08 ticks, tree = 111.88 MB, solutions = 0)
  17034  7488       44.1930   363                     33.0000  3780138         
  17123  7563       33.0000   393                     33.0000  3850807         
  17201  7597       55.0000   270                     33.0000  3871274         
  17295  7670       55.0000   350                     33.0000  3901815         
  17405  7770    infeasible                           33.0000  3957295         
  17527  7805       44.0000   357                     33.0000  3978559         
  17602  7833       55.0000   385                     33.0000  3994754         
  17682  7943       57.0000   184                     33.0000  4037221         
  17861  8154       55.0000   149                     33.0000  4133138         
  18376  8491       56.0000   311                     33.0000  4305944         
Elapsed time = 191.31 sec. (98735.97 ticks, tree = 132.39 MB, solutions = 0)
  18651  8830       45.0000   272                     33.0000  4480793         
  19088  9039       56.0000   295                     33.0000  4609000         
  19492  9413       57.0000   310                     33.0000  4774261         
  19775  9723       56.0000   292                     33.0000  4986131         
  20204  9931       55.0000   324                     33.0000  5096554         
  20566 10270    infeasible                           33.0000  5258368         
  20912 10523       55.0000   319                     33.0000  5443720         
  21234 10828       44.0000   357                     33.0000  5608524         
  21578 11031       56.0000   292                     33.0000  5716448         
  22058 11538       55.0000   357                     33.0000  5957238         
Elapsed time = 266.10 sec. (136971.56 ticks, tree = 197.59 MB, solutions = 0)
  22526 11742       45.0000   282                     33.0000  6069687         
  22828 12223       44.0000   302                     33.0000  6321528         
  23111 12379       55.0000   341                     33.0000  6401326         
  23492 12571       55.0000   298                     33.0000  6540892         
  23858 13017       56.0000   270                     33.0000  6781059         
  24222 13296       57.0000   157                     33.0000  6960234         
  24458 13477       55.0000   346                     33.0000  7044724         
  24815 13754       56.0000   271                     33.0000  7252408         
  25082 13960       57.0000   307                     33.0000  7384725         
  25404 14263       55.0000   367                     33.0000  7593977         
Elapsed time = 339.26 sec. (175227.68 ticks, tree = 257.74 MB, solutions = 0)
  25657 14441       55.0000   354                     33.0000  7695384         
  25908 14607       56.0000   346                     33.0000  7831214         
* 26179 14734      integral     0       57.0000       33.0000  7926268   42.11%
  26298 14816       46.0000   283       57.0000       33.0000  7956684   42.11%
  26703 13750       33.0000   470       57.0000       33.0000  8146628   42.11%
  26976 13872       55.0000   361       57.0000       33.0000  8254888   42.11%
  27152 14192       55.0000   386       57.0000       33.0000  8483304   42.11%
  27384 14301       44.0000   375       57.0000       33.0000  8624380   42.11%
  27636 14408    infeasible             57.0000       33.0000  8718712   42.11%
  27878 14607       56.0000   358       57.0000       33.0000  8871627   42.11%
  28283 14819       55.0000   332       57.0000       33.0000  8986948   42.11%
Elapsed time = 413.35 sec. (213577.56 ticks, tree = 274.09 MB, solutions = 1)
  28587 15389       55.0000   288       57.0000       33.0000  9289724   42.11%
  28771 15425       53.0000   361       57.0000       33.0000  9327631   42.11%
  28997 15584       56.0000   377       57.0000       33.0000  9450210   42.11%
  29186 15811       56.0000   120       57.0000       33.0000  9613979   42.11%
  29340 15906       56.0000   341       57.0000       33.0000  9694066   42.11%
  29547 16062       55.0000   275       57.0000       33.0000  9786015   42.11%
  29742 16240       45.0000   332       57.0000       33.3860  9957973   41.43%
  30007 16312       55.0000   302       57.0000       34.0000 10012500   40.35%
  30231 16398       55.0000   296       57.0000       34.0000 10125945   40.35%
  30525 16826       56.0000   290       57.0000       34.0000 10419758   40.35%
Elapsed time = 486.05 sec. (251854.35 ticks, tree = 317.75 MB, solutions = 1)
  30832 17017       56.0000   183       57.0000       34.0000 10540170   40.35%
  31035 17035       55.0000   241       57.0000       34.0000 10560691   40.35%
  31269 17401       55.0000   338       57.0000       34.0000 10818915   40.35%
  31447 17470       55.0000   333       57.0000       34.0000 10906585   40.35%
  31612 17700       55.0000   417       57.0000       34.0000 11116826   40.35%
  31839 17822       56.0000   303       57.0000       34.0000 11234276   40.35%
  32128 17849       56.0000   262       57.0000       34.0000 11274866   40.35%
  32473 18334    infeasible             57.0000       34.0000 11550779   40.35%
  32753 18533       56.0000   278       57.0000       34.0000 11714576   40.35%
  32969 18583       56.0000   344       57.0000       34.0000 11733307   40.35%
Elapsed time = 559.73 sec. (290207.67 ticks, tree = 363.80 MB, solutions = 1)
  33246 18915       56.0000    92       57.0000       34.0000 11956429   40.35%
  33492 19056       55.0000   240       57.0000       34.0000 12136057   40.35%
  33751 19286       55.0000   370       57.0000       34.0000 12253628   40.35%
  33951 19523       56.0000   258       57.0000       34.0000 12416706   40.35%
  34148 19650       55.0000   376       57.0000       34.0000 12548938   40.35%
  34345 19857    infeasible             57.0000       34.0000 12748999   40.35%
  34530 19848       55.0000   398       57.0000       34.0000 12734928   40.35%
  34718 20075       44.0000   353       57.0000       34.0000 12990606   40.35%
  34931 20360       55.0000   149       57.0000       34.0000 13158033   40.35%
  35205 20342       44.0000   333       57.0000       34.0000 13198898   40.35%
Elapsed time = 632.23 sec. (328569.52 ticks, tree = 409.26 MB, solutions = 1)
  35395 20641    infeasible             57.0000       34.0000 13488693   40.35%
  35662 20634       55.0000   370       57.0000       34.0000 13470050   40.35%
  35923 20782       56.0000   390       57.0000       34.0000 13624575   40.35%
  36056 21283       56.0000   292       57.0000       34.0000 13975544   40.35%
  36218 21343       56.0000   349       57.0000       34.0000 14035473   40.35%
  36481 21433       55.0000   477       57.0000       34.0000 14110118   40.35%
  36658 21531       56.0000   384       57.0000       34.0000 14234635   40.35%
  36862 21666       44.0000   386       57.0000       34.0000 14338668   40.35%
  37048 21840       55.0000   289       57.0000       34.0000 14472240   40.35%
  37184 21940       55.0000   341       57.0000       34.0000 14554398   40.35%
Elapsed time = 705.70 sec. (366963.36 ticks, tree = 448.40 MB, solutions = 1)
  37342 22233       56.0000   358       57.0000       34.0000 14875733   40.35%
  37593 22252       56.0000   234       57.0000       34.0000 14893719   40.35%
  37839 22591       55.0000   258       57.0000       34.0000 15214162   40.35%
  37992 22567       55.0000   413       57.0000       34.0000 15208067   40.35%
  38216 22632       55.0000   326       57.0000       34.0000 15249654   40.35%
  38405 22840       56.0000   272       57.0000       34.0000 15424722   40.35%
  38640 23183       55.0000   279       57.0000       34.0000 15710139   40.35%
  38798 23173       55.0000   402       57.0000       34.0000 15699099   40.35%
  39006 23255       55.0000   416       57.0000       34.0000 15779380   40.35%
  39170 23402       56.0000   315       57.0000       34.0000 15943017   40.35%
Elapsed time = 778.56 sec. (405223.11 ticks, tree = 486.63 MB, solutions = 1)
  39318 23724       44.0000   447       57.0000       34.0000 16255587   40.35%
  39515 23855       56.0000   226       57.0000       34.0000 16308963   40.35%
  39686 23906       56.0000   295       57.0000       34.0000 16409118   40.35%
  39856 24006       56.0000   297       57.0000       34.0000 16523201   40.35%
  40019 24187       55.0000   334       57.0000       34.0000 16668503   40.35%
  40233 24221       55.0000   377       57.0000       34.0000 16710434   40.35%
  40442 24436       55.0000   305       57.0000       34.0000 16957916   40.35%
  40633 24560       55.0000   386       57.0000       34.0000 17087295   40.35%
  40780 24677       56.0000   341       57.0000       34.0000 17190484   40.35%
  40951 24809       34.0000   445       57.0000       34.0000 17315679   40.35%
Elapsed time = 850.04 sec. (443543.21 ticks, tree = 525.12 MB, solutions = 1)
  41112 25088       54.0000   350       57.0000       34.0000 17600147   40.35%
  41274 25042       55.0000   423       57.0000       34.0000 17581184   40.35%
  41433 25190       44.0000   357       57.0000       34.0000 17719439   40.35%
  41622 25447       55.0000   387       57.0000       34.0000 17996865   40.35%
  41816 25469       55.0000   326       57.0000       34.0000 18013819   40.35%
  42019 25577       55.0000   271       57.0000       34.0000 18071630   40.35%
  42222 25603       55.0000   406       57.0000       34.0000 18163690   40.35%
  42413 26042       56.0000   420       57.0000       34.0000 18487448   40.35%
  42561 26078       55.0000   351       57.0000       34.0000 18549349   40.35%
  42736 26353       56.0000   383       57.0000       34.0000 18821765   40.35%
Elapsed time = 926.29 sec. (481853.51 ticks, tree = 569.72 MB, solutions = 1)
  42894 26368       55.0000   300       57.0000       34.0000 18840027   40.35%
* 42976+26306                           56.0000       34.0000            39.29%
  43047 19007       44.0000   428       56.0000       34.0000 19087468   39.29%
  43155 19032        cutoff             56.0000       34.0000 19138784   39.29%
  43278 19066       55.0000   310       56.0000       34.0000 19175996   39.29%
  43447 19160    infeasible             56.0000       34.0000 19306613   39.29%
  43686 19395       55.0000   140       56.0000       34.0000 19503078   39.29%
  43826 19414       44.0000   329       56.0000       34.0000 19518432   39.29%
  43958 19599       55.0000   425       56.0000       34.0000 19690944   39.29%
  44093 19690       55.0000   428       56.0000       34.0000 19818311   39.29%
  44203 19823       55.0000   407       56.0000       34.0000 19951920   39.29%
Elapsed time = 1000.07 sec. (520311.15 ticks, tree = 420.33 MB, solutions = 2)
  44310 19837       55.0000   331       56.0000       34.0000 19969480   39.29%
  44513 19850       55.0000   309       56.0000       34.0000 19986760   39.29%
  44684 19977       55.0000   316       56.0000       34.0000 20143463   39.29%
  44883 20106       55.0000   350       56.0000       34.0000 20285708   39.29%
  44994 20324       55.0000   374       56.0000       34.0000 20524364   39.29%
  45113 20431       55.0000   427       56.0000       34.0000 20635343   39.29%
  45221 20383       55.0000   326       56.0000       34.0000 20607558   39.29%
  45352 20668       55.0000   327       56.0000       34.1512 20909758   39.02%
  45454 20675       55.0000   285       56.0000       34.2500 20911489   38.84%
  45645 20821       55.0000   197       56.0000       34.2830 21143437   38.78%
Elapsed time = 1073.35 sec. (558816.64 ticks, tree = 450.97 MB, solutions = 2)
  45741 20916       55.0000   388       56.0000       34.2830 21290329   38.78%
  45853 21067       45.0000   361       56.0000       34.2830 21431716   38.78%
  46045 20921       55.0000   250       56.0000       34.5000 21280573   38.39%
  46207 21182       55.0000   261       56.0000       34.5000 21531174   38.39%
  46389 21473       55.0000   184       56.0000       34.5363 21780444   38.33%
  46548 21529       55.0000   381       56.0000       34.6875 21863612   38.06%
  46752 21388       55.0000   323       56.0000       34.6940 21701541   38.05%
  46922 21573       55.0000   207       56.0000       34.6940 21914817   38.05%
  47054 21685       55.0000   415       56.0000       34.6940 22049493   38.05%
  47169 21701       55.0000   344       56.0000       34.6940 22065042   38.05%
Elapsed time = 1146.95 sec. (597257.41 ticks, tree = 471.37 MB, solutions = 2)
  47343 22024       55.0000   351       56.0000       34.9091 22341379   37.66%
  47482 22308       55.0000   374       56.0000       34.9772 22644382   37.54%
  47628 22213       44.0000   354       56.0000       34.9772 22523154   37.54%
  47763 22433    infeasible             56.0000       35.0000 22738557   37.50%
  47894 22712       55.0000   293       56.0000       35.0000 23036851   37.50%
  48057 22623       55.0000   295       56.0000       35.0000 22926412   37.50%
  48224 22763       55.0000   383       56.0000       35.0000 23077524   37.50%
  48364 22811       55.0000   399       56.0000       35.0000 23182740   37.50%
  48519 22854       55.0000   197       56.0000       35.0000 23202812   37.50%
  48685 22883       55.0000   406       56.0000       35.0000 23220325   37.50%
Elapsed time = 1219.31 sec. (635624.43 ticks, tree = 507.03 MB, solutions = 2)
  48828 23345       46.0000   335       56.0000       35.0000 23758560   37.50%
  48937 23530       55.0000   379       56.0000       35.0000 23968782   37.50%
  49048 23582       46.0000   297       56.0000       35.0000 24034276   37.50%
  49178 23440       55.0000   380       56.0000       35.0000 23858487   37.50%
  49324 23563       46.0000   357       56.0000       35.0000 24018486   37.50%
  49467 23863       55.0000   184       56.0000       35.0000 24380052   37.50%
  49675 23762       55.0000   332       56.0000       35.0000 24288057   37.50%
  49803 23909       55.0000   333       56.0000       35.0000 24438406   37.50%
  49923 23934       55.0000   385       56.0000       35.0000 24437699   37.50%
  50048 23967       55.0000   390       56.0000       35.0000 24526737   37.50%
Elapsed time = 1290.72 sec. (674067.36 ticks, tree = 537.74 MB, solutions = 2)
  50261 24326       55.0000   378       56.0000       35.0000 24946740   37.50%
  50368 24302       55.0000   274       56.0000       35.0000 24898686   37.50%
  50532 24641       55.0000   412       56.0000       35.0000 25299091   37.50%
  50664 24662       55.0000   319       56.0000       35.0000 25267056   37.50%
  50781 24841       45.0000   361       56.0000       35.0000 25519357   37.50%
  50885 24769       55.0000   424       56.0000       35.0000 25407627   37.50%
  51005 24857       55.0000   355       56.0000       35.0000 25552917   37.50%
  51167 24989       55.0000   378       56.0000       35.0000 25729189   37.50%
  51322 25216       55.0000   255       56.0000       35.0000 26034601   37.50%
  51486 25396       55.0000   228       56.0000       35.0000 26268597   37.50%
Elapsed time = 1362.78 sec. (712450.13 ticks, tree = 579.56 MB, solutions = 2)
  51697 25249       55.0000   252       56.0000       35.0000 26071126   37.50%
  51804 25453       45.0000   430       56.0000       35.0000 26343115   37.50%
  51900 25641       55.0000   363       56.0000       35.0000 26576289   37.50%
  52016 25723       45.0000   373       56.0000       35.0000 26612180   37.50%
  52140 25674       55.0000   349       56.0000       35.0000 26604762   37.50%
  52302 26001       55.0000   313       56.0000       35.0000 26921351   37.50%
  52417 25898    infeasible             56.0000       35.0000 26791467   37.50%
  52569 25989       35.2033   492       56.0000       35.0000 26905548   37.50%
  52707 26240       55.0000   410       56.0000       35.0000 27282528   37.50%
  52806 26204       55.0000   324       56.0000       35.0000 27242224   37.50%
Elapsed time = 1434.55 sec. (750808.46 ticks, tree = 605.86 MB, solutions = 2)
  52944 26305       55.0000   405       56.0000       35.0000 27371166   37.50%
  53068 26503       55.0000   366       56.0000       35.0000 27620327   37.50%
  53218 26512       55.0000   333       56.0000       35.0302 27636423   37.45%
  53387 26554       45.0000   381       56.0000       35.0526 27699518   37.41%
  53488 26731       55.0000   338       56.0000       35.0680 27940334   37.38%
  53600 26687       55.0000   375       56.0000       35.0680 27832329   37.38%
  53708 26954    infeasible             56.0000       35.1228 28246410   37.28%
  53838 26831       55.0000   464       56.0000       35.1228 28079049   37.28%
  53960 27041       55.0000   401       56.0000       35.2500 28318703   37.05%
  54092 27232       55.0000   372       56.0000       35.2500 28540167   37.05%
Elapsed time = 1507.91 sec. (789182.95 ticks, tree = 634.60 MB, solutions = 2)
  54290 27380       44.0000   326       56.0000       35.2500 28783577   37.05%
  54470 27240       55.0000   176       56.0000       35.5902 28522009   36.45%
  54615 27476       55.0000   431       56.0000       35.9091 28923616   35.88%
  54747 27743       55.0000   299       56.0000       36.0000 29140263   35.71%
  54880 27509       55.0000   307       56.0000       36.0000 28959535   35.71%
  54993 27892       55.0000   346       56.0000       36.0000 29341932   35.71%
  55132 27815       55.0000   302       56.0000       36.0000 29241003   35.71%
  55292 27878       55.0000   428       56.0000       36.0000 29305887   35.71%
  55402 28307       55.0000   397       56.0000       36.0000 29899885   35.71%
  55541 28419       55.0000   176       56.0000       36.0000 30013333   35.71%
Elapsed time = 1580.07 sec. (827583.94 ticks, tree = 665.86 MB, solutions = 2)
  55690 28497       55.0000   431       56.0000       36.0000 30129833   35.71%
  55805 28365       55.0000   136       56.0000       36.0000 29929497   35.71%
  56008 28530    infeasible             56.0000       36.0000 30165023   35.71%
  56125 28619       55.0000   256       56.0000       36.0000 30279105   35.71%
  56299 28656       55.0000   299       56.0000       36.0000 30354041   35.71%
Starting limited solution polishing.
  56406 29075       55.0000   356       56.0000       36.0000 30762522   35.71%
  56531 28902    infeasible             56.0000       36.0000 30574101   35.71%
* 56550+28925                           55.0000       36.0000            34.55%
  56638  6851       47.0000   385       55.0000       36.0000 30957988   34.55%
  56772  6849       44.0000   375       55.0000       36.0000 30969152   34.55%
  56892  6851       48.0000   395       55.0000       36.0000 30982140   34.55%
Elapsed time = 1653.59 sec. (865992.78 ticks, tree = 134.37 MB, solutions = 3)
  57026  6855       54.0000   381       55.0000       36.0000 31138504   34.55%
  57177  6841    infeasible             55.0000       36.0000 31447371   34.55%
  57335  6833       37.0000   445       55.0000       36.0000 31542778   34.55%
  57503  6821       44.0000   431       55.0000       36.0000 31668182   34.55%
  57657  6800       44.0000   321       55.0000       36.0000 31842216   34.55%
  57808  6785        cutoff             55.0000       36.0000 31989850   34.55%
  57960  6780    infeasible             55.0000       36.3333 32027537   33.94%
  58113  6728        cutoff             55.0000       37.0000 32201923   32.73%
  58270  6734    infeasible             55.0000       38.5714 32206894   29.87%
  58422  6704       43.0000   421       55.0000       39.0000 32310106   29.09%
Elapsed time = 1727.63 sec. (904289.46 ticks, tree = 133.39 MB, solutions = 3)
  58570  6688    infeasible             55.0000       39.0000 32407968   29.09%
  58704  6631       44.0000   454       55.0000       41.0000 32606810   25.45%
  58848  6638    infeasible             55.0000       41.0000 32542905   25.45%
  59019  6631       44.0000   333       55.0000       41.0000 32579835   25.45%
  59194  6565        cutoff             55.0000       42.0000 32787573   23.64%
  59346  6431       44.0000   505       55.0000       42.0000 33043186   23.64%
  59511  6508        cutoff             55.0000       42.0000 32883374   23.64%
  59693  6470       46.1228   450       55.0000       42.0000 32950742   23.64%
  59873  6393       44.0000   477       55.0000       43.0000 33145500   21.82%

GUB cover cuts applied:  994
Clique cuts applied:  10
Cover cuts applied:  1639
Implied bound cuts applied:  423
Flow cuts applied:  11
Mixed integer rounding cuts applied:  502
Zero-half cuts applied:  60
Lift and project cuts applied:  5
Gomory fractional cuts applied:  95

Root node processing (before b&c):
  Real time             =    1.03 sec. (534.14 ticks)
Parallel b&c, 8 threads:
  Real time             = 1798.99 sec. (940978.40 ticks)
  Sync time (average)   =  116.22 sec.
  Wait time (average)   =    0.02 sec.
                          ------------
Total (root+branch&cut) = 1800.02 sec. (941512.54 ticks)
! --------------------------------------------------------
! Status: FEASIBLE (time limit or other stopping criterion reached)
! Best span = 55
! Labeling: 40 42 33 13 17 39 28 6 19 43 12 35 21 52 38 16 8 10 24 30 11 9 4 44 23 41 50 48 53 51 3 49 14 1 33 26 29 18 55 7 24 46 27 2 37 22 15 31 20 54 25 34 36 32 45 5 47 
! --------------------------------------------------------
! All verification passed
