! Solving for graph /home/truongxuanhieu/CPLEX-MIP-for-MinSpanLabeling/benchmarks/cabp/H-impcol_b.mtx.rnd
! Target value is set to 7
! Lower bound is set to 8
! Upper bound is set to 59
! Time limit is set to 1800
! Vertices mode is set to No hole
! Target value mode is set to Cyclic Antibandwidth
Version identifier: 22.2.0.0 | 2026-05-04 | 5dff98e58
CPXPARAM_TimeLimit                               1800
Tried aggregator 2 times.
MIP Presolve eliminated 283 rows and 147 columns.
MIP Presolve modified 6918 coefficients.
Aggregator did 739 substitutions.
Reduced MIP has 1760 rows, 4754 columns, and 14526 nonzeros.
Reduced MIP has 3792 binaries, 341 generals, 0 SOSs, and 621 indicators.
Presolve time = 0.03 sec. (21.44 ticks)
Probing time = 0.03 sec. (13.77 ticks)
Tried aggregator 1 time.
Detecting symmetries...
Reduced MIP has 1760 rows, 4754 columns, and 14526 nonzeros.
Reduced MIP has 3792 binaries, 400 generals, 0 SOSs, and 621 indicators.
Presolve time = 0.02 sec. (11.31 ticks)
Probing time = 0.01 sec. (4.16 ticks)
Clique table members: 7285.
MIP emphasis: balance optimality and feasibility.
MIP search method: dynamic search.
Parallel mode: deterministic, using up to 8 threads.
Root relaxation solution time = 0.02 sec. (12.08 ticks)

        Nodes                                         Cuts/
   Node  Left     Objective  IInf  Best Integer    Best Bound    ItCnt     Gap

      0     0       14.0000   200                     14.0000      340         
      0     0       14.0000   422                   Cuts: 540      613         
      0     0       14.0000   456                   Cuts: 535      932         
Detecting symmetries...
      0     2       14.0000   381                     14.0000      932         
Elapsed time = 1.27 sec. (578.10 ticks, tree = 0.02 MB, solutions = 0)
    448   296       28.0000   191                     14.0000    11060         
   1145   762       28.0000    87                     14.0000    30169         
   1703  1414       28.0000   194                     14.0000    57329         
   2388  1847       35.0000   123                     14.0000    79964         
   2906  2483       28.0000   228                     14.0000   110582         
   3466  2947       50.0000   229                     14.0000   136090         
   3941  3403    infeasible                           14.0000   163108         
   4482  3748       36.0000   141                     14.0000   179214         
   5122  4414       29.0000   170                     14.0000   212674         

Performing restart 1

Repeating presolve.
Tried aggregator 1 time.
Reduced MIP has 1760 rows, 4754 columns, and 14526 nonzeros.
Reduced MIP has 3792 binaries, 400 generals, 0 SOSs, and 621 indicators.
Presolve time = 0.01 sec. (8.51 ticks)
Tried aggregator 1 time.
Reduced MIP has 1760 rows, 4754 columns, and 14526 nonzeros.
Reduced MIP has 3792 binaries, 400 generals, 0 SOSs, and 621 indicators.
Presolve time = 0.01 sec. (11.73 ticks)
Represolve time = 0.08 sec. (40.46 ticks)
   6529     0       14.0000   509                   Cuts: 540   289881         
   6529     0       14.0000   529                   Cuts: 540   291249         
   6529     0       14.0000   570                   Cuts: 540   292568         
   6529     0       14.0000   532                   Cuts: 540   293916         
   6529     0       14.0000   514                   Cuts: 540   296170         
   6529     0       14.0023   720                   Cuts: 540   298113         
   6529     2       15.0000   322                     15.0000   298113         
Elapsed time = 12.99 sec. (6759.80 ticks, tree = 0.02 MB, solutions = 0)
   7090   411       28.0000   209                     15.0000   311752         
   7771   978       22.0000   259                     15.0000   345386         
   8629  1703       29.0000   215                     15.0000   387301         
   9629  2529       35.0000   197                     15.0000   434810         
  10089  2980       29.0000   345                     15.0000   483986         
  10949  3681       42.0000   194                     15.0000   532401         
  11707  4090       37.0000   211                     15.0000   578910         
  12106  4673       21.0000   339                     15.0000   636406         

Performing restart 2

Repeating presolve.
Tried aggregator 1 time.
Reduced MIP has 1760 rows, 4754 columns, and 16366 nonzeros.
Reduced MIP has 3792 binaries, 400 generals, 0 SOSs, and 621 indicators.
Presolve time = 0.01 sec. (9.15 ticks)
Tried aggregator 1 time.
MIP Presolve modified 1 coefficients.
Reduced MIP has 1760 rows, 4754 columns, and 16366 nonzeros.
Reduced MIP has 3792 binaries, 400 generals, 0 SOSs, and 621 indicators.
Presolve time = 0.02 sec. (12.87 ticks)
Represolve time = 0.16 sec. (96.53 ticks)
  12140     0       15.0000   626                   Cuts: 540   649757         
  12140     0       15.0000   638                   Cuts: 354   651211         
  12140     0       15.0000   591                   Cuts: 397   652796         
  12140     0       15.0000   603                   Cuts: 360   654245         
  12140     0       15.0000   567                   Cuts: 487   655729         
  12140     0       15.0000   588                   Cuts: 396   657086         
  12140     0       16.0000   507                   Cuts: 452   658763         
  12140     0       16.0000   610                   Cuts: 540   659595         
  12140     0       16.0000   554                   Cuts: 495   660744         
  12140     0       16.0000   613                   Cuts: 540   661992         
  12140     2       16.0000   501                     16.0000   661992         
  12230    61       16.0000   303                     16.0000   668429         
Elapsed time = 44.57 sec. (22589.32 ticks, tree = 0.26 MB, solutions = 0)
  12476   292       17.0000   363                     16.0000   687865         
  12618   392       56.0000   316                     16.0000   710908         
  12797   532       33.0000   271                     16.0000   739483         
  13082   785       23.0000   271                     16.0000   776733         
  13384   972       35.0000   210                     16.0000   819021         
  13776  1318       42.0000   243                     16.0000   865579         
  14150  1559       42.0000   176                     16.0000   919038         
  14433  1862       29.0000   257                     16.0000   987388         
  14832  2049    infeasible                           16.0000  1043731         
  15191  2481       57.0000   337                     16.0000  1114005         
Elapsed time = 65.29 sec. (32135.34 ticks, tree = 9.73 MB, solutions = 0)
  15651  2803       37.0000   265                     17.0000  1161666         
  16050  3100    infeasible                           17.0000  1249330         
  16461  3508       49.0000   223                     17.0000  1321596         
  16723  3811    infeasible                           17.0000  1401309         
  16999  3981       49.0000   247                     17.0000  1467049         
  17476  4283       41.0000   246                     17.5000  1536690         
  17734  4672       56.0000   460                     17.5000  1626016         
  18239  4963       46.0000   311                     17.5000  1677145         
  18809  5540       42.0000   230                     18.0000  1774496         
  19113  5833       35.0000   321                     18.0000  1849338         
Elapsed time = 88.35 sec. (41696.27 ticks, tree = 19.53 MB, solutions = 0)
  19423  6003       56.0000   321                     18.0000  1897130         
  19780  6316       43.0000   164                     18.0000  1962567         
  20084  6592       23.0000   347                     18.0000  2047828         
  20351  6859    infeasible                           19.0000  2121408         
  20829  7219       48.0000   116                     19.0000  2187562         
  21392  7547       49.0000   210                     20.0000  2253160         
  21728  7926       56.0000   335                     20.0000  2334342         
  22095  8283       51.0000   146                     20.0000  2423909         
  22455  8526       50.0000   391                     20.0000  2479193         
  22718  8681    infeasible                           20.0000  2543831         
Elapsed time = 110.15 sec. (51257.20 ticks, tree = 27.71 MB, solutions = 0)
  23102  9112       28.0000   306                     20.0000  2669449         
  23358  9473       36.0000   302                     20.0000  2741749         
  23801  9607       46.0000   163                     21.0000  2775315         
  24102  9956       46.0000   250                     21.0000  2858586         
  24368 10177       56.0000   308                     21.0000  2918871         
  24557 10358       32.0000   294                     21.0000  3004697         
  24816 10549       56.0000   253                     21.0000  3073883         
  25199 10679       29.0000   217                     21.0000  3123333         
  25598 11189       35.0000   316                     21.0000  3249167         
  25978 11415       43.0000   247                     21.0000  3286877         
Elapsed time = 132.67 sec. (60835.43 ticks, tree = 36.02 MB, solutions = 0)
  26235 11589       43.0000   249                     21.0000  3343274         
  26607 12023       50.0000   333                     21.0000  3458733         
  27021 12284       42.0000   249                     21.0000  3524144         
  27411 12475       38.0000   357                     21.0000  3591351         
  27757 12832       54.0000   253                     21.0000  3650617         
  28015 13221       56.0000   194                     21.0000  3744027         
  28477 13309       49.0000   196                     21.0000  3793629         
  28847 13539       56.0000   293                     21.0000  3838264         
  29091 14047       59.0000   427                     21.0000  3970980         
  29369 14335       56.0000   330                     21.0000  4064465         
Elapsed time = 155.22 sec. (70406.55 ticks, tree = 43.73 MB, solutions = 0)
  29657 14567       37.0000   283                     21.0000  4128335         
  30118 14871       49.0000   190                     21.0000  4182737         
  30740 15060       40.0000   201                     21.0000  4214258         
  31164 15804       54.0000   168                     21.0000  4352371         
  31486 16018       49.0000   262                     21.0000  4421606         
  31831 16397       46.0000   234                     21.0000  4526195         
  32208 16456    infeasible                           21.0000  4563941         
  32490 17001       47.0000   221                     21.0000  4703809         
  32846 17161       50.0000   148                     21.0000  4739556         
  33256 17351       36.0000   267                     21.0000  4794687         
Elapsed time = 178.17 sec. (79967.23 ticks, tree = 52.62 MB, solutions = 0)
  33652 17632       52.0000   329                     21.0000  4854336         
  34035 17807    infeasible                           21.0000  4911260         
  34303 18274       56.0000   203                     21.0000  5037763         
  34585 18642       49.0000   236                     21.0000  5118148         
  34849 18772       42.0000   265                     21.0000  5173377         
  35025 18954       54.0000   307                     21.0000  5252440         
  35335 19278       38.0000   194                     21.0000  5343429         
  35656 19343       43.0000   331                     21.0000  5373893         
  35935 19801    infeasible                           21.0000  5474195         
  36439 19681       43.0000   232                     21.0000  5436600         
Elapsed time = 199.15 sec. (89514.58 ticks, tree = 59.24 MB, solutions = 0)
  36891 20417       51.0000   315                     21.0000  5603081         
  37243 20613       43.0000   255                     21.0000  5642596         
  37588 21062       22.0000   407                     21.0000  5729661         
  37778 21299       56.0000   244                     21.0000  5773953         
  37978 21434       57.0000   440                     21.0000  5814456         
  38199 21654       49.0000   294                     21.0000  5870758         
  38466 21594       56.0000   319                     21.0000  5860800         
  38841 21934       28.0000   267                     21.0000  5942237         
  39119 22230       28.0000   295                     21.0000  6070980         
  40068 22971       42.0000   219                     21.0000  6327403         
Elapsed time = 227.43 sec. (101934.16 ticks, tree = 105.44 MB, solutions = 0)
  41703 24211    infeasible                           22.0000  6676755         
  42877 25292       39.0000   359                     22.0000  6970709         
  43656 25881       36.0000   330                     22.0000  7161141         
  44324 26521       34.0000   311                     22.0000  7426238         
  44651 26878       56.0000   406                     22.0000  7679950         
  45016 27164       50.0000   351                     22.0000  7912078         
  45314 27435       56.0000   353                     22.0000  8098009         
  45664 27677       57.0000   295                     22.0000  8355934         
  45930 27921       58.0000   348                     22.0000  8492959         
  46249 28095       43.0000   381                     22.0000  8706009         
Elapsed time = 312.94 sec. (140228.40 ticks, tree = 128.01 MB, solutions = 0)
  46555 28471    infeasible                           22.0000  8996012         
  46945 28607       56.0000   373                     22.0000  9115138         
  47210 28971       56.0000   440                     22.0000  9312662         
  47443 29191       56.0000   367                     22.0000  9523962         
  47785 29393       56.0000   439                     22.0000  9762596         
  48028 29725       49.0000   323                     22.0000  9970337         
  48286 29875       48.0000   376                     22.0000 10115615         
  48572 29966       57.0000   352                     22.0000 10217517         
  48805 30280       56.0000   466                     22.0000 10508109         
  49046 30485       56.0000   434                     22.0000 10656970         
Elapsed time = 394.34 sec. (178610.80 ticks, tree = 142.57 MB, solutions = 0)
  49291 30666       40.0000   367                     22.0000 10851513         
  49550 30772       56.0000   375                     22.0000 10952264         
  49833 31198       55.0000   413                     22.0000 11321746         
  50237 31509       57.0000   316                     22.0000 11503751         
  50440 31648       26.0000   419                     22.0000 11607857         
  50628 31723       49.0000   504                     22.0000 11720233         
  50789 31928       56.0000   368                     22.0000 12030215         
  50941 32061       56.0000   435                     22.0000 12193064         
  51297 32223       36.0000   436                     22.0000 12418216         
  51668 32463       57.0000   396                     22.0000 12538439         
Elapsed time = 476.36 sec. (216883.24 ticks, tree = 165.59 MB, solutions = 0)
  51854 32699       56.0000   455                     22.0000 12628182         
  51966 32976       36.0000   537                     22.0000 12921202         
  52116 33006       56.0000   469                     22.0000 12999674         
  52479 33106       57.0000   397                     22.0000 13167627         
  52833 33591       51.0000   379                     22.0000 13432411         
  53011 33668       57.0000   312                     22.0000 13502076         
  53211 33891       50.0000   388                     22.0000 13650118         
  53379 34123       56.0000   352                     22.0000 13984284         
  53585 34171       56.0000   336                     22.0000 14089664         
  53901 34428    infeasible                           22.0000 14237373         
Elapsed time = 555.76 sec. (255148.28 ticks, tree = 192.09 MB, solutions = 0)
  54192 34685       57.0000   356                     22.0000 14513940         
  54504 34773       26.0000   546                     22.0000 14613336         
  54746 35126    infeasible                           22.0000 14766691         
  54903 35341       56.0000   348                     22.0000 14989352         
  55132 35433       29.7692   520                     22.0000 15080480         
  55279 35642       56.0000   329                     22.0000 15367686         
  55454 35852       56.0000   325                     22.0000 15630138         
  55612 35804       56.0000   530                     22.0000 15581548         
  55803 35964       52.0000   342                     22.0000 15801744         
  56034 36279       58.0000   458                     22.0000 16118573         
Elapsed time = 634.37 sec. (293464.62 ticks, tree = 211.72 MB, solutions = 0)
  56180 36326       28.0000   545                     22.0000 16164037         
  56310 36506       58.0000   341                     22.0000 16358358         
  56441 36616       56.0000   416                     22.0000 16543545         
  56538 36782       36.0000   558                     22.0000 16818329         
  56643 36754       56.0000   427                     22.0000 16788748         
  56838 36799       22.2625   727                     22.0000 16875023         
  57121 36957       39.0000   376                     22.0000 17111872         
  57397 37207       24.3692   665                     22.0000 17348951         
  57549 37294       58.0000   385                     22.0000 17423022         
  57635 37681       56.0000   465                     22.0000 17688196         
Elapsed time = 711.90 sec. (331768.76 ticks, tree = 237.35 MB, solutions = 0)
  57736 37704       44.0000   384                     22.0000 17740517         
  57886 37856       59.0000   485                     22.0000 18064094         
  58113 37876       58.0000   543                     22.0000 18054083         
  58315 37995       50.0000   347                     22.0000 18138318         
  58428 38110       30.0000   431                     22.0000 18320596         
  58495 38353       48.0000   460                     22.0000 18565822         
  58598 38389       56.0000   450                     22.0000 18626585         
  58769 38458       56.0000   414                     22.0000 18827385         
  58975 38541       49.0000   364                     22.0000 18942514         
  59139 38864       56.0000   420                     22.0000 19233356         
Elapsed time = 790.27 sec. (370252.80 ticks, tree = 261.23 MB, solutions = 0)
  59250 38882       58.0000   466                     22.0000 19255734         
  59402 39064       58.0000   405                     22.0000 19530227         
  59540 39083       36.0000   409                     22.0000 19558033         
  59688 39340       57.0000   228                     22.0000 19933945         
  59840 39406       57.0000   434                     22.0000 20136511         
  60073 39442       36.0000   421                     22.0000 20191735         
  60341 39466       42.0000   486                     22.0000 20207178         
  60626 39606       56.0000   410                     22.0000 20366811         
  60838 40133       57.0000   337                     22.0000 20679191         
  60947 40097       49.0000   448                     22.0000 20671691         
Elapsed time = 872.75 sec. (408602.91 ticks, tree = 283.76 MB, solutions = 0)
  61043 40344       56.0000   410                     22.0000 20833581         
  61173 40460       55.0000   458                     22.0000 21071577         
  61286 40542       29.0000   573                     22.0000 21193449         
  61498 40622       25.0000   572                     22.0000 21364742         
  61766 40772       49.0000   119                     22.0000 21493238         
  61972 40857       56.0000   330                     22.0000 21622434         
  62105 41290       56.0471   458                     22.0000 21859221         
  62188 41171       56.0000   454                     22.0000 21776910         
  62307 41354       39.0000   324                     22.0000 22020151         
  62619 41511       50.0000   167                     22.0000 22190929         
Elapsed time = 950.83 sec. (446924.81 ticks, tree = 309.58 MB, solutions = 0)
  62879 41609       58.0000   475                     22.0000 22459626         
  63143 41641    infeasible                           22.0000 22408872         
  63417 41982       29.0000   505                     22.0000 22605705         
  63618 42399       35.0000   472                     22.0000 22826005         
  63737 42405       49.0000   538                     22.0000 22846119         
  63849 42574       50.0000   420                     22.0000 22949739         
  63959 42920       57.0000   364                     22.0000 23397185         
  64059 42970    infeasible                           22.0000 23497200         
  64224 42924       41.1321   712                     22.0000 23433883         
  64472 43085       31.0000   539                     22.0000 23791318         
Elapsed time = 1028.70 sec. (485254.51 ticks, tree = 348.52 MB, solutions = 0)
  64732 43123       56.0000   404                     22.0000 23770253         
  64960 43237       23.0000   486                     22.0000 23921735         
  65167 43404       56.0000   487                     22.0000 24034000         
  65291 43963       56.0000   388                     22.0000 24386488         
  65346 43911       56.0000   461                     22.0000 24336639         
  65410 44087       56.0000   390                     22.0000 24632859         
  65535 44145       56.0000   419                     22.0000 24814437         
  65745 44187       56.0000   379                     22.0000 24908903         
  65971 44235       49.0000   395                     22.0000 24964281         
  66207 44345       52.0000   257                     22.0000 25077833         
Elapsed time = 1105.32 sec. (523574.17 ticks, tree = 376.28 MB, solutions = 0)
  66352 44408       56.0000   370                     22.0000 25104396         
  66522 44709       57.0000   409                     22.0000 25326016         
  66610 44922       58.0000   423                     22.0000 25473123         
  66693 45040       51.0000   409                     22.0000 25697447         
  66817 45157       42.0000   371                     22.0000 25916963         
  66997 45202       57.0000   317                     22.0000 25887830         
  67170 45244       34.0000   540                     22.0000 26110983         
  67419 45434       57.0000   443                     22.0000 26245425         
  67622 45511       56.0000   525                     22.0000 26324284         
  67749 45720       58.0000   378                     22.0000 26473459         
Elapsed time = 1181.82 sec. (561899.31 ticks, tree = 411.38 MB, solutions = 0)
  67871 45983       56.0000   425                     22.0000 26742355         
  68003 46024       35.0000   451                     22.0000 26817841         
  68124 46156       42.0000   511                     22.0000 27018580         
  68199 46174       39.0000   584                     22.0000 27079199         
  68336 46316       23.0000   755                     22.0000 27235081         
  68563 46442       58.0000   298                     22.0000 27490744         
  68860 46484       56.0000   412                     22.0000 27506653         
  69015 46602       57.0000   474                     22.0000 27658234         
  69126 46984       56.0000   414                     22.0000 27796674         
  69245 46887       52.0000   377                     22.0000 27779544         
Elapsed time = 1260.90 sec. (600308.45 ticks, tree = 440.70 MB, solutions = 0)
  69347 47159       27.1186   571                     22.0000 28050059         
  69483 47304       57.0000   387                     22.0000 28263067         
  69649 47409       37.0000   524                     22.0000 28508598         
  69889 47447       56.0000   422                     22.0000 28524406         
  70128 47471       56.0000   549                     22.0000 28540880         
  70450 47787       40.0000   449                     22.0000 28754217         
  70599 47778       56.0000   348                     22.0000 28833385         
  70693 47830       56.0000   448                     22.0000 28884421         
  70803 48423       56.0000   397                     22.0000 29178519         
  71017 48355       49.0000   521                     22.0000 29118140         
Elapsed time = 1339.83 sec. (638668.58 ticks, tree = 473.90 MB, solutions = 0)
  71300 48501       52.0000   366                     22.0000 29289476         
  71570 48697       49.0000   456                     22.0000 29581573         
  71810 48723       48.0000   386                     22.0000 29595160         
  72016 49058       42.0000   324                     22.0000 29762238         
  72168 49317       58.0000   446                     22.0000 29956372         
  72297 49686    infeasible                           22.0000 30190998         
  72400 49759       49.0000   430                     22.0000 30350273         
  72684 49937       50.0000   112                     22.0000 30473570         
  72952 49953       29.0000   491                     22.0000 30588721         
  73180 50213       22.0000   596                     22.0000 30811738         
Elapsed time = 1420.19 sec. (676975.96 ticks, tree = 533.61 MB, solutions = 0)
  73429 50279       54.0000   378                     22.0000 30824806         
  73685 50111       22.0000   635                     22.0000 30765335         
  73822 50721       58.0000   368                     22.0000 31108007         
  73987 50876       56.0000   473                     22.0000 31150129         
  74064 50902       57.0000   535                     22.0000 31195316         
  74178 51270       56.0000   272                     22.0000 31572655         
  74269 51186       52.0000   497                     22.0000 31464283         
  74356 51425       38.0000   406                     22.0000 31854003         
  74528 51435       57.0000   409                     22.0000 31913324         
  74880 51609       56.0000   397                     22.0000 32145450         
Elapsed time = 1503.82 sec. (715422.06 ticks, tree = 568.98 MB, solutions = 0)
  75227 51673       30.0000   410                     22.0000 32160089         
  75499 51674       45.0000   314                     22.0000 32213861         
  75893 52376       28.0000   432                     22.0000 32501158         
  76283 52498       51.0000   366                     22.0000 32558325         
  76533 52524       56.0000   453                     22.0000 32578091         
  76922 52558       26.0000   544                     22.0000 32620304         
  77366 53298       51.0000   195                     22.0000 32844212         
  77782 53643       57.0000   385                     22.0000 33113224         
  78097 54153       42.0000   476                     22.0000 33255342         
  78383 54227       42.0000   509                     22.0000 33314272         
Elapsed time = 1578.96 sec. (753650.49 ticks, tree = 682.22 MB, solutions = 0)
  78739 54425       56.0000   300                     22.0000 33407465         
  79101 54481       56.0000   384                     22.0000 33423576         
  79416 54849       49.0000   296                     22.0000 33609508         
  79716 55247       28.0000   523                     22.0000 33776748         
  80002 55344       52.0000   261                     22.0000 33833508         
  80264 55896       42.0000   461                     22.0000 34054628         
  80557 55930       35.0000   517                     22.0000 34073061         
  80925 56203       27.6036   564                     22.0000 34255375         
  81147 56362       45.0000   394                     22.0000 34391106         
  81308 56499       28.0210   558                     22.0000 34481383         
Elapsed time = 1653.85 sec. (791958.82 ticks, tree = 771.73 MB, solutions = 0)
  81416 57052       47.0000   429                     22.0000 34746450         
  81558 57277       42.0000   430                     22.0000 34960494         
  81702 57303       56.0000   412                     22.0000 35012888         
  81908 57236       57.0000   461                     22.0000 34942983         
  82172 57650       34.0000   639                     22.0000 35403844         
  82388 57775       58.0000   253                     22.0000 35494032         
  82550 57892       36.0000   515                     22.0000 35576494         
  82682 57997       56.0000   399                     22.0000 35623924         
  82823 58028       56.0000   355                     22.0000 35650952         
  82909 58200       58.0000   246                     22.0000 35785257         
Elapsed time = 1736.46 sec. (830378.03 ticks, tree = 838.64 MB, solutions = 0)
  82985 58532       56.0000   386                     22.0000 36183295         
  83064 58552       56.0000   560                     22.0000 36282186         
  83156 58570       42.0000   576                     22.0000 36371657         
  83294 58650       57.0000   329                     22.0000 36506473         
  83525 58689       57.0000   367                     22.0000 36524843         
  83756 58856       56.0000   405                     22.0000 36686286         

GUB cover cuts applied:  1311
Clique cuts applied:  32
Cover cuts applied:  1218
Implied bound cuts applied:  873
Flow cuts applied:  10
Mixed integer rounding cuts applied:  371
Zero-half cuts applied:  35
Lift and project cuts applied:  1
Gomory fractional cuts applied:  30

Root node processing (before b&c):
  Real time             =    1.27 sec. (577.25 ticks)
Parallel b&c, 8 threads:
  Real time             = 1798.75 sec. (854113.37 ticks)
  Sync time (average)   =  201.68 sec.
  Wait time (average)   =    0.03 sec.
                          ------------
Total (root+branch&cut) = 1800.02 sec. (854690.61 ticks)
! --------------------------------------------------------
! Problem is UNKNOWN
! CPLEX Status = AbortTimeLim
! --------------------------------------------------------
