! Solving for graph /home/truongxuanhieu/CPLEX-MIP-for-MinSpanLabeling/benchmarks/cabp/I-ash85.mtx.rnd
! Target value is set to 21
! Lower bound is set to 22
! Upper bound is set to 85
! Time limit is set to 1800
! Vertices mode is set to No hole
! Target value mode is set to Cyclic Antibandwidth
Version identifier: 22.2.0.0 | 2026-05-04 | 5dff98e58
CPXPARAM_TimeLimit                               1800
Tried aggregator 2 times.
MIP Presolve eliminated 221 rows and 212 columns.
MIP Presolve modified 14408 coefficients.
Aggregator did 693 substitutions.
Reduced MIP has 1606 rows, 8315 columns, and 25119 nonzeros.
Reduced MIP has 7487 binaries, 305 generals, 0 SOSs, and 523 indicators.
Presolve time = 0.05 sec. (33.97 ticks)
Probing time = 0.10 sec. (27.85 ticks)
Tried aggregator 1 time.
Detecting symmetries...
Reduced MIP has 1606 rows, 8315 columns, and 25119 nonzeros.
Reduced MIP has 7487 binaries, 390 generals, 0 SOSs, and 523 indicators.
Presolve time = 0.03 sec. (17.66 ticks)
Probing time = 0.03 sec. (5.06 ticks)
Clique table members: 15596.
MIP emphasis: balance optimality and feasibility.
MIP search method: dynamic search.
Parallel mode: deterministic, using up to 8 threads.
Root relaxation solution time = 0.11 sec. (60.31 ticks)

        Nodes                                         Cuts/
   Node  Left     Objective  IInf  Best Integer    Best Bound    ItCnt     Gap

      0     0       42.0000   243                     42.0000      619         
      0     0       42.0000   508                   Cuts: 501      926         
      0     0       42.0000   409                   Cuts: 501     1338         
      0     0       42.0000   470                   Cuts: 400     1792         
Detecting symmetries...
      0     2       42.0000   360                     42.0000     1792         
Elapsed time = 3.67 sec. (1578.36 ticks, tree = 0.02 MB, solutions = 0)
    183   119       85.0000   376                     42.0000    12864         
    235   188       84.0000   429                     42.0000    23567         
    335   260       85.0000   342                     42.0000    39870         
    431   354       82.0000   312                     42.0000    56921         
    483   419       75.0000   323                     42.0000    69006         
    595   481       64.0000   319                     42.0000    83684         
    647   492       85.0000   366                     42.0000    89796         
    691   588       63.0000   301                     42.0000   105715         
    788   633       65.0000   249                     42.0000   113502         
   1215  1051       64.0000   260                     42.0000   170861         
Elapsed time = 11.08 sec. (4727.54 ticks, tree = 4.50 MB, solutions = 0)

Performing restart 1

Repeating presolve.
Tried aggregator 1 time.
Reduced MIP has 1606 rows, 8315 columns, and 25119 nonzeros.
Reduced MIP has 7487 binaries, 390 generals, 0 SOSs, and 523 indicators.
Presolve time = 0.02 sec. (13.08 ticks)
Tried aggregator 1 time.
Reduced MIP has 1606 rows, 8315 columns, and 25119 nonzeros.
Reduced MIP has 7487 binaries, 390 generals, 0 SOSs, and 523 indicators.
Presolve time = 0.03 sec. (18.28 ticks)
Represolve time = 0.19 sec. (75.27 ticks)
   1731     0       42.0000   494                   Cuts: 501   223242         
   1731     0       42.0000   624                   Cuts: 492   227649         
   1731     0       42.0000   558                   Cuts: 501   229749         
   1731     0       42.0000   572                   Cuts: 501   232877         
   1731     0       43.0000   598                   Cuts: 460   237790         
   1731     0       43.0000   674                   Cuts: 501   238745         
   1731     2       43.0000   430                     43.0000   238745         
   1755    15       64.0000   367                     43.0000   242530         
   1874    94       63.0000   326                     43.0000   259477         
   2127   306       56.0000   367                     43.0000   274441         
   2166   358       48.0000   419                     43.0000   286912         
   2343   481       49.0000   440                     43.0000   317024         
   2529   558       84.0000   496                     43.0000   339498         
   2595   715       64.0000   432                     43.1818   367079         
   2638   739       64.0000   351                     43.1818   387694         
   2731   751    infeasible                           43.1818   406585         
Elapsed time = 44.41 sec. (21621.60 ticks, tree = 9.63 MB, solutions = 0)
   2777   845       64.0000   526                     43.1818   447976         
   2929   934       65.0000   330                     43.1818   481508         
   3151  1038       65.0000   327                     43.1818   515960         
   3324  1278    infeasible                           43.1818   559195         
   3356  1310       66.0000   442                     43.4384   584642         
   3385  1330       69.0000   423                     43.4384   626238         
   3451  1353       69.0000   421                     43.4384   668407         
   3601  1374       63.0000   369                     43.4384   689496         
   3722  1445       60.0000   590                     43.4384   705321         
   3762  1608       74.0000   357                     43.4384   750965         
Elapsed time = 65.20 sec. (31356.48 ticks, tree = 26.42 MB, solutions = 0)
   3863  1674       74.0000   332                     43.4384   771256         
   3944  1679       63.0000   394                     45.0000   797569         
   4024  1794       63.0000   305                     45.0000   829829         
   4071  1841       64.0000   376                     45.0000   868170         
   4094  1878       64.0000   437                     45.0000   903483         
   4110  1881       84.0000   571                     45.0000   915758         
   4124  1886       84.0000   501                     45.0000   948659         
   4141  1902    infeasible                           45.0000   981800         
   4166  1914    infeasible                           45.0000  1037020         
   4187  1924       84.0000   428                     45.0000  1041881         
Elapsed time = 83.19 sec. (41156.14 ticks, tree = 31.85 MB, solutions = 0)
   4206  1951       84.0000   404                     45.0000  1080002         
   4239  1953       84.0000   491                     45.0000  1093039         
   4269  1978       52.5000   651                     45.0000  1151205         
   4295  1979       63.0000   401                     45.0000  1167302         
   4311  1992       84.0000   483                     45.0000  1228936         
   4331  1993       84.0000   513                     45.0000  1246118         
   4349  2021       84.0000   413                     45.0000  1295349         
   4380  2020       84.0000   575                     45.0000  1294147         
   4419  2036       84.0143   565                     45.0000  1323672         
   4452  2035       85.0000   557                     45.0000  1345943         
Elapsed time = 101.63 sec. (51272.21 ticks, tree = 34.19 MB, solutions = 0)
   4470  2101       85.0000   465                     45.0000  1412736         
   4490  2106       64.0000   473                     45.0000  1420622         
   4515  2116       84.0000   401                     45.0000  1465594         
   4529  2116       85.0000   438                     45.0000  1478934         
   4547  2127    infeasible                           45.0000  1487248         
   4586  2170       63.0000   459                     45.0000  1587623         
   4625  2165       64.0000   338                     45.0000  1570641         
   4659  2178    infeasible                           45.0000  1603386         
   4676  2240       64.0000   411                     45.0000  1666518         
   4688  2207       84.0000   471                     45.0000  1632472         
Elapsed time = 118.95 sec. (61141.43 ticks, tree = 36.92 MB, solutions = 0)
   4707  2249       84.0000   522                     45.5814  1700099         
   4724  2241       85.0000   528                     45.5814  1682859         
   4745  2285       84.0000   499                     45.5814  1781427         
   4770  2283       84.0000   440                     45.5814  1773056         
   4815  2340       84.0000   415                     45.5814  1838514         
   4864  2294       84.0000   537                     45.5814  1828670         
   4889  2342    infeasible                           45.5814  1868666         
   4905  2385       84.0000   521                     45.5814  1918738         
   4924  2400       64.0000   512                     45.5814  1957135         
   4940  2407       64.0000   368                     45.5814  2017152         
Elapsed time = 138.41 sec. (71523.67 ticks, tree = 41.57 MB, solutions = 0)
   4956  2406       64.0000   461                     45.5814  2027218         
   4967  2411       84.0000   551                     45.5814  2017207         
   4990  2409    infeasible                           45.5814  2058729         
   5008  2424       84.0000   531                     45.5814  2090643         
   5026  2456       84.0000   342                     45.5814  2135026         
   5047  2462    infeasible                           45.5814  2168468         
   5056  2469       84.0000   504                     45.5814  2175703         
   5066  2472       84.0000   546                     45.5814  2191324         
   5078  2482       84.0000   567                     45.5814  2245080         
   5091  2493       84.0000   474                     45.5814  2289601         
Elapsed time = 157.39 sec. (81838.77 ticks, tree = 42.92 MB, solutions = 0)
   5097  2485    infeasible                           45.5814  2263877         
   5107  2489    infeasible                           45.5814  2290575         

Performing restart 2

Repeating presolve.
Tried aggregator 1 time.
MIP Presolve modified 44 coefficients.
Reduced MIP has 1606 rows, 8315 columns, and 32113 nonzeros.
Reduced MIP has 7487 binaries, 390 generals, 0 SOSs, and 523 indicators.
Presolve time = 0.03 sec. (22.73 ticks)
Tried aggregator 1 time.
Reduced MIP has 1606 rows, 8315 columns, and 32113 nonzeros.
Reduced MIP has 7487 binaries, 390 generals, 0 SOSs, and 523 indicators.
Presolve time = 0.03 sec. (22.28 ticks)
Represolve time = 0.28 sec. (156.78 ticks)
   5111     0       44.3333   799                   Cuts: 501  2378026         
   5111     0       45.0000   776                   Cuts: 501  2379937         
   5111     0       45.0000   781                   Cuts: 501  2382073         
   5111     0       45.0000   686                   Cuts: 303  2383634         
   5111     0       45.0000   748                   Cuts: 501  2385776         
   5111     0       45.0000   590                   Cuts: 218  2386984         
   5111     0       45.0000   674                   Cuts: 501  2388699         
   5111     0       46.0000   674                   Cuts: 501  2391422         
   5111     0       46.0000   690                   Cuts: 501  2392751         
   5111     0       46.0000   673                   Cuts: 501  2394568         
   5111     0       46.0000   729                   Cuts: 501  2396726         
   5111     0       46.0000   717                   Cuts: 501  2398613         
   5111     0       46.0000   740                   Cuts: 501  2400578         
   5111     2       46.0000   534                     47.7500  2400578         
   5155    33       63.0000   307                     47.7500  2403447         
   5295   170       63.0000   323                     47.7500  2415822         
   5401   228       46.0000   393                     47.7500  2426312         
   5469   312       64.0000   289                     47.7500  2455380         
   5536   364       84.0000   505                     47.7500  2486418         
   5576   397    infeasible                           47.7500  2501373         
   5596   417       70.0000   385                     47.7500  2552147         
Elapsed time = 201.47 sec. (106097.46 ticks, tree = 3.69 MB, solutions = 0)
   5622   431       63.0000   464                     47.7500  2579330         
   5667   457       64.0000   531                     47.7500  2603266         
   5706   492       84.0000   579                     47.7500  2629106         
   5732   515       84.0000   607                     47.7500  2653293         
   5745   526       64.0000   590                     47.7500  2679914         
   5766   543       84.0000   525                     47.7500  2720121         
   5796   546       84.0000   591                     47.7500  2735021         
   5810   557       64.0000   395                     47.7500  2744873         
   5835   589       83.0000   543                     47.7500  2801159         
   5901   624       64.0000   477                     47.7500  2904202         
Elapsed time = 224.30 sec. (118990.44 ticks, tree = 6.93 MB, solutions = 0)
   5960   654       46.0000   690                     47.7500  2990393         
   5997   675       56.0000   610                     47.7500  3061054         
   6040   690       60.0000   689                     47.7500  3150613         
   6079   729       64.0000   535                     47.7500  3224242         
   6115   755       50.0000   831                     47.7500  3308295         
   6148   779       70.0000   680                     47.7500  3410312         
   6183   787       76.0000   623                     47.7500  3460275         
   6209   807    infeasible                           47.7500  3544066         
   6246   839       69.0000   522                     47.7500  3665987         
   6279   864       73.0000   592                     47.7500  3774168         
Elapsed time = 294.26 sec. (157968.98 ticks, tree = 10.70 MB, solutions = 0)
   6317   880       80.0000   495                     47.7500  3853091         
   6351   904       64.0000   640                     47.7500  3944412         
   6377   939       67.0000   587                     47.7500  4038246         
   6402   946       84.0000   646                     47.7500  4117720         
   6422   958    infeasible                           47.7500  4203731         
   6442   969       84.0000   632                     47.7500  4234997         
   6464   985       63.0000   714                     47.7500  4425791         
   6488   992       64.0000   667                     47.7500  4452871         
   6521   985    infeasible                           47.7500  4429415         
   6563  1046       84.0000   614                     47.7500  4701640         
Elapsed time = 361.12 sec. (197720.78 ticks, tree = 14.17 MB, solutions = 0)
   6596  1050       84.0000   512                     47.7500  4736477         
   6624  1070       63.0000   636                     47.7500  4813813         
   6658  1105       84.0000   550                     47.7500  4919542         
   6692  1125       64.0000   642                     47.7500  5049246         
   6725  1168       84.0000   486                     47.7500  5166204         
   6761  1176       64.0000   653                     47.7500  5233778         
   6791  1175       84.0000   672                     48.2759  5270387         
   6818  1175       84.0000   632                     48.2759  5280686         
   6840  1209       67.0000   643                     48.2759  5497729         
   6864  1217       84.0000   625                     49.0000  5557598         
Elapsed time = 426.95 sec. (237078.61 ticks, tree = 17.76 MB, solutions = 0)
   6884  1215       50.7773   887                     49.0000  5598931         
   6908  1234    infeasible                           49.0000  5716049         
   6928  1250       74.0000   652                     49.0000  5861443         
   6950  1250       50.7773   896                     49.0000  5905760         
   6975  1264       63.0000   625                     49.0000  6076415         
   6999  1266       84.0000   590                     49.0000  6069511         
   7024  1280    infeasible                           49.0000  6257568         
   7045  1308       84.0000   572                     49.0000  6377228         
   7064  1312    infeasible                           49.0000  6390383         
   7099  1325       85.0000   482                     49.0000  6527132         
Elapsed time = 493.46 sec. (276875.36 ticks, tree = 20.07 MB, solutions = 0)
   7129  1333       84.0000   574                     49.0000  6599433         
   7153  1368       50.0000   795                     49.0000  6780109         
   7184  1349       84.0000   679                     50.0000  6693979         
   7214  1382       73.1538   718                     50.0000  6877206         
   7235  1412       63.0000   681                     50.0000  7061874         
   7262  1395       63.0000   657                     50.0000  6985273         
   7287  1417       84.0000   670                     50.0000  7084650         
   7314  1433       82.0000   620                     50.0000  7221132         
   7345  1479       84.0000   541                     50.0000  7461009         
   7377  1484       84.0000   550                     50.0000  7475113         
Elapsed time = 558.92 sec. (316311.95 ticks, tree = 23.68 MB, solutions = 0)
   7410  1487    infeasible                           50.0000  7557895         
   7441  1502       85.0000   565                     50.0000  7601844         
   7467  1526       84.0000   597                     50.0000  7735696         
   7489  1504       84.0000   586                     50.0000  7646260         
   7521  1551       84.0000   579                     50.0000  7871059         
   7565  1545       63.0000   654                     50.0000  7851169         
   7586  1573       64.0000   706                     50.0000  8004135         
   7616  1617       84.0000   721                     50.0000  8253842         
   7642  1601       84.0000   651                     50.0000  8137179         
   7661  1645       84.0000   652                     50.0000  8345614         
Elapsed time = 624.83 sec. (355409.07 ticks, tree = 27.96 MB, solutions = 0)
   7680  1668       63.0000   664                     50.0000  8443612         
   7699  1654       84.0000   564                     50.0000  8371091         
   7718  1673       63.0000   730                     50.0000  8496380         
   7737  1688       84.0000   649                     50.0000  8620749         
   7756  1700       84.0000   636                     50.0000  8733303         
   7776  1727       84.0000   639                     50.0000  8906655         
   7801  1722       51.9278   888                     50.0000  8890793         
   7824  1742       84.0000   571                     50.0000  8998808         
   7848  1763       85.0000   577                     50.0000  9193641         
   7865  1753       84.2761   671                     51.0000  9024596         
Elapsed time = 689.98 sec. (394763.77 ticks, tree = 30.97 MB, solutions = 0)
   7889  1765       64.0000   693                     51.0000  9220263         
   7910  1786       63.0000   754                     51.0000  9345418         
   7931  1801       82.0000   714                     51.0000  9466775         
   7956  1787    infeasible                           53.0000  9368871         
   7983  1810       84.0000   691                     53.0000  9560194         
   8008  1844       84.0000   583                     54.0000  9905416         
   8034  1839       84.0000   574                     54.0000  9778094         
   8065  1842       84.0000   533                     54.0000  9792396         
   8085  1845       84.0000   635                     54.0000  9901578         
   8115  1908    infeasible                           54.0000 10198376         
Elapsed time = 755.69 sec. (434402.10 ticks, tree = 33.92 MB, solutions = 0)
   8133  1924       84.0000   634                     54.0000 10304396         
   8155  1909       58.0000   647                     54.0000 10223177         
   8166  1915       84.0000   626                     54.0000 10279975         
   8185  1938       84.0000   612                     54.0000 10452505         
   8206  1939       84.0000   639                     54.0000 10467192         
   8224  1946    infeasible                           54.0000 10522008         
   8241  1975    infeasible                           54.0000 10866324         
   8259  1977       84.0000   572                     54.0000 10922989         
   8277  1988       85.0000   634                     56.0000 11008494         
   8299  1980       84.0000   667                     56.0000 10948334         
Elapsed time = 822.22 sec. (474967.86 ticks, tree = 35.96 MB, solutions = 0)
   8315  2023       84.0000   562                     56.0000 11373344         
   8338  2018       83.0000   611                     56.0000 11348406         
   8356  2008       84.0000   660                     56.0000 11314631         
   8371  2033       60.0000   714                     56.0000 11628016         
   8393  2021       84.0000   673                     56.0000 11471106         
   8413  2037       84.0000   668                     57.0000 11649974         
   8427  2035    infeasible                           57.0000 11662106         
   8447  2056       64.0000   673                     57.0000 11800913         
   8470  2061       64.0000   605                     58.0000 11812404         
   8491  2078       84.0000   585                     58.0000 12033075         
Elapsed time = 891.35 sec. (514737.32 ticks, tree = 38.79 MB, solutions = 0)
   8508  2096       64.0000   671                     58.0000 12221910         
   8531  2103       63.0000   705                     58.0000 12295379         
   8553  2101       84.0000   662                     58.0000 12216809         
   8578  2125    infeasible                           58.0000 12449799         
   8602  2137       84.0000   623                     58.0000 12497497         
   8633  2129       85.0000   591                     58.0000 12472214         
   8661  2154       84.0000   641                     58.0000 12763093         
   8699  2146       84.0000   538                     58.0000 12531916         
   8729  2190    infeasible                           58.0000 12944301         
   8758  2194       82.2500   698                     58.0000 12959309         
Elapsed time = 959.18 sec. (554300.36 ticks, tree = 41.02 MB, solutions = 0)
   8774  2201       84.0000   625                     58.0000 13149027         
   8793  2230       84.0000   565                     58.0000 13318626         
   8819  2230    infeasible                           58.0000 13331071         
   8843  2256    infeasible                           60.0000 13478680         
   8874  2237    infeasible                           60.0000 13441528         
   8904  2273       84.0000   669                     60.0000 13686054         
   8927  2268       63.0000   664                     60.0000 13740578         
   8954  2274       72.0000   599                     60.0000 13751498         
   8986  2279       84.0000   548                     60.0000 13767621         
   9022  2291       68.0000   529                     60.0000 13889296         
Elapsed time = 1027.57 sec. (593516.57 ticks, tree = 43.90 MB, solutions = 0)
   9061  2307       68.0000   486                     61.0000 13896937         
   9098  2346       84.0000   492                     61.0000 14240622         
   9138  2392    infeasible                           61.0000 14430119         
   9164  2361       84.3147   642                     61.0000 14266294         
   9200  2345       84.0000   689                     61.0000 14331497         
   9235  2410       84.0000   637                     61.0000 14407929         
   9271  2487       83.0000   660                     61.0000 14858047         
   9306  2479       84.0000   450                     62.0000 14810136         
   9337  2529       84.0000   532                     62.0000 15128147         
   9371  2529       68.0000   724                     62.0000 15204824         
Elapsed time = 1098.93 sec. (632897.69 ticks, tree = 51.01 MB, solutions = 0)
   9400  2538       84.0000   560                     62.0000 15158911         
   9429  2542    infeasible                           62.0000 15170760         
   9456  2548    infeasible                           62.0000 15326119         
   9485  2549       65.0000   669                     62.0000 15338454         
   9513  2558       71.0000   715                     62.0000 15557279         
   9542  2564       69.5000   716                     62.0000 15628515         
   9572  2592       64.0000   651                     62.0000 15837814         
   9599  2626       84.0000   636                     62.0000 16144591         
   9623  2603       84.0000   599                     62.0000 15812080         
   9648  2599       73.5000   688                     62.0000 15959807         
Elapsed time = 1168.29 sec. (672350.13 ticks, tree = 53.51 MB, solutions = 0)
   9675  2620       64.0000   658                     62.0000 16014232         
   9696  2649       65.0000   676                     62.0000 16388668         
   9725  2628       63.0000   676                     63.0000 16262346         
   9758  2656       84.0000   659                     63.0000 16473274         
   9794  2691       63.0000   683                     63.0000 16824577         
   9824  2696       64.0000   558                     63.0000 16747601         
   9859  2706       84.0000   610                     63.0000 16894667         
   9887  2695       63.0000   704                     63.0000 16859092         
   9915  2748    infeasible                           63.0000 17211265         
   9950  2756       84.0000   655                     63.0000 17155941         
Elapsed time = 1233.58 sec. (711218.43 ticks, tree = 58.13 MB, solutions = 0)
   9997  2720       84.0000   672                     63.0000 17005189         
  10036  2766       63.0000   732                     63.0000 17298871         
  10075  2741       63.0000   732                     63.0000 17139964         
  10103  2822       83.0000   671                     63.0000 17572774         
  10120  2859    infeasible                           63.0000 17759277         
  10145  2825       63.0000   686                     63.0000 17594132         
  10178  2887       63.0000   721                     63.0000 17827578         
  10208  2835       63.0000   600                     63.0000 17606820         
  10237  2920       84.0000   568                     63.0000 18072743         
  10266  2940    infeasible                           63.0000 18209625         
Elapsed time = 1300.62 sec. (750474.20 ticks, tree = 63.74 MB, solutions = 0)
  10299  2934       84.0000   587                     63.0000 18154670         
  10322  2932       84.0000   545                     63.0000 18115018         
  10351  2989       63.0000   704                     63.0000 18480474         
  10382  2951       84.0000   591                     63.0000 18259003         
  10409  3016       64.0000   671                     63.0000 18613656         
  10439  3005    infeasible                           63.0000 18564693         
  10468  3022       63.0000   666                     63.0000 18635658         
  10491  3037       64.0000   664                     63.0000 18856148         
  10512  3024       84.0000   678                     63.0000 18660054         
  10528  3033    infeasible                           63.0000 18819213         
Elapsed time = 1367.46 sec. (790453.64 ticks, tree = 66.80 MB, solutions = 0)
  10545  3032    infeasible                           63.0000 18833628         
  10568  3109    infeasible                           63.0000 19405209         
  10597  3078       63.0000   741                     63.0000 19083798         
  10626  3128       84.0000   669                     63.0000 19477530         
  10661  3085       84.0000   613                     63.0000 19175523         
  10694  3122       84.0000   495                     63.0000 19372207         
  10720  3141       84.0000   634                     63.0000 19510256         
  10748  3143       84.0000   666                     63.0000 19585165         
  10773  3212       84.0000   639                     63.0000 19991392         
  10799  3213       84.0000   650                     63.0000 20004128         
Elapsed time = 1433.73 sec. (829484.18 ticks, tree = 71.81 MB, solutions = 0)
  10825  3173    infeasible                           63.0000 19750112         
  10848  3212    infeasible                           63.0000 20030820         
  10868  3250    infeasible                           63.0000 20146736         
  10881  3234       63.0000   705                     63.0000 20094702         
  10902  3258       64.0000   774                     63.0000 20242638         
  10930  3284    infeasible                           63.0000 20440392         
  10958  3303       63.0000   731                     63.0000 20625027         
  10984  3317       84.0000   719                     63.0000 20693122         
  11011  3325       73.5000   680                     63.0000 20776641         
  11038  3369       84.0000   506                     63.0000 21041876         
Elapsed time = 1501.40 sec. (868876.63 ticks, tree = 76.73 MB, solutions = 0)
  11059  3320       84.0000   665                     63.0000 20730033         
  11080  3328       84.0000   636                     63.0000 20815133         
  11108  3415       84.0000   612                     63.0000 21305665         
  11131  3346       63.0000   701                     63.0000 20886562         
  11156  3418       84.0000   719                     63.0000 21336022         
  11174  3462       64.0000   658                     63.0000 21578724         
  11201  3423    infeasible                           63.0000 21357507         
  11230  3451       63.0000   704                     63.0000 21536788         
  11256  3444       68.9412   726                     63.0000 21483931         
  11277  3458       64.0000   713                     63.0000 21555222         
Elapsed time = 1568.10 sec. (908813.35 ticks, tree = 79.44 MB, solutions = 0)
  11304  3462       64.0000   642                     63.0000 21564370         
  11326  3506       85.0000   548                     63.0000 21815283         
  11346  3483       64.0000   737                     63.0000 21753285         
  11374  3513       63.0000   718                     63.0000 21904252         
  11394  3541       63.0000   716                     63.0000 22083606         
  11417  3553       69.0000   634                     63.0000 22170016         
  11449  3595       84.0000   631                     63.0000 22455134         
  11476  3601       68.2500   666                     63.0000 22537665         
  11508  3585       63.0000   743                     63.0000 22326544         
  11539  3626       84.0000   541                     63.0000 22669803         
Elapsed time = 1635.95 sec. (948867.60 ticks, tree = 85.29 MB, solutions = 0)
  11564  3614       64.0000   755                     63.0000 22624426         
  11593  3610    infeasible                           63.0000 22592271         
  11626  3631       75.0000   740                     63.0000 22698677         
  11647  3649       63.0000   729                     63.0000 22765115         
  11670  3659       84.0000   660                     63.0000 22876661         
  11692  3715    infeasible                           63.0000 23173789         
  11709  3696       84.0000   607                     63.0000 23054033         
  11731  3734    infeasible                           63.0000 23241497         
  11749  3770       79.0000   715                     63.0000 23376031         
  11763  3797       63.0000   750                     63.0000 23577727         
Elapsed time = 1704.16 sec. (988437.82 ticks, tree = 91.25 MB, solutions = 0)
  11786  3747    infeasible                           63.0000 23355976         
  11806  3736       84.0000   572                     63.0000 23293489         
  11822  3806    infeasible                           63.0000 23664578         
  11843  3790       65.0000   706                     63.0000 23532628         
  11868  3811    infeasible                           63.0000 23765278         
  11889  3814       63.0000   749                     63.0000 23771443         
  11910  3815       64.0000   740                     63.0000 23700186         
  11936  3823       83.0000   656                     63.0000 23789915         
  11952  3861       68.0000   649                     63.0000 24194141         
  11965  3890       63.0000   756                     63.0000 24371102         
Elapsed time = 1774.47 sec. (1028089.43 ticks, tree = 94.14 MB, solutions = 0)
  11984  3906       84.0000   607                     63.0000 24453571         
  12006  3870       63.0000   765                     63.0000 24273720         
  12027  3874       63.0000   805                     63.0000 24282125         
  12047  3912       64.0000   761                     63.0000 24481980         

GUB cover cuts applied:  1030
Clique cuts applied:  2
Cover cuts applied:  447
Implied bound cuts applied:  502
Flow cuts applied:  3
Mixed integer rounding cuts applied:  417
Zero-half cuts applied:  37
Lift and project cuts applied:  1
Gomory fractional cuts applied:  41

Root node processing (before b&c):
  Real time             =    3.65 sec. (1577.05 ticks)
Parallel b&c, 8 threads:
  Real time             = 1796.37 sec. (1042897.02 ticks)
  Sync time (average)   =  123.88 sec.
  Wait time (average)   =    0.05 sec.
                          ------------
Total (root+branch&cut) = 1800.02 sec. (1044474.07 ticks)
! --------------------------------------------------------
! Problem is UNKNOWN
! CPLEX Status = AbortTimeLim
! --------------------------------------------------------
