! Solving for graph /home/truongxuanhieu/CPLEX-MIP-for-MinSpanLabeling/benchmarks/cabp/J-nos4.mtx.rnd
! Target value is set to 32
! Lower bound is set to 33
! Upper bound is set to 100
! Time limit is set to 1800
! Vertices mode is set to No hole
! Target value mode is set to Cyclic Antibandwidth
Version identifier: 22.2.0.0 | 2026-05-04 | 5dff98e58
CPXPARAM_TimeLimit                               1800
Tried aggregator 2 times.
MIP Presolve eliminated 251 rows and 253 columns.
MIP Presolve modified 19963 coefficients.
Aggregator did 791 substitutions.
Reduced MIP has 1833 rows, 11237 columns, and 33889 nonzeros.
Reduced MIP has 10296 binaries, 348 generals, 0 SOSs, and 593 indicators.
Presolve time = 0.07 sec. (45.14 ticks)
Probing time = 0.10 sec. (41.27 ticks)
Tried aggregator 2 times.
Detecting symmetries...
Aggregator did 7 substitutions.
Reduced MIP has 1826 rows, 11230 columns, and 33882 nonzeros.
Reduced MIP has 10296 binaries, 440 generals, 0 SOSs, and 593 indicators.
Presolve time = 0.05 sec. (30.29 ticks)
Probing time = 0.03 sec. (5.82 ticks)
Clique table members: 17752.
MIP emphasis: balance optimality and feasibility.
MIP search method: dynamic search.
Parallel mode: deterministic, using up to 8 threads.
Root relaxation solution time = 0.17 sec. (106.66 ticks)

        Nodes                                         Cuts/
   Node  Left     Objective  IInf  Best Integer    Best Bound    ItCnt     Gap

      0     0       64.0000   371                     64.0000      860         
      0     0       64.0000   475                   Cuts: 388     1349         
      0     0       64.0000   490                   Cuts: 352     1824         
Detecting symmetries...
      0     2       64.0000   399                     64.0000     1824         
Elapsed time = 3.96 sec. (2241.98 ticks, tree = 0.02 MB, solutions = 0)
     60    51       65.0000   404                     64.0000     9429         
     89    72       96.0000   425                     64.0000    16440         
    112   101       64.0000   409                     64.0000    29814         
    148   126       94.0000   405                     64.0000    42247         
    195   168       97.0000   369                     64.0000    50941         
    267   199       96.0000   496                     64.0000    61851         
    289   223       97.0000   430                     64.0000    71524         
    299   269    infeasible                           64.0000    92222         
    312   267       76.0000   375                     64.0000   100884         
    432   344       97.0000   359                     64.0000   138429         
Elapsed time = 10.67 sec. (5517.90 ticks, tree = 1.66 MB, solutions = 0)
    502   412    infeasible                           64.0000   175549         
    612   447       94.0000   383                     64.0000   192301         
    778   579       97.0000   426                     64.0000   234880         
    897   663       94.0000   419                     64.0000   262213         
   1012   753       96.0000   489                     64.0000   321622         
   1191   922       97.0000   453                     64.0000   380459         
   1395  1153       97.0000   420                     64.0000   446865         
   1598  1188       98.0000   446                     64.0000   460529         
   1698  1411       65.0000   361                     64.0000   545695         
   1729  1451       96.0000   439                     64.0000   583039         
Elapsed time = 30.07 sec. (15165.02 ticks, tree = 9.70 MB, solutions = 0)
   1879  1486       97.0000   400                     64.0000   625321         
   2172  1724       65.0000   317                     64.0000   695620         
   2576  1978       94.0000   463                     64.0000   783076         
   2891  2296       66.0000   327                     64.0000   868646         
   3117  2623    infeasible                           64.0000   989325         
   3171  2657       96.0000   514                     64.0000  1008056         
   3259  2675       96.0000   417                     64.0000  1040665         

Performing restart 1

Repeating presolve.
Tried aggregator 1 time.
MIP Presolve eliminated 0 rows and 84 columns.
Reduced MIP has 1826 rows, 11146 columns, and 33630 nonzeros.
Reduced MIP has 10212 binaries, 440 generals, 0 SOSs, and 593 indicators.
Presolve time = 0.02 sec. (17.13 ticks)
Tried aggregator 1 time.
Reduced MIP has 1826 rows, 11146 columns, and 33630 nonzeros.
Reduced MIP has 10212 binaries, 440 generals, 0 SOSs, and 593 indicators.
Presolve time = 0.03 sec. (23.95 ticks)
Represolve time = 0.25 sec. (107.07 ticks)
   3270     0       64.0000   600                   Cuts: 556  1084569         
   3270     0       64.0000   697                   Cuts: 482  1087574         
   3270     0       64.0000   746                   Cuts: 494  1091893         
   3270     0       64.0000   709                   Cuts: 432  1097369         
   3270     0       64.0000   784                   Cuts: 479  1102389         
   3270     2       64.0000   547                     64.0000  1102389         
   3272     3       64.0000   527                     64.0000  1103273         
   3279     7       64.0000   562                     64.0000  1111545         
Elapsed time = 76.06 sec. (40341.34 ticks, tree = 0.02 MB, solutions = 0)
   3311    24       64.0000   357                     64.0000  1115803         
   3350    57       96.0000   494                     64.0000  1133018         
   3413    92       81.0000   337                     64.0000  1144822         
   3492   174       81.0000   363                     64.0000  1161495         
   3575   239    infeasible                           64.0000  1177825         
   3597   259       64.0000   414                     64.0000  1192780         
   3628   274       64.0000   396                     64.0000  1205487         
   3654   292       96.0000   382                     64.0000  1224322         
   3765   318       70.0000   411                     64.0000  1235522         
   3862   436       77.0000   372                     64.0000  1256378         
Elapsed time = 94.07 sec. (50042.78 ticks, tree = 3.98 MB, solutions = 0)
   4056   514       66.0000   390                     64.0000  1277629         
   4208   602       83.0000   376                     64.0000  1301227         
   4343   825    infeasible                           64.0000  1355148         
   4401   947       96.0000   441                     64.0000  1396397         
   4421   952       96.0000   412                     64.0000  1416630         
   4446   954       96.0000   432                     64.0000  1436441         
   4465   957       97.0000   484                     64.0000  1453456         
   4485   978       96.0000   498                     64.0000  1497598         
   4511   989       85.0000   429                     64.0000  1523331         
   4538   995       76.0000   380                     64.0000  1536352         
Elapsed time = 113.10 sec. (59924.95 ticks, tree = 12.77 MB, solutions = 0)
   4646  1013    infeasible                           64.0000  1578856         
   4758  1028       99.0000   540                     64.0000  1584227         
   4833  1056       97.0000   467                     64.0000  1630968         
   4857  1231       98.0000   554                     64.0000  1721460         
   4883  1230       76.0000   426                     64.0000  1720194         
   4912  1259       76.0000   439                     64.0000  1767857         
   4948  1275       87.0000   453                     64.0000  1799564         
   4988  1307       93.0000   502                     64.0000  1849642         
   5063  1319       93.0000   426                     64.0000  1854587         
   5194  1347       80.0000   401                     64.0000  1876296         
Elapsed time = 133.95 sec. (69643.54 ticks, tree = 17.24 MB, solutions = 0)
   5329  1349       97.0000   405                     64.0000  1894030         
   5372  1418       99.0000   543                     64.0000  1933476         
   5393  1583    infeasible                           64.0000  1988094         
   5409  1622    infeasible                           64.0000  2038760         
   5427  1633      100.0000   602                     64.0000  2048876         
   5452  1635      100.0000   528                     64.0000  2051568         
   5469  1651       96.0000   472                     64.0000  2075733         
   5482  1665       97.0000   458                     64.0000  2107737         
   5502  1684       97.0000   454                     64.0000  2147196         
   5529  1689       97.0000   472                     64.0000  2152190         
Elapsed time = 152.98 sec. (79558.95 ticks, tree = 23.24 MB, solutions = 0)
   5557  1698    infeasible                           64.0000  2177748         
   5577  1708    infeasible                           64.0000  2218716         
   5593  1741       96.0000   540                     64.0000  2288565         
   5614  1748       96.0000   593                     64.0000  2295586         
   5632  1765      100.0000   464                     64.0000  2353034         
   5651  1754    infeasible                           64.0000  2339027         
   5682  1773       79.0000   476                     64.0000  2360212         
   5713  1768       96.0000   538                     64.0000  2382792         
   5747  1801      100.0000   512                     64.0000  2403929         
   5781  1815       96.0000   520                     64.0000  2452671         
Elapsed time = 170.97 sec. (89436.67 ticks, tree = 24.79 MB, solutions = 0)
   5815  1854       96.0000   573                     64.0000  2476837         
   5833  1857       97.0000   522                     64.0000  2480218         
   5845  1902       96.0000   608                     64.0000  2513112         
   5858  1921       76.0000   513                     64.0000  2541398         
   5876  1928       74.6667   660                     64.0000  2577122         
   5890  1939      100.0000   541                     64.0000  2603306         
   5901  1932       97.0000   550                     64.0000  2583952         
   5920  1958       96.0000   554                     64.0000  2671829         
   5941  1953       97.0000   587                     64.0000  2643587         
   5958  1962      100.0000   649                     64.0000  2689847         
Elapsed time = 189.45 sec. (99359.58 ticks, tree = 27.26 MB, solutions = 0)
   5992  1983       97.0000   490                     64.0000  2724352         
   6036  1998       97.0000   535                     64.0000  2762078         
   6075  2039       97.0000   421                     64.0000  2813093         
   6091  2003      100.0000   540                     64.0000  2782344         
   6105  2078       98.5000   628                     64.0000  2847952         
   6121  2086       96.0000   455                     64.0000  2877326         
   6128  2088       96.0000   498                     64.0000  2879915         
   6140  2096       99.0000   590                     64.0000  2913494         
   6152  2096    infeasible                           64.0000  2917311         
   6193  2112    infeasible                           64.0000  3000803         
Elapsed time = 212.99 sec. (112554.99 ticks, tree = 28.81 MB, solutions = 0)
   6229  2147       97.0000   513                     64.0000  3115834         
   6278  2180    infeasible                           64.0000  3238852         
   6386  2224       80.0000   511                     64.0000  3296349         
   6494  2298       96.0000   577                     64.0000  3404708         
   6531  2383       96.0000   473                     64.0000  3491358         
   6566  2394       97.0000   552                     64.0000  3522296         
   6596  2428       96.0000   620                     64.0000  3618542         
   6627  2447       96.0000   568                     64.0000  3684700         
   6670  2482       96.0000   568                     64.0000  3775928         
   6704  2494       96.0000   544                     64.0000  3861645         
Elapsed time = 283.22 sec. (152000.44 ticks, tree = 35.48 MB, solutions = 0)

Performing restart 2

Repeating presolve.
Tried aggregator 1 time.
MIP Presolve modified 9823 coefficients.
Reduced MIP has 1826 rows, 11146 columns, and 43547 nonzeros.
Reduced MIP has 10212 binaries, 440 generals, 0 SOSs, and 593 indicators.
Presolve time = 0.04 sec. (33.42 ticks)
Tried aggregator 1 time.
Reduced MIP has 1826 rows, 11146 columns, and 43547 nonzeros.
Reduced MIP has 10212 binaries, 440 generals, 0 SOSs, and 593 indicators.
Presolve time = 0.04 sec. (30.14 ticks)
Represolve time = 0.35 sec. (197.76 ticks)
   6707     0       65.0000   856                   Cuts: 556  3950739         
   6707     0       69.0000   814                   Cuts: 556  3955630         
   6707     0       69.0000   816                   Cuts: 556  3957763         
   6707     0       69.0000   720                   Cuts: 225  3959577         
   6707     0       69.0000   778                   Cuts: 556  3961818         
   6707     0       69.0000   742                   Cuts: 450  3964097         
   6707     0       69.4211   911                   Cuts: 556  3966894         
   6707     0       70.2343   939                   Cuts: 556  3970839         
   6707     0       71.0000   977                   Cuts: 556  3973876         
   6707     0       71.0000   909                   Cuts: 556  3977411         
   6707     0       71.0000   917                   Cuts: 556  3982297         
   6707     0       71.0000   790                   Cuts: 330  3986105         
   6707     0       71.0000   845                   Cuts: 556  3991251         
   6707     0       71.0000   803                   Cuts: 376  3995317         
   6707     0       71.0000   827                   Cuts: 556  3999833         
   6707     0       71.0000   833                   Cuts: 413  4003065         
   6707     2       71.0000   489                     71.0000  4003065         
   6716    10       71.0000   435                     71.0000  4013095         
   6742    27       96.0000   600                     71.0000  4050321         
   6765    50       96.0000   663                     71.0000  4138007         
   6795    74       96.0000   546                     71.0000  4216082         
   6826    91       97.0000   611                     71.0000  4257888         
   6873   133       96.0000   572                     71.0000  4338331         
   6926   169       96.0000   640                     71.0000  4407412         
   6981   220       98.0000   570                     71.0000  4510888         
   7023   247       90.0000   584                     71.0000  4599587         
Elapsed time = 429.34 sec. (235337.87 ticks, tree = 1.06 MB, solutions = 0)
   7059   261       98.0000   587                     71.0000  4633763         
   7095   291       96.0000   670                     71.0000  4747037         
   7115   311       81.0000   669                     71.0000  4846203         
   7135   333       96.0000   660                     71.0000  4965392         
   7159   337       96.0000   602                     71.0000  4988623         
   7179   361       96.0000   699                     71.0000  5124607         
   7201   372       96.0000   483                     71.0000  5197092         
   7221   354       71.0000   852                     71.0000  5119375         
   7241   386       96.0000   609                     71.0000  5257694         
   7261   405       78.0000   677                     71.0000  5351350         
Elapsed time = 493.11 sec. (274426.06 ticks, tree = 1.91 MB, solutions = 0)
   7285   424       75.0000   851                     71.0000  5452002         
   7308   426       96.0000   741                     71.0000  5447907         
   7332   438       96.0000   673                     71.0000  5515977         
   7358   479       97.0000   551                     71.0000  5738748         
   7386   499       96.0000   489                     71.0000  5873474         
   7414   508       99.0000   573                     71.0000  5925251         
   7446   524       98.0000   603                     71.0000  5995863         
   7489   515      100.0000   700                     71.0000  5951146         
   7526   552       96.0000   705                     71.0000  6131164         
   7559   615       96.0000   501                     71.0000  6314349         
Elapsed time = 563.77 sec. (314686.94 ticks, tree = 5.95 MB, solutions = 0)
   7603   574    infeasible                           71.0000  6216941         
   7643   645       97.0000   669                     71.0000  6429617         
   7684   666    infeasible                           71.0000  6496464         
   7719   649       96.0000   741                     71.0000  6460033         
   7742   680       96.0000   742                     71.0000  6569745         
   7766   710    infeasible                           71.0000  6712258         
   7786   743       97.0000   637                     71.0000  6887611         
   7810   764       99.0000   589                     71.0000  7024397         
   7838   756       96.0000   682                     71.0000  6944539         
   7880   795       96.0000   669                     71.0000  7203927         
Elapsed time = 630.07 sec. (354519.43 ticks, tree = 10.81 MB, solutions = 0)
   7915   813       97.0000   502                     71.0000  7280288         
   7955   832       96.0000   658                     71.0000  7314606         
   7986   823       89.0000   695                     71.0000  7341943         
   8019   900       96.0000   531                     71.0000  7618726         
   8054   906       96.0000   598                     71.0000  7632517         
   8099   926       98.0000   634                     71.0000  7756166         
   8136   932       96.0000   614                     71.0000  7804515         
   8180   935       97.0000   667                     71.0000  7815933         
   8220  1005    infeasible                           71.0000  8171132         
   8252  1030       98.0000   472                     71.0000  8235847         
Elapsed time = 696.48 sec. (393763.03 ticks, tree = 17.11 MB, solutions = 0)
   8296  1081       97.0000   630                     71.0000  8449253         
   8331  1095       98.0000   669                     71.0000  8561585         
   8359  1064       96.0000   674                     71.0000  8391060         
   8396  1099    infeasible                           71.0000  8579583         
   8427  1161      100.0000   607                     73.0000  8867220         
   8475  1173       99.0000   657                     73.0000  8908094         
   8515  1194       75.0000   762                     73.0000  9039974         
   8547  1182       99.0000   646                     73.0000  8937042         
   8587  1215       75.0000   846                     74.0000  9192852         
   8621  1219       96.0000   672                     74.0000  9206123         
Elapsed time = 765.84 sec. (433070.52 ticks, tree = 22.55 MB, solutions = 0)
   8653  1296       96.0000   582                     74.0000  9567847         
   8688  1268       97.0000   640                     74.0000  9454699         
   8714  1347      100.0000   334                     74.0000  9725977         
   8734  1357    infeasible                           74.0000  9801664         
   8754  1384    infeasible                           75.0000  9982127         
   8775  1388       82.0000   898                     75.0000 10052668         
   8795  1416       98.0000   692                     75.0000 10267343         
   8816  1415       97.0000   549                     75.0000 10188730         
   8835  1421       97.0000   548                     75.0000 10200756         
   8860  1416    infeasible                           75.0000 10308696         
Elapsed time = 836.97 sec. (473551.69 ticks, tree = 28.57 MB, solutions = 0)
   8891  1455    infeasible                           75.0000 10636142         
   8916  1460       96.0000   627                     75.0000 10649455         
   8930  1476    infeasible                           75.0000 10819510         
   8954  1476       95.0000   824                     77.0000 10829197         
   8973  1502       91.0000   747                     77.0000 10929742         
   8991  1516       98.0000   677                     77.0000 11077614         
   9015  1512      100.0000   622                     77.0000 11011800         
   9042  1521       97.0000   771                     77.0000 11168443         
   9070  1540    infeasible                           77.0000 11336847         
   9096  1532       99.0000   699                     77.0000 11263442         
Elapsed time = 907.30 sec. (513274.24 ticks, tree = 31.96 MB, solutions = 0)
   9131  1565      100.0000   653                     77.0000 11419525         
   9153  1572       97.0000   612                     81.0000 11451013         
   9181  1598       97.0000   652                     81.0000 11718796         
   9203  1573    infeasible                           81.0000 11509730         
   9224  1637       99.0000   654                     81.0000 11882389         
   9245  1655    infeasible                           81.0000 12073164         
   9268  1687       96.0000   652                     81.0000 12219502         
   9289  1643       99.0000   751                     81.0000 12029834         
   9313  1665       98.0000   628                     81.0000 12158523         
   9331  1711      100.0000   675                     81.0000 12367962         
Elapsed time = 977.38 sec. (553314.42 ticks, tree = 37.60 MB, solutions = 0)
   9346  1706       99.0000   623                     81.0000 12354622         
   9370  1713    infeasible                           81.0000 12400708         
   9386  1713       98.0000   608                     81.0000 12524869         
   9400  1724       97.0000   714                     81.0000 12602589         
   9415  1735       99.0000   670                     81.0000 12723879         
   9427  1770       96.0000   530                     81.0000 13029191         
   9445  1776       97.0000   603                     81.0000 13089392         
   9466  1763       99.0000   605                     81.0000 13009175         
   9488  1800       97.0000   664                     81.0000 13352838         
   9502  1779       97.0000   696                     81.0000 13138926         
Elapsed time = 1047.08 sec. (593897.08 ticks, tree = 38.96 MB, solutions = 0)
   9522  1802       98.0000   677                     81.0000 13337909         
   9537  1813       96.0000   740                     81.0000 13594948         
   9556  1851       97.0000   679                     81.0000 13889756         
   9578  1860       98.0000   653                     81.0000 13926043         
   9603  1844    infeasible                           81.0000 13862979         
   9629  1833    infeasible                           81.0000 13802152         
   9650  1895       97.0000   681                     81.0000 14157987         
   9675  1889       99.0000   772                     81.0000 14101086         
   9692  1888       97.0000   723                     81.0000 14088541         
   9712  1897       87.0000   809                     81.0000 14204901         
Elapsed time = 1114.36 sec. (632608.39 ticks, tree = 40.09 MB, solutions = 0)
   9730  1944       97.0000   681                     82.0000 14430027         
   9758  1939    infeasible                           82.0000 14392738         
   9788  1969       96.0000   731                     82.0000 14655872         
   9814  1948       98.0000   658                     82.0000 14397196         
   9851  1954    infeasible                           82.0000 14541974         
   9877  2003       98.0000   792                     82.0000 14808679         
   9902  2042       98.0000   646                     82.0000 15057388         
   9922  1982    infeasible                           82.0000 14793440         
   9945  2009       96.0000   631                     82.0000 14852851         
   9969  2075    infeasible                           84.0000 15352989         
Elapsed time = 1185.22 sec. (671698.74 ticks, tree = 46.25 MB, solutions = 0)
   9989  2030    infeasible                           84.0000 15054984         
  10007  2116    infeasible                           84.0000 15730749         
  10024  2072       96.0000   724                     84.0000 15336390         
  10043  2125       96.0000   750                     84.0000 15807345         
  10067  2105       96.0000   639                     84.0000 15624244         
  10092  2139       98.0000   739                     84.0000 15935474         
  10111  2150       96.0000   692                     85.0000 16041582         
  10133  2182    infeasible                           85.0000 16225272         
  10159  2197       99.0000   629                     85.0000 16273703         
  10184  2203       96.0000   803                     85.0000 16373643         
Elapsed time = 1255.48 sec. (711260.34 ticks, tree = 50.41 MB, solutions = 0)
  10210  2159       96.0000   661                     85.0000 16077945         
  10237  2182       96.0000   810                     85.0000 16280423         
  10255  2234       96.0000   664                     85.0000 16547678         
  10287  2205       96.0000   735                     85.0000 16382615         
  10309  2252       97.0000   662                     85.0000 16904151         
  10328  2249       96.0000   608                     85.0000 16777596         
  10348  2280       91.0000   715                     88.0000 17110082         
  10373  2276       99.0000   594                     88.0000 17057958         
  10400  2309    infeasible                           88.0000 17302589         
  10419  2302      100.0000   696                     88.0000 17270867         
Elapsed time = 1327.17 sec. (752364.83 ticks, tree = 54.23 MB, solutions = 0)
  10438  2309    infeasible                           88.0000 17326761         
  10457  2320       97.0000   701                     89.0000 17400276         
  10480  2321       97.0000   669                     89.0000 17416962         
  10500  2369       96.0000   580                     89.0000 17675353         
  10522  2382       97.0000   699                     89.0000 17805763         
  10545  2385       97.0000   673                     89.0000 17816675         
  10561  2387       98.0000   651                     89.0000 17833272         
  10575  2365       99.0000   664                     90.0000 17689021         
  10599  2403       97.0000   649                     90.0000 18028899         
  10618  2407       96.0000   741                     90.0000 18109523         
Elapsed time = 1395.46 sec. (791245.36 ticks, tree = 57.79 MB, solutions = 0)
  10636  2425    infeasible                           90.0000 18336112         
  10657  2425       96.0000   786                     90.0000 18346769         
  10680  2424       96.0000   735                     90.0000 18354957         
  10702  2450    infeasible                           90.0000 18539278         
  10721  2450    infeasible                           90.0000 18549175         
  10743  2431       99.0000   714                     90.0000 18380473         
  10767  2466    infeasible                           90.0000 18674336         
  10786  2481    infeasible                           91.0000 18744339         
  10806  2471       99.0000   684                     91.0000 18690270         
  10829  2514    infeasible                           91.0000 19040147         
Elapsed time = 1462.57 sec. (830920.13 ticks, tree = 61.40 MB, solutions = 0)
  10849  2484       96.0000   696                     91.0000 18808178         
  10870  2533    infeasible                           91.0000 19184923         
  10888  2507      100.0000   659                     91.0000 18996301         
  10908  2516    infeasible                           91.0000 19111262         
  10930  2526       91.0000   772                     91.0000 19149382         
  10961  2575    infeasible                           91.0000 19412919         
  10983  2594       97.0000   718                     91.0000 19754493         
  11012  2593    infeasible                           91.0000 19713376         
  11035  2585       91.0000   691                     91.0000 19575580         
  11055  2598       97.0000   667                     91.0000 19736573         
Elapsed time = 1531.37 sec. (870739.93 ticks, tree = 64.37 MB, solutions = 0)
  11079  2622       96.0000   736                     91.0000 20036325         
  11096  2637       97.0000   671                     91.0000 20264777         
  11119  2617       98.0000   678                     91.0000 19966958         
  11141  2600       97.0000   672                     91.0000 19906709         
  11159  2671       98.0000   609                     91.0000 20605890         
  11183  2649       91.0000   686                     91.0000 20370450         
  11211  2677    infeasible                           91.0000 20672381         
  11234  2673    infeasible                           91.0000 20643164         
  11260  2658       91.0000   677                     91.0000 20557810         
  11281  2691    infeasible                           91.0000 20798119         
Elapsed time = 1599.69 sec. (909716.29 ticks, tree = 67.51 MB, solutions = 0)
  11304  2704       97.0000   684                     91.0000 20871047         
  11327  2692    infeasible                           91.0000 20819887         
  11350  2704       91.0000   717                     91.0000 20936951         
  11371  2703       97.0000   745                     91.0000 20909455         
  11389  2746       96.0000   663                     91.0000 21442647         
  11410  2735       98.0000   659                     91.0000 21291117         
  11431  2746    infeasible                           91.0000 21394251         
  11457  2747       97.0000   714                     91.0000 21405952         
  11482  2766       97.0000   605                     91.0000 21619618         
  11505  2783    infeasible                           91.0000 21976578         
Elapsed time = 1672.54 sec. (949964.84 ticks, tree = 70.78 MB, solutions = 0)
  11524  2782       97.0000   663                     91.0000 21753267         
  11546  2781       99.3333   773                     91.0000 21912939         
  11566  2825       97.0000   657                     91.0000 22264133         
  11581  2826       96.2238   735                     91.0000 22332732         
  11598  2818       98.0000   634                     91.0000 22203384         
  11615  2821       99.0000   737                     91.0000 22212273         
  11637  2876       97.0000   643                     91.0000 22692749         
  11653  2841       96.0000   602                     91.0000 22522981         
  11678  2837    infeasible                           91.0000 22491272         
  11696  2859    infeasible                           91.0000 22606172         
Elapsed time = 1739.91 sec. (991194.62 ticks, tree = 73.65 MB, solutions = 0)
  11710  2838    infeasible                           91.0000 22513563         
  11728  2911       96.0000   795                     91.0000 22948127         
  11746  2889      100.0000   661                     91.0000 22800012         
  11765  2921       98.0000   637                     91.0000 22915030         
  11784  2922    infeasible                           91.0000 22926331         
  11803  2923       96.0000   710                     91.0000 23214580         
  11824  2925       96.0000   665                     91.0000 23228030         
  11847  2927       98.0000   607                     91.0000 23330582         
  11865  2927    infeasible                           91.0000 23171324         

GUB cover cuts applied:  932
Clique cuts applied:  1
Cover cuts applied:  271
Implied bound cuts applied:  577
Flow cuts applied:  3
Mixed integer rounding cuts applied:  388
Zero-half cuts applied:  51
Gomory fractional cuts applied:  7

Root node processing (before b&c):
  Real time             =    3.92 sec. (2230.24 ticks)
Parallel b&c, 8 threads:
  Real time             = 1796.09 sec. (1027570.16 ticks)
  Sync time (average)   =  142.40 sec.
  Wait time (average)   =    0.05 sec.
                          ------------
Total (root+branch&cut) = 1800.02 sec. (1029800.40 ticks)
! --------------------------------------------------------
! Problem is UNKNOWN
! CPLEX Status = AbortTimeLim
! --------------------------------------------------------
