! Solving for graph /home/truongxuanhieu/CPLEX-MIP-for-MinSpanLabeling/benchmarks/cabp/K-dwt__234.mtx.rnd
! Target value is set to 46
! Lower bound is set to 47
! Upper bound is set to 117
! Time limit is set to 1800
! Vertices mode is set to No hole
! Target value mode is set to Cyclic Antibandwidth
Version identifier: 22.2.0.0 | 2026-05-04 | 5dff98e58
CPXPARAM_TimeLimit                               1800
Tried aggregator 2 times.
MIP Presolve eliminated 166 rows and 295 columns.
MIP Presolve modified 27353 coefficients.
Aggregator did 672 substitutions.
Reduced MIP has 1510 rows, 14629 columns, and 43952 nonzeros.
Reduced MIP has 13909 binaries, 280 generals, 0 SOSs, and 440 indicators.
Presolve time = 0.07 sec. (53.59 ticks)
Probing time = 0.14 sec. (53.16 ticks)
Tried aggregator 2 times.
Detecting symmetries...
Aggregator did 8 substitutions.
Reduced MIP has 1502 rows, 14621 columns, and 43944 nonzeros.
Reduced MIP has 13909 binaries, 388 generals, 0 SOSs, and 440 indicators.
Presolve time = 0.05 sec. (37.51 ticks)
Probing time = 0.03 sec. (6.27 ticks)
Clique table members: 19859.
MIP emphasis: balance optimality and feasibility.
MIP search method: dynamic search.
Parallel mode: deterministic, using up to 8 threads.
Root relaxation solution time = 0.39 sec. (246.75 ticks)

        Nodes                                         Cuts/
   Node  Left     Objective  IInf  Best Integer    Best Bound    ItCnt     Gap

      0     0       92.0000   507                     92.0000        9         
      0     0       92.0000   405                   Cuts: 107      257         
      0     0       92.0000   472                   Cuts: 475     1672         
      0     0       92.0000   432                   Cuts: 171     2231         
      0     0       92.0000   440                   Cuts: 393     3539         
Detecting symmetries...
      0     2       92.0000   383                     92.0000     3539         
Elapsed time = 10.41 sec. (4966.56 ticks, tree = 0.02 MB, solutions = 0)
      1     3       92.0000   461                     92.0000     5844         
      4     6       92.0000   372                     92.0000     7044         
     13    14       92.0000   364                     92.0000    14892         
     31    26       92.0000   443                     92.0000    20103         
     60    41       92.0000   410                     92.0000    24402         
     88    67      100.0000   382                     92.0000    31952         
    113    85       92.0000   483                     92.0000    39036         
    144   118      111.0000   342                     92.0000    51165         
    154   134      112.0000   436                     92.0000    58919         
    221   160       92.0000   350                     92.0000    81948         
Elapsed time = 16.87 sec. (8353.95 ticks, tree = 0.79 MB, solutions = 0)
    333   240      115.0000   477                     92.0000   133022         
    386   307       93.0000   405                     92.0000   183568         
    447   317       93.0000   367                     92.0000   217154         
    509   354      114.0000   439                     92.0000   248278         
    549   395      111.0000   371                     92.0000   283647         
    581   411      105.0000   375                     92.0000   298536         
    647   437      114.0000   367                     92.0000   351774         
    776   467      117.0000   439                     92.0000   369504         
    886   578      113.0000   387                     92.0000   438897         
    930   660      110.0000   427                     92.0000   474778         
Elapsed time = 36.77 sec. (18103.21 ticks, tree = 6.69 MB, solutions = 0)
    984   667      110.0000   365                     92.0000   476770         
   1087   705      108.0000   355                     92.0000   538828         
   1207   741      116.0000   433                     92.0000   565219         
   1335   858      113.0000   363                     92.0000   608847         
   1441   951       93.0000   346                     92.0000   641344         
   1487  1065      105.0000   390                     92.0000   694820         
   1545  1084      102.0000   342                     92.0000   706250         
   1637  1114      116.0000   426                     92.0000   753553         
   1750  1149      116.0000   436                     92.0000   766276         
   1894  1314      114.0000   433                     92.0000   843568         
Elapsed time = 56.04 sec. (27834.14 ticks, tree = 21.97 MB, solutions = 0)
   1985  1378    infeasible                           92.0000   878496         
   2029  1430      115.5000   521                     92.0000   911458         
   2116  1472       93.0000   356                     92.0000   946949         
   2238  1546      116.0000   413                     92.0000   976966         
   2312  1560       94.0000   411                     92.0000   993922         
   2423  1632      113.0000   379                     92.0000  1020061         
   2574  1728      113.0000   348                     92.0000  1071644         
   2695  1804       93.0000   374                     92.0000  1113913         
   2742  1916       92.0000   385                     92.0000  1139155         
   2779  1986      105.0000   337                     92.0000  1165936         
Elapsed time = 76.16 sec. (37496.38 ticks, tree = 38.75 MB, solutions = 0)
   2861  1989       92.0000   390                     92.0000  1202199         
   2928  2014       98.2500   585                     92.0000  1230763         
   3065  2044      117.0000   480                     92.0000  1246687         
   3151  2119      116.0000   390                     92.0000  1263827         
   3252  2275       98.0000   326                     92.0000  1341604         
   3318  2320      102.0000   353                     92.0000  1366092         

Performing restart 1

Repeating presolve.
Tried aggregator 1 time.
MIP Presolve eliminated 0 rows and 297 columns.
Reduced MIP has 1502 rows, 14324 columns, and 43053 nonzeros.
Reduced MIP has 13612 binaries, 388 generals, 0 SOSs, and 440 indicators.
Presolve time = 0.03 sec. (20.53 ticks)
Tried aggregator 1 time.
Reduced MIP has 1502 rows, 14324 columns, and 43053 nonzeros.
Reduced MIP has 13612 binaries, 388 generals, 0 SOSs, and 440 indicators.
Presolve time = 0.04 sec. (29.02 ticks)
Represolve time = 0.33 sec. (136.00 ticks)
   3336     0       92.0000   657                   Cuts: 422  1436195         
   3336     0       92.0000   575                   Cuts: 251  1440376         
   3336     0       92.0000   708                   Cuts: 332  1444701         
   3336     0       92.0000   636                   Cuts: 226  1448748         
   3336     0       92.0000   684                   Cuts: 359  1452716         
   3336     0       92.0000   667                   Cuts: 233  1456964         
   3336     0       92.0000   636                   Cuts: 378  1461785         
   3336     0       92.0000   676                   Cuts: 334  1467235         
   3336     2       92.0000   525                     92.0000  1467235         
   3337     3       92.0000   504                     92.0000  1474784         
   3339     5       92.0000   397                     92.0000  1478265         
   3342     8       92.0000   427                     92.0000  1485956         
Elapsed time = 160.99 sec. (82422.10 ticks, tree = 0.03 MB, solutions = 0)
   3349    13       92.0000   532                     92.0000  1490763         
   3357    14       92.0000   438                     92.0000  1492703         
   3369    19       93.0000   495                     92.0000  1498437         
   3383    37       94.0000   421                     92.0000  1515751         
   3402    54       92.0000   405                     92.0000  1532721         
   3446    65       93.0000   406                     92.0000  1536654         
   3492   119       92.1667   585                     92.0000  1562206         
   3549   169      100.8704   579                     92.0000  1579888         
   3618   179       94.0000   408                     92.0000  1590603         
   3704   215      110.9565   573                     92.0000  1595760         
Elapsed time = 178.63 sec. (92375.96 ticks, tree = 2.10 MB, solutions = 0)
   3797   336       93.0000   382                     92.0000  1650712         
   3911   316      109.0000   417                     92.0000  1645057         
   4029   540      111.0000   286                     92.0000  1727124         
   4210   581      115.0000   347                     92.0000  1742804         
   4384   760      104.0769   453                     92.0000  1808415         
   4621   861       97.0000   346                     92.0000  1849195         
   4816   852      115.0000   366                     92.0000  1848255         
   4915  1022    infeasible                           92.0000  1921455         
   4929  1176      113.5000   547                     92.0000  1984702         
   4938  1230      113.5000   565                     92.0000  2011556         
Elapsed time = 198.27 sec. (102204.07 ticks, tree = 18.42 MB, solutions = 0)
   4949  1225      113.5000   596                     92.0000  2021984         
   4960  1264      111.5000   671                     92.0000  2048936         
   4973  1268       93.0000   690                     92.0000  2074129         
   4985  1281      113.5000   553                     92.0000  2118314         
   4999  1293      114.0000   443                     92.0000  2176211         
   5019  1284       98.0000   500                     92.0000  2169858         
   5042  1308      113.5000   568                     92.0000  2239323         
   5063  1311       98.0000   486                     92.0000  2241409         
   5081  1344      106.0000   437                     92.0000  2291694         
   5102  1349    infeasible                           92.0000  2308393         
Elapsed time = 220.47 sec. (112460.02 ticks, tree = 20.63 MB, solutions = 0)
   5124  1370      114.0000   377                     92.0000  2339876         
   5138  1368      101.0000   517                     92.0000  2369387         
   5150  1383      113.0000   537                     92.0000  2386530         
   5157  1387      116.0000   559                     92.0000  2410602         
   5163  1378       93.0000   480                     92.0000  2386485         
   5175  1388       93.0000   481                     92.0000  2424043         
   5183  1392       93.0448   719                     92.0000  2500992         
   5190  1395       93.0000   580                     92.0000  2500773         
   5199  1404    infeasible                           92.0000  2595072         
   5209  1406      109.0000   488                     92.0000  2598325         
Elapsed time = 240.39 sec. (123047.24 ticks, tree = 21.65 MB, solutions = 0)
   5225  1411      115.0000   517                     92.0000  2618942         
   5240  1426      115.0000   456                     92.0000  2690656         
   5257  1427      113.0000   458                     92.0000  2706137         
   5274  1441      116.0000   454                     92.0000  2732759         
   5295  1468      116.0000   437                     92.0000  2808098         
   5319  1466      117.0000   521                     92.0000  2821686         
   5353  1482      116.0000   378                     92.0000  2878588         
   5383  1486    infeasible                           92.0000  2885475         
   5411  1500      116.0000   446                     92.0000  2899071         
   5449  1545      110.0000   465                     92.0000  3062444         
Elapsed time = 267.69 sec. (135929.64 ticks, tree = 24.70 MB, solutions = 0)
   5490  1578    infeasible                           92.0000  3171652         
   5530  1603      115.7500   609                     92.0000  3280733         
   5555  1606      110.0000   608                     92.0000  3380384         
   5582  1623      113.5000   618                     92.0000  3478919         
   5621  1647      115.0000   508                     92.0000  3650691         
   5655  1662       95.0000   623                     92.0000  3764949         
   5684  1676       93.0000   550                     92.0000  3793062         
   5718  1695       93.0000   461                     92.0000  3859988         
   5747  1692      114.5000   663                     92.0000  3886908         
   5785  1746      109.0000   456                     92.0000  4193918         
Elapsed time = 342.02 sec. (175319.77 ticks, tree = 29.55 MB, solutions = 0)
   5850  1783      115.0000   435                     92.0000  4232319         
   5952  1787      104.0000   459                     92.0000  4385105         
   6011  1839      116.0000   526                     92.0000  4462889         
   6029  1921    infeasible                           92.0000  4634608         
   6059  1937      117.0000   467                     92.0000  4732255         
   6096  1929       93.0000   665                     92.0000  4721896         
   6141  1998       96.5000   752                     92.0000  4954322         
   6177  1997      100.0000   657                     92.0000  5000489         
   6218  2037      117.0000   612                     92.0000  5151838         
   6240  2090    infeasible                           92.0000  5336380         
Elapsed time = 414.27 sec. (215057.46 ticks, tree = 38.30 MB, solutions = 0)
   6265  2102      116.0000   603                     92.0000  5417081         
   6292  2106      108.0000   472                     92.0000  5449656         
   6320  2116       93.0000   655                     92.0000  5556995         
   6358  2133      115.0000   619                     92.0000  5613225         
   6399  2187      115.0000   377                     92.0000  5821837         
   6486  2223      111.3333   615                     92.0000  5905947         
   6565  2216      110.0000   472                     92.0000  5947821         
   6606  2226      116.0000   537                     92.0000  6043775         
   6622  2273    infeasible                           92.0000  6149404         
   6631  2236       92.0000   711                     92.0000  5946234         
Elapsed time = 486.50 sec. (254247.99 ticks, tree = 42.17 MB, solutions = 0)
   6640  2339      112.5000   710                     92.0000  6319304         
   6659  2344      108.0000   503                     92.0000  6332867         
   6695  2388       93.0678   791                     92.0000  6561697         
   6722  2402      114.0000   443                     92.0000  6604966         
   6753  2450       97.0000   449                     92.0000  6772592         
   6781  2459    infeasible                           92.0000  6795710         
   6803  2465      116.0000   477                     92.0000  6812759         
   6822  2468       92.6316   819                     92.0000  6863740         
   6837  2515    infeasible                           92.0000  6975799         
   6840  2516       92.2094   855                     92.0000  6990557         
Elapsed time = 551.71 sec. (296715.86 ticks, tree = 50.24 MB, solutions = 0)

Performing restart 2

Repeating presolve.
Tried aggregator 1 time.
MIP Presolve modified 13283 coefficients.
Reduced MIP has 1502 rows, 14324 columns, and 56428 nonzeros.
Reduced MIP has 13612 binaries, 388 generals, 0 SOSs, and 440 indicators.
Presolve time = 0.05 sec. (39.44 ticks)
Tried aggregator 1 time.
Reduced MIP has 1502 rows, 14324 columns, and 56428 nonzeros.
Reduced MIP has 13612 binaries, 388 generals, 0 SOSs, and 440 indicators.
Presolve time = 0.06 sec. (36.90 ticks)
Represolve time = 0.46 sec. (249.22 ticks)
   6841     0       93.0000   692                   Cuts: 271  7182118         
   6841     0       93.0000   793                   Cuts: 475  7186317         
   6841     0       93.0000   784                   Cuts: 299  7189347         
   6841     0       93.0000   793                   Cuts: 475  7193465         
   6841     0       93.0000   710                   Cuts: 199  7197525         
   6841     0       93.0000   717                   Cuts: 475  7202158         
   6841     0       93.0000   710                   Cuts: 210  7205185         
   6841     0       93.0000   747                   Cuts: 475  7207747         
   6841     0       93.0000   750                   Cuts: 252  7211014         
   6841     0       93.0000   706                   Cuts: 309  7214004         
   6841     0       93.0000   814                   Cuts: 475  7217039         
   6841     2       93.0000   490                     93.0000  7217039         
   6844     5       93.0000   531                     93.0000  7228669         
   6857     6       93.0000   451                     93.0000  7231694         
   6909    41       93.0000   412                     93.0000  7271452         
   7026   126      116.0000   432                     93.0000  7328629         
   7089   169       94.0000   403                     93.0000  7381112         
   7156   213      116.0000   541                     93.0000  7477178         
   7232   286    infeasible                           93.0000  7633663         
   7309   339    infeasible                           93.0000  7771717         
   7362   355       97.0000   704                     93.0000  7838938         
Elapsed time = 695.83 sec. (384748.08 ticks, tree = 5.09 MB, solutions = 0)
   7374   366       93.0000   727                     93.0000  7918393         
   7412   383       93.0000   615                     93.0000  8051601         
   7450   393      112.0000   510                     93.0000  8138217         
   7498   444      114.0000   401                     93.0000  8317361         
   7561   471      110.6000   685                     93.0000  8420823         
   7636   517      115.0000   380                     93.0000  8457225         
   7684   571      103.8235   686                     93.0000  8668099         
   7706   586      116.0000   504                     93.0000  8767307         
   7733   591      113.0000   578                     93.0000  8888739         
   7760   603      115.3333   629                     93.0000  8951000         
Elapsed time = 767.48 sec. (424002.06 ticks, tree = 10.46 MB, solutions = 0)
   7785   637      114.5000   619                     93.0000  9099773         
   7830   630      112.3704   725                     93.0000  9087748         
   7890   676      111.0000   540                     93.0000  9285808         
   7933   695      115.0000   449                     93.0000  9274525         
   7976   772      115.0000   416                     93.0000  9425119         
   8008   782      116.0000   461                     93.0000  9441897         
   8046   811      103.5000   803                     93.0000  9628846         
   8078   835      102.0000   665                     93.0000  9696736         
   8096   837      107.0000   696                     93.0000  9739681         
   8118   888      103.5000   812                     93.0000  9902150         
Elapsed time = 836.88 sec. (463466.18 ticks, tree = 18.03 MB, solutions = 0)
   8140   893      104.0000   569                     93.0000  9912838         
   8160   903       94.8091   858                     93.0000  9976999         
   8196   922      105.1579   709                     93.0000 10139916         
   8228   932      117.0000   634                     93.0000 10224688         
   8256   992      117.0000   294                     93.0000 10433550         
   8290   955      114.3333   743                     93.0000 10407316         
   8306   987       99.0000   603                     93.0000 10479084         
   8326   988      110.4000   687                     93.0000 10540986         
   8352  1064      117.0000   530                     93.0000 10768890         
   8381  1051    infeasible                           93.0000 10698997         
Elapsed time = 912.39 sec. (504037.81 ticks, tree = 22.55 MB, solutions = 0)
   8399  1057      115.0000   694                     93.0000 10758083         
   8433  1073      111.6667   724                     93.0000 10888607         
   8467  1109      114.0000   445                     93.0000 11015781         
   8501  1143      116.0000   422                     93.0000 11209332         
   8543  1166      117.0000   605                     93.0000 11358429         
   8573  1166    infeasible                           93.0000 11370889         
   8594  1168      115.0000   565                     93.0000 11347903         
   8611  1193      111.0000   572                     93.0000 11483865         
   8628  1197      114.3333   738                     93.0000 11498933         
   8646  1225      101.2201   810                     93.0000 11699278         
Elapsed time = 984.14 sec. (543331.72 ticks, tree = 27.10 MB, solutions = 0)
   8676  1293      116.0000   562                     93.0000 11866607         
   8711  1292      116.0000   516                     93.0000 11860766         
   8732  1314       93.0000   638                     93.0000 12074675         
   8753  1324      116.0000   657                     93.0000 12215313         
   8776  1327      117.0000   601                     93.0000 12157470         
   8793  1356      101.2000   807                     93.0000 12404506         
   8813  1349    infeasible                           93.0000 12355045         
   8826  1362       93.0000   815                     93.0000 12477241         
   8839  1376      116.0000   612                     93.0000 12550405         
   8855  1391      112.0000   732                     93.0000 12670724         
Elapsed time = 1053.07 sec. (583295.30 ticks, tree = 31.45 MB, solutions = 0)
   8875  1404       93.4025   909                     93.0000 12788267         
   8895  1409      114.7500   693                     93.0000 12853349         
   8908  1437      115.0000   654                     93.0000 13063139         
   8927  1439    infeasible                           93.0000 13098480         
   8955  1458      117.0000   412                     93.0000 13155886         
   8980  1456      103.5000   816                     93.0000 13188206         
   8999  1482      116.0000   630                     93.0000 13337449         
   9015  1498      101.7701   818                     93.0000 13562548         
   9031  1487    infeasible                           93.0000 13399556         
   9046  1509      116.0000   641                     93.0000 13688485         
Elapsed time = 1121.95 sec. (623895.02 ticks, tree = 34.81 MB, solutions = 0)
   9060  1506      117.0000   593                     93.0000 13629232         
   9071  1537      115.0000   593                     93.0000 13878992         
   9088  1513    infeasible                           93.0000 13753953         
   9093  1528      115.5000   791                     93.0000 13861435         
   9103  1545       99.4130   832                     93.0000 14107105         
   9112  1544      117.0000   567                     93.0000 14043979         
   9132  1552      115.0000   710                     93.0000 14168220         
   9149  1560      115.0000   613                     93.0000 14227492         
   9166  1583      116.0161   684                     93.0000 14599670         
   9196  1589      117.0000   408                     93.0000 14558411         
Elapsed time = 1190.13 sec. (664680.31 ticks, tree = 37.20 MB, solutions = 0)
   9231  1575    infeasible                           93.0000 14528519         
   9241  1589      116.0000   621                     93.0000 14707656         
   9252  1595      108.0000   647                     93.0000 14832775         
   9260  1609      104.0000   758                     93.0000 15009183         
   9273  1611      112.0000   545                     93.0000 14965189         
   9284  1597    infeasible                           93.0000 14864159         
   9296  1634      115.0000   582                     93.0000 15222424         
   9313  1638      115.0000   508                     93.0000 15235604         
   9333  1667      108.0000   674                     93.0000 15376581         
   9352  1663      103.4913   846                     93.0000 15342022         
Elapsed time = 1256.69 sec. (705763.76 ticks, tree = 39.59 MB, solutions = 0)
   9372  1700    infeasible                           93.0000 15549263         
   9393  1705      113.7500   737                     93.0000 15581483         
   9413  1730      101.7917   855                     93.0000 15754798         
   9433  1721      117.0000   502                     93.0000 15643546         
   9449  1733      117.0000   721                     93.0000 15774584         
   9475  1766      114.0000   440                     93.0000 15974090         
   9503  1735    infeasible                           93.0000 15800162         
   9533  1811      116.0000   642                     93.0000 16230616         
   9555  1805      117.0000   442                     93.0000 16066410         
   9586  1814      117.0000   433                     93.0000 16081073         
Elapsed time = 1323.89 sec. (744919.26 ticks, tree = 44.06 MB, solutions = 0)
   9615  1808    infeasible                           93.0000 16267790         
   9638  1904      114.0000   378                     93.0000 16585873         
   9659  1910    infeasible                           93.0000 16603138         
   9672  1914      116.0000   601                     93.0000 16640855         
   9685  1868      116.0000   604                     93.0000 16564810         
   9696  1937    infeasible                           93.0000 16857065         
   9708  1925      115.0000   662                     93.0000 16745837         
   9717  1929      113.7593   827                     93.0000 16825508         
   9728  1930      114.7564   803                     93.0000 16835838         
   9736  1943      104.5000   723                     93.0000 16909685         
Elapsed time = 1390.70 sec. (786895.22 ticks, tree = 48.13 MB, solutions = 0)
   9748  1977      104.6667   763                     93.0000 17187850         
   9761  1986      103.0833   846                     93.0000 17338248         
   9773  1977      115.0000   674                     93.0000 17159562         
   9787  2000      114.0000   613                     93.0000 17476673         
   9806  1991      107.6667   781                     93.0000 17377795         
   9825  2009      115.0000   630                     93.0000 17554420         
   9839  2019      116.0000   491                     93.0000 17592424         
   9863  2009    infeasible                           93.0000 17597159         
   9881  2049      116.0000   594                     93.0000 17835322         
   9898  2027      115.5000   733                     93.0000 17637015         
Elapsed time = 1457.74 sec. (826682.26 ticks, tree = 50.70 MB, solutions = 0)
   9917  2067    infeasible                           93.0000 18015835         
   9928  2071      116.0000   557                     93.0000 18032661         
   9944  2069      108.2500   784                     93.0000 18131587         
   9966  2072      111.6667   715                     93.0000 18144291         
   9983  2086      116.0000   502                     93.0000 18221992         
   9994  2120      117.0000   515                     93.0000 18543781         
  10013  2127      117.0000   580                     93.0000 18558423         
  10035  2139      115.5000   793                     93.0000 18820716         
  10048  2149      111.5000   796                     93.0000 18939658         
  10067  2167      116.0000   571                     93.0000 19040925         
Elapsed time = 1527.00 sec. (866975.67 ticks, tree = 53.45 MB, solutions = 0)
  10090  2199      117.0000   534                     93.0000 19172762         
  10103  2213      112.0000   686                     93.0000 19332673         
  10116  2209      109.0000   627                     93.0000 19228226         
  10128  2167      115.5000   719                     93.0000 19028297         
  10146  2227      113.0000   606                     93.0000 19455443         
  10164  2217      116.0000   708                     93.0000 19423334         
  10175  2218      116.0000   701                     93.0000 19432775         
  10183  2235      103.5000   886                     93.0000 19581320         
  10195  2215       93.0000   738                     93.0000 19280042         
  10204  2236      112.0000   636                     93.0000 19563245         
Elapsed time = 1592.07 sec. (908371.47 ticks, tree = 53.99 MB, solutions = 0)
  10222  2304       97.0000   779                     93.0000 20012914         
  10241  2259       98.0000   802                     93.0000 19721756         
  10251  2266    infeasible                           93.0000 19814087         
  10265  2316    infeasible                           93.0000 20205051         
  10283  2297      112.5000   711                     93.0000 19972120         
  10296  2316      116.0000   591                     93.0000 20149308         
  10316  2353      117.0000   644                     93.0000 20554881         
  10330  2320    infeasible                           93.0000 20353683         
  10344  2344    infeasible                           93.0000 20449908         
  10356  2318       93.1507   993                     93.0000 20251864         
Elapsed time = 1658.40 sec. (948355.53 ticks, tree = 56.40 MB, solutions = 0)
  10365  2349    infeasible                           93.0000 20492491         
  10374  2375       96.3555   904                     93.0000 20847692         
  10384  2386      116.1087   726                     93.0000 20944301         
  10392  2359      106.4737   866                     93.0000 20721505         
  10400  2403      116.0000   728                     93.0000 21154975         
  10410  2405      116.0000   712                     93.0000 21165744         
  10419  2406      116.0000   726                     93.0000 21176188         
  10432  2408      116.0000   671                     93.0000 21187941         
  10443  2410      114.0000   681                     93.0000 21241176         
  10457  2420      103.5000   933                     93.0000 21392010         
Elapsed time = 1724.34 sec. (990621.49 ticks, tree = 59.49 MB, solutions = 0)
  10470  2434      117.0000   628                     93.0000 21522984         
  10486  2447      114.0000   680                     93.0000 21688875         
  10500  2436    infeasible                           93.0000 21657488         
  10509  2473      114.3333   834                     93.0000 21894719         
  10518  2467      103.5000   863                     93.0000 21825255         
  10530  2475      110.2099   815                     93.0000 21885196         
  10550  2465      106.0000   653                     93.0000 21776061         
  10566  2475      115.0000   559                     93.0000 21867392         
  10578  2477      115.0000   680                     93.0000 21891292         
  10597  2507      115.0000   473                     93.0000 22174990         
Elapsed time = 1793.13 sec. (1032277.11 ticks, tree = 62.34 MB, solutions = 0)
  10621  2513      115.0000   494                     93.0000 22190020         

GUB cover cuts applied:  997
Clique cuts applied:  9
Cover cuts applied:  191
Implied bound cuts applied:  413
Flow cuts applied:  6
Mixed integer rounding cuts applied:  317
Zero-half cuts applied:  114
Gomory fractional cuts applied:  57

Root node processing (before b&c):
  Real time             =   10.29 sec. (4910.52 ticks)
Parallel b&c, 8 threads:
  Real time             = 1789.73 sec. (1034827.36 ticks)
  Sync time (average)   =  214.18 sec.
  Wait time (average)   =    0.05 sec.
                          ------------
Total (root+branch&cut) = 1800.02 sec. (1039737.88 ticks)
! --------------------------------------------------------
! Problem is UNKNOWN
! CPLEX Status = AbortTimeLim
! --------------------------------------------------------
