! Solving for graph /home/truongxuanhieu/CPLEX-MIP-for-MinSpanLabeling/benchmarks/cabp/L-bcspwr03.mtx.rnd
! Target value is set to 29
! Lower bound is set to 30
! Upper bound is set to 118
! Time limit is set to 1800
! Vertices mode is set to No hole
! Target value mode is set to Cyclic Antibandwidth
Version identifier: 22.2.0.0 | 2026-05-04 | 5dff98e58
CPXPARAM_TimeLimit                               1800
Tried aggregator 2 times.
MIP Presolve eliminated 181 rows and 295 columns.
MIP Presolve modified 27788 coefficients.
Aggregator did 712 substitutions.
Reduced MIP has 1604 rows, 14936 columns, and 44926 nonzeros.
Reduced MIP has 14162 binaries, 298 generals, 0 SOSs, and 476 indicators.
Presolve time = 0.07 sec. (55.95 ticks)
Probing time = 0.14 sec. (62.20 ticks)
Tried aggregator 2 times.
Detecting symmetries...
Aggregator did 7 substitutions.
Reduced MIP has 1597 rows, 14929 columns, and 44919 nonzeros.
Reduced MIP has 14162 binaries, 409 generals, 0 SOSs, and 476 indicators.
Presolve time = 0.06 sec. (38.98 ticks)
Probing time = 0.03 sec. (6.44 ticks)
Clique table members: 19922.
MIP emphasis: balance optimality and feasibility.
MIP search method: dynamic search.
Parallel mode: deterministic, using up to 8 threads.
Root relaxation solution time = 0.16 sec. (81.60 ticks)

        Nodes                                         Cuts/
   Node  Left     Objective  IInf  Best Integer    Best Bound    ItCnt     Gap

      0     0       58.0000   266                     58.0000      625         
      0     0       58.0000   485                   Cuts: 499     1175         
      0     0       58.0000   422                   Cuts: 302     1570         
      0     0       58.0000   381                   Cuts: 499     2178         
      0     0       58.0000   512                   Cuts: 281     2657         
      0     2       58.0000   350                     58.0000     2657         
Elapsed time = 5.68 sec. (3574.41 ticks, tree = 0.02 MB, solutions = 0)
     98    85       58.0000   303                     58.0000    13612         
    184   174       58.0000   280                     58.0000    23237         
    211   193       87.0000   333                     58.0000    26333         
    301   269       88.0000   320                     58.0000    36668         
    391   328       89.0000   318                     58.0000    47700         
    479   427       88.0000   293                     58.0000    62966         
    527   452       91.0000   296                     58.0000    68290         
    574   469      117.0000   505                     58.0000    74989         
    598   528      116.0000   415                     58.0000    84026         
    770   638      116.0000   421                     58.0000   120001         
Elapsed time = 11.28 sec. (6772.53 ticks, tree = 6.55 MB, solutions = 0)
    936   826       93.0000   259                     58.0000   156873         
   1061   981       69.0000   325                     58.0000   195926         
   1275  1060      109.0000   327                     58.0000   225893         
   1543  1354       88.0000   288                     58.0000   273338         

Performing restart 1

Repeating presolve.
Tried aggregator 1 time.
Reduced MIP has 1597 rows, 14929 columns, and 44919 nonzeros.
Reduced MIP has 14162 binaries, 409 generals, 0 SOSs, and 476 indicators.
Presolve time = 0.03 sec. (21.25 ticks)
Tried aggregator 1 time.
Reduced MIP has 1597 rows, 14929 columns, and 44919 nonzeros.
Reduced MIP has 14162 binaries, 409 generals, 0 SOSs, and 476 indicators.
Presolve time = 0.04 sec. (30.83 ticks)
Represolve time = 0.26 sec. (135.25 ticks)
   1722     0       58.0000   561                   Cuts: 499   325190         
   1722     0       58.0000   569                   Cuts: 495   327494         
   1722     0       58.0000   624                   Cuts: 447   330185         
   1722     0       58.0000   590                   Cuts: 454   332121         
   1722     0       58.0000   530                   Cuts: 490   336114         
   1722     0       58.0000   740                   Cuts: 476   340209         
   1722     2       58.0000   409                     58.0000   340209         
   1726     4       58.0000   408                     58.0000   342421         
   1749    23       58.0000   352                     58.0000   347761         
   1843    96       82.0000   304                     58.0000   356597         
   1912   184       82.0000   308                     58.0000   366881         
   2156   308       60.0000   356                     58.0000   376484         
Elapsed time = 45.95 sec. (27320.53 ticks, tree = 3.40 MB, solutions = 0)
   2449   650       73.0000   237                     58.0000   389501         
   2612   769       82.0000   274                     58.0000   400229         
   2872   941       87.0000   308                     58.0000   414707         
   3245  1264       88.0000   266                     58.0000   449031         
   3674  1725       88.0000   260                     58.0000   498691         
   4214  2220       59.0000   283                     58.0000   561985         
   4537  2360    infeasible                           58.0000   591793         
   4555  2638       64.0000   387                     58.0000   637396         
   4794  2641       60.0000   488                     58.0000   650799         
   5143  2957       74.0000   310                     58.0000   702097         
Elapsed time = 63.17 sec. (36916.65 ticks, tree = 42.47 MB, solutions = 0)
   5673  3357       66.0000   401                     58.0000   743884         
   5757  3667       60.0000   620                     58.0000   761143         
   5819  3839       87.0000   367                     58.0000   781054         
   6222  4081       87.0000   286                     58.0000   828107         
   6531  4306       89.0000   315                     58.0000   856540         
   6584  4319      116.0000   538                     58.0000   862684         
   6615  4608       77.0000   367                     58.0000   907272         
   6919  4808       73.0000   271                     58.0000   935684         
   7260  5004       87.0000   325                     58.0000   957463         
   7570  5364       87.0000   288                     58.0000   986232         
Elapsed time = 82.36 sec. (46583.77 ticks, tree = 59.90 MB, solutions = 0)
   7895  5624      101.0000   245                     58.0000  1011200         
   7960  5793      117.0000   388                     58.0000  1041140         
   8013  5939       87.0000   327                     58.0000  1061807         
   8227  6018       69.0000   281                     58.0000  1087634         
   8516  6106       87.0000   284                     58.0000  1108869         
   8552  6401       87.0000   366                     58.0000  1146550         
   8560  6443      111.0000   365                     58.0000  1152196         

Performing restart 2

Repeating presolve.
Tried aggregator 1 time.
MIP Presolve modified 59 coefficients.
Reduced MIP has 1597 rows, 14929 columns, and 58413 nonzeros.
Reduced MIP has 14162 binaries, 409 generals, 0 SOSs, and 476 indicators.
Presolve time = 0.03 sec. (27.81 ticks)
Tried aggregator 1 time.
Reduced MIP has 1597 rows, 14929 columns, and 58413 nonzeros.
Reduced MIP has 14162 binaries, 409 generals, 0 SOSs, and 476 indicators.
Presolve time = 0.06 sec. (38.69 ticks)
Represolve time = 0.36 sec. (222.55 ticks)
   8561     0       58.0000   618                   Cuts: 499  1178904         
   8561     0       58.0000   607                   Cuts: 287  1182303         
   8561     0       63.8000   689                   Cuts: 318  1183818         
   8561     0       64.0000   719                   Cuts: 499  1185468         
   8561     0       64.0000   735                   Cuts: 499  1187615         
   8561     0       64.0000   681                   Cuts: 354  1189911         
   8561     0       64.0000   753                   Cuts: 499  1191828         
   8561     0       64.0000   595                   Cuts: 296  1193463         
   8561     0       64.0000   671                   Cuts: 499  1195222         
   8561     0       64.0000   663                   Cuts: 482  1197732         
   8561     0       64.0000   674                   Cuts: 296  1199858         
   8561     0       64.0000   684                   Cuts: 499  1202697         
   8561     2       64.0000   441                     64.0000  1202697         
   8563     4       64.0000   394                     64.0000  1205713         
   8574    14       64.0000   349                     64.0000  1208495         
Elapsed time = 138.17 sec. (80640.54 ticks, tree = 0.08 MB, solutions = 0)
   8624    21       82.0000   338                     64.0000  1209005         
   8703   105       87.0000   352                     64.0000  1223991         
   8812   206       66.0000   401                     64.0000  1234541         
   8897   281       88.0000   328                     64.0000  1241424         
   9012   361       87.0000   303                     64.0000  1246432         
   9061   448       88.0000   356                     64.0000  1257138         
   9113   497       88.0000   339                     64.0000  1270832         
   9180   563       89.0000   319                     64.0000  1286989         
   9201   575       88.0000   348                     64.0000  1291465         
   9229   619       88.0000   394                     64.0000  1320029         
Elapsed time = 155.16 sec. (90294.00 ticks, tree = 10.42 MB, solutions = 0)
   9255   631      116.0000   467                     64.0000  1337052         
   9273   666       84.0000   492                     64.0000  1365134         
   9295   674      116.0000   504                     64.0000  1369538         
   9308   701      116.0000   343                     64.0000  1410318         
   9333   725       87.0000   385                     64.0000  1443672         
   9368   703    infeasible                           64.0000  1430204         
   9406   774       89.0000   381                     64.0000  1455384         
   9457   825       89.0000   353                     64.0000  1488473         
   9496   824      116.0000   494                     64.0000  1496507         
   9529   843    infeasible                           64.0000  1493557         
Elapsed time = 171.92 sec. (100186.11 ticks, tree = 14.51 MB, solutions = 0)
   9569   906       89.0000   339                     64.0000  1539651         
   9614   885      116.0000   406                     64.0000  1535502         
   9655  1027      116.0000   472                     64.0000  1592099         
   9684  1035      116.0000   436                     64.0000  1598917         
   9720  1042      116.0000   458                     64.0000  1600940         
   9746  1078      116.0000   420                     64.0000  1635947         
   9789  1112      116.0000   457                     64.0000  1647342         
   9827  1118      116.0000   434                     64.0000  1650189         
   9865  1155       88.0000   388                     64.0000  1685014         
   9904  1230      116.0000   391                     64.0000  1719408         
Elapsed time = 188.75 sec. (109902.15 ticks, tree = 23.62 MB, solutions = 0)
   9945  1267      116.0000   431                     64.0000  1748044         
   9987  1318      116.0000   391                     64.0000  1772616         
  10051  1329      117.0000   523                     64.0000  1792366         
  10104  1407      116.0000   451                     64.0000  1814693         
  10145  1441      117.0000   529                     64.0000  1829157         
  10197  1422      116.0000   390                     64.0000  1823299         
  10244  1530      116.0000   447                     64.0000  1887481         
  10293  1575      117.0000   457                     64.0000  1919235         
  10354  1570      116.0000   474                     64.0000  1914449         
  10422  1650       88.0000   380                     64.0000  1964101         
Elapsed time = 204.56 sec. (119528.04 ticks, tree = 33.99 MB, solutions = 0)
  10493  1715      116.0000   392                     64.0000  1987061         
  10550  1721       87.0000   454                     64.0000  2005844         
  10614  1867      116.0000   435                     64.0000  2044892         
  10646  1852      117.0000   375                     64.0000  2043882         
  10683  1909       64.0000   560                     64.0000  2087865         
  10723  1913       87.0000   463                     64.0000  2097344         
  10771  2015      117.0000   493                     64.0000  2130222         
  10827  2027      117.0000   485                     64.0000  2131991         
  10879  2038      117.0000   438                     64.0000  2143903         
  11085  2349       88.0000   413                     64.0000  2276904         
Elapsed time = 226.82 sec. (132016.32 ticks, tree = 51.25 MB, solutions = 0)
  11386  2523      116.0000   536                     64.0000  2364859         
  11687  2871      116.0000   393                     64.0000  2464741         
  11990  3042       89.0000   331                     64.0000  2516155         
  12283  3337      116.0000   369                     64.0000  2627606         
  12500  3547      116.0000   383                     64.0000  2706191         
  12685  3806      117.0000   498                     64.0000  2845210         
  12815  3945      118.0000   447                     64.0000  2956053         
  12950  4056      118.0000   353                     64.0000  3012259         
  13121  4185       88.0000   266                     64.0000  3116531         
  13335  4293      118.0000   357                     64.0000  3179390         
Elapsed time = 295.14 sec. (170386.23 ticks, tree = 99.06 MB, solutions = 0)
  13503  4518      118.0000   364                     64.0000  3294422         
  13661  4678      118.0000   298                     64.0000  3388817         
  13806  4916      118.0000   356                     64.0000  3530713         
  13951  5009      118.0000   287                     64.0000  3618963         
  14124  5136      118.0000   310                     64.0000  3697171         
  14351  5239       96.0000   355                     64.0000  3750217         
  14501  5437      117.0000   452                     64.0000  3857375         
  14582  5572      116.0000   382                     64.0000  3951114         
  14705  5678      116.0514   571                     64.0000  4050474         
  14829  5740    infeasible                           64.0000  4104450         
Elapsed time = 361.37 sec. (208814.33 ticks, tree = 135.56 MB, solutions = 0)
  14950  5852       88.0000   488                     64.0000  4226694         
  15113  6054      116.0000   324                     64.0000  4332560         
  15286  6216      116.0000   343                     64.0000  4434149         
  15475  6251      116.0000   305                     64.0000  4449585         
  15657  6497      117.0000   434                     64.0000  4592874         
  15856  6635       88.0000   445                     64.0000  4675134         
  16080  6761      116.0000   363                     64.0000  4740447         
  16245  6953      116.0000   416                     64.0000  4840979         
  16417  7109      117.0000   452                     64.0000  4908585         
  16605  7304      118.0000   631                     64.0000  5019922         
Elapsed time = 426.12 sec. (247135.94 ticks, tree = 176.46 MB, solutions = 0)
  16802  7454       88.0000   441                     64.0000  5099516         
  16983  7714       88.0000   322                     64.0000  5241974         
  17152  7765      117.0000   444                     64.0000  5299304         
  17328  8005      117.0000   414                     64.0000  5426813         
  17513  8228      118.0000   347                     64.0000  5531899         
  17706  8373      117.0000   416                     64.0000  5651461         
  17955  8567      116.0000   376                     64.0000  5751405         
  18179  8583      116.0000   471                     64.0000  5765494         
  18447  9076      117.0000   322                     64.0000  5975088         
  18599  9154      116.0000   362                     64.0000  6002567         
Elapsed time = 491.10 sec. (285504.78 ticks, tree = 225.72 MB, solutions = 0)
  18819  9389       88.0000   365                     64.0000  6115898         
  18999  9509      116.0000   349                     64.0000  6182441         
  19190  9830      116.0000   466                     64.0000  6325386         
  19362  9857      116.0000   406                     64.0000  6331906         
  19520 10170      116.0000   321                     64.0000  6489281         
  19769 10105      116.0000   465                     64.0000  6482108         
  19885 10431      116.0000   364                     64.0000  6628534         
  20023 10549    infeasible                           64.0000  6697473         
  20206 10744      116.0000   390                     64.0000  6820254         
  20314 10763      118.0000   474                     64.0000  6870577         
Elapsed time = 556.08 sec. (323867.79 ticks, tree = 268.77 MB, solutions = 0)
  20467 10986      118.0000   339                     64.0000  7014934         
  20631 11118      116.0000   312                     64.0000  7079194         
  20801 11241      116.0000   348                     64.0000  7123759         
  20909 11448      117.0000   478                     64.0000  7327636         
  21047 11505      118.0000   309                     64.0000  7355736         
  21221 11714      116.0000   450                     64.0000  7498648         
  21389 11803      116.0000   490                     64.0000  7566498         
  21531 12007      116.0000   298                     64.0000  7662504         
  21651 12043      116.0000   371                     64.0000  7673090         
  21767 12269      116.0000   372                     64.0000  7868481         
Elapsed time = 621.22 sec. (362152.48 ticks, tree = 309.70 MB, solutions = 0)
  21923 12347      116.0000   356                     64.0000  7907678         
  22051 12123      118.0000   462                     64.0000  7826719         
  22175 12586      117.0000   330                     64.0000  8050384         
  22334 12634       89.0000   349                     64.0000  8117270         
  22464 12671      116.0000   377                     64.0000  8155046         
  22548 12833      116.0000   348                     64.0000  8308718         
  22681 12950       88.0000   417                     64.0000  8440570         
  22804 12962      118.0000   364                     64.0000  8433918         
  22941 13110      116.0000   423                     64.0000  8537709         
  23111 13270      118.0000   297                     64.0000  8633309         
Elapsed time = 685.55 sec. (400454.13 ticks, tree = 336.84 MB, solutions = 0)
  23389 13582      118.0000   264                     64.0000  8828384         
  23618 13681      118.0000   207                     64.0000  8852725         
  23800 13901    infeasible                           64.0000  9028123         
  23903 13901      118.0000   484                     64.0000  9014917         
  24013 13915      118.0000   580                     64.0000  9025917         
  24113 14335       87.0000   618                     64.0000  9253326         
  24183 14412      116.0000   473                     64.0000  9331885         
  24318 14464      117.0000   418                     64.0000  9386701         
  24460 14562      116.0000   395                     64.0000  9506745         
  24636 14673      116.0000   561                     64.0000  9588062         
Elapsed time = 746.69 sec. (438881.18 ticks, tree = 374.41 MB, solutions = 0)
  24865 14866      116.0000   373                     64.0000  9741930         
  25126 14879      116.0000   330                     64.0000  9731673         
  25322 15022      116.0000   360                     64.0000  9820062         
  25451 15527      118.0000   290                     64.0000 10053891         
  25628 15591      118.0000   254                     64.0000 10067537         
  25777 15630      116.0000   394                     64.0000 10122623         
  25914 15876      116.0000   331                     64.0000 10224609         
  26117 15961      117.0000   577                     64.0000 10294278         
  26257 16015      116.0000   392                     64.0000 10352940         
  26324 16305      116.0000   420                     64.0000 10535755         
Elapsed time = 812.54 sec. (477241.34 ticks, tree = 418.80 MB, solutions = 0)
  26408 16369       87.0000   515                     64.0000 10633001         
  26483 16509      117.0000   457                     64.0000 10752724         
  26595 16650      116.0000   442                     64.0000 10905267         
  26702 16560      117.0000   566                     64.0000 10805900         
  26846 16666      116.0000   525                     64.0000 10930363         
  26978 16834      103.0000   469                     64.0000 11062944         
  27098 16889      116.0000   408                     64.0000 11159425         
  27210 17205      116.0000   387                     64.0000 11333974         
  27361 17200      116.0000   439                     64.0000 11315077         
  27494 17457      117.0000   624                     64.0000 11524095         
Elapsed time = 881.67 sec. (515680.69 ticks, tree = 451.15 MB, solutions = 0)
  27594 17467      116.0000   602                     64.0000 11536261         
  27754 17598      116.0000   476                     64.0000 11613242         
  27944 17677      117.0000   392                     64.0000 11666721         
  28127 17749      116.0000   293                     64.0000 11713203         
  28371 18186      116.0000   271                     64.0000 11955055         
  28541 18112      117.0000   314                     64.0000 11933946         
  28737 18252      118.0000   410                     64.0000 12033771         
  28886 18568    infeasible                           64.0000 12212661         
  29025 18670      118.0000   283                     64.0000 12267638         
  29189 18954      116.0000   341                     64.0000 12418410         
Elapsed time = 945.16 sec. (554074.03 ticks, tree = 493.44 MB, solutions = 0)
  29380 19016      116.0000   311                     64.0000 12439098         
  29581 19256      116.0000   379                     64.0000 12655780         
  29833 19300      116.0000   331                     64.0000 12673214         
  30030 19359      116.0000   288                     64.0000 12692300         
  30216 19459      117.0000   375                     64.0000 12808292         
  30368 19510      117.0000   389                     64.0000 12873956         
  30533 20041      117.0000   339                     64.0000 13125257         
  30742 20202      116.0000   324                     64.0000 13248815         
  30871 20505      117.0000   496                     64.0000 13446770         
  30991 20315      116.0000   441                     64.0000 13355055         
Elapsed time = 1013.69 sec. (592433.21 ticks, tree = 530.47 MB, solutions = 0)
  31144 20755       88.0000   577                     64.0000 13554135         
  31250 20807      118.0000   422                     64.0000 13598050         
  31364 20926      116.0000   502                     64.0000 13701584         
  31532 20954      116.0000   363                     64.0000 13711987         
  31664 21040      116.0000   385                     64.0000 13794280         
  31808 20978      117.0000   586                     64.0000 13770897         
  31986 21223      116.0000   565                     64.0000 13917371         
  32165 21453       64.6746   814                     64.0000 14003506         
  32369 21553      116.0000   293                     64.0000 14121731         
  32558 21590      116.0000   487                     64.0000 14221905         
Elapsed time = 1076.22 sec. (630817.10 ticks, tree = 566.53 MB, solutions = 0)
  32633 21796      116.0000   538                     64.0000 14313294         
  32735 22192      116.0000   442                     64.0000 14582924         
  32823 22094      117.0000   635                     64.4484 14491204         
  32922 22491    infeasible                           64.5534 14896659         
  33086 22487      117.0000   257                     64.6746 14753393         
  33227 22454      116.0000   347                     64.6746 14800574         
  33401 22620    infeasible                           64.6746 15013155         
  33530 22825      116.0000   372                     64.6746 15144039         
  33650 22777      116.0000   489                     64.6746 15117004         
  33773 23162      117.0000   354                     64.6746 15426125         
Elapsed time = 1134.85 sec. (669221.08 ticks, tree = 609.65 MB, solutions = 0)
  33910 23267      116.0000   398                     64.6746 15545129         
  34053 23354      116.0000   383                     64.6746 15664618         
  34188 23383      116.0000   358                     64.6746 15676313         
  34294 23426      116.0000   334                     64.6746 15688456         
  34393 23460      116.0000   334                     64.6746 15701232         
  34490 23944      116.0000   334                     64.6746 16086057         
  34658 23981      116.0000   358                     64.6746 16099596         
  34823 23952       88.0000   476                     64.6746 16041480         
  34954 24084      118.0000   239                     64.6746 16244914         
  35108 24078      116.0000   420                     65.0000 16273914         
Elapsed time = 1201.95 sec. (707621.45 ticks, tree = 636.17 MB, solutions = 0)
  35288 24224      118.0000   181                     65.0000 16290282         
  35394 24461       88.0000   448                     65.0000 16497684         
  35517 24779      116.0000   428                     65.0000 16656120         
  35713 24371      116.0000   517                     65.0000 16467265         
  35954 24867      116.0000   326                     65.0000 16690396         
  36386 25350      116.0000   373                     65.0000 16995037         
  36655 25025      116.0000   269                     65.0000 16860234         
  36884 25653      116.0000   556                     65.0000 17180327         
  36955 25904       87.0000   617                     65.0000 17297754         
  37022 25909      116.0000   632                     65.0000 17308384         
Elapsed time = 1263.54 sec. (746088.86 ticks, tree = 686.82 MB, solutions = 0)
  37106 25990      116.0000   439                     65.0000 17403366         
  37213 26375      101.0000   367                     65.0000 17626906         
  37341 26424      101.0000   295                     65.0000 17635895         
  37454 26445       88.0000   593                     65.0000 17651315         
  37545 26459       87.0000   584                     65.0000 17771774         
  37715 26636      116.0000   248                     65.0000 17822703         
  37915 26769      116.0000   346                     65.0000 18031241         
  38020 26828       87.0000   592                     65.0000 18080535         
  38121 27183      116.0000   533                     65.0000 18236885         
  38306 27281      116.0000   380                     65.0000 18310199         
Elapsed time = 1332.67 sec. (784488.52 ticks, tree = 726.37 MB, solutions = 0)
  38503 27275      116.0000   313                     65.0000 18235334         
  38721 27452       93.0000   338                     65.0000 18446452         
  38915 27459      116.0000   295                     65.0000 18440610         
  39093 27532      116.0000   264                     65.0000 18458752         
  39197 27684       88.0000   531                     65.0000 18575902         
  39241 28222       87.0000   485                     65.0000 18855817         
  39286 28407      116.0000   603                     66.0000 19059805         
  39364 28450      118.0000   520                     66.0000 19156979         
  39510 28505      117.0000   410                     66.0000 19217486         
  39688 28513      116.0000   335                     66.0000 19151273         
Elapsed time = 1393.28 sec. (823028.38 ticks, tree = 763.09 MB, solutions = 0)
  39919 28671      116.0000   353                     66.0000 19422428         
  40133 28736      116.0000   290                     66.0000 19440546         
  40318 28936      118.0000   307                     66.0000 19612518         
  40521 28954      118.0000   420                     66.0000 19629752         
  40629 28885       87.0000   648                     66.0000 19539998         
  40754 28991      118.0000   323                     66.0000 19658679         
  40856 29229      117.0000   363                     66.0000 19756905         
  41008 29777      118.0000   226                     66.0000 20111984         
  41242 29876      118.0000   122                     66.0000 20134454         
  41428 29948      117.0000   362                     66.0000 20255862         
Elapsed time = 1456.84 sec. (861324.44 ticks, tree = 805.23 MB, solutions = 0)
  41582 30008      116.0000   300                     66.0000 20355083         
  41754 30541      116.0000   225                     66.0000 20577417         
  41931 30186       87.0000   698                     66.0000 20483072         
  42044 30055      117.0000   355                     66.0000 20434143         
  42169 30701      117.0000   269                     66.0000 20704612         
  42284 30950      116.0000   406                     66.0000 20955312         
  42410 31116      116.0000   377                     66.0000 21067652         
  42594 31136      116.0000   313                     66.0000 21075802         
  42721 30813      117.0000   611                     66.0000 20832408         
  42910 31335      117.0000   340                     66.0000 21191429         
Elapsed time = 1527.72 sec. (899698.49 ticks, tree = 846.78 MB, solutions = 0)
  43091 31384      117.0000   298                     66.0000 21209213         
  43248 31423      117.0000   321                     66.0000 21226959         
  43481 31535      117.0000   221                     66.0000 21250191         
  43669 31673      116.0000   424                     66.0000 21411684         
  43926 32388      117.0000   583                     66.0000 21819891         
  44165 32650      116.0000   233                     66.0000 21902482         
  44441 32207    infeasible                           66.0000 21655470         
  44516 32245      116.0000   403                     66.0000 21673692         
  44600 33165      113.0000   588                     66.0000 22301564         
  44651 32715      117.0000   584                     66.0000 22063186         
Elapsed time = 1591.40 sec. (938246.67 ticks, tree = 886.45 MB, solutions = 0)
  44707 32745      116.0000   548                     66.0000 22124690         
  44768 33198      117.0000   487                     66.0000 22388170         
  44812 33206      117.0000   479                     66.0000 22400522         
  44866 33405      116.0000   471                     66.0000 22480698         
  44915 33524      116.0000   542                     66.0000 22687556         
  44985 33571      117.0000   466                     66.0000 22749614         
  45053 33652      117.0000   405                     66.0000 22864679         
  45162 33687      117.0000   449                     66.0000 22878138         
  45254 33703      116.0000   429                     66.0000 22939543         
  45328 33736      117.0000   433                     66.0000 23051327         
Elapsed time = 1650.19 sec. (977133.09 ticks, tree = 917.70 MB, solutions = 0)
  45402 33769      116.0000   479                     66.0000 23145775         
  45467 34037      117.0000   338                     66.0000 23418832         
  45533 34095      118.0000   314                     66.0000 23523414         
  45633 34150      118.0000   289                     66.0000 23538505         
  45700 33906      116.0000   488                     66.0000 23325500         
  45876 34280      118.0000   135                     66.0000 23580101         
  46035 34207      117.0000   551                     66.9506 23713686         
  46135 34302      117.0000   350                     66.9506 23771349         
  46215 34262      116.0000   415                     66.9506 23690535         
  46291 34272       88.0000   598                     66.9506 23842986         
Elapsed time = 1716.87 sec. (1015623.52 ticks, tree = 934.22 MB, solutions = 0)
  46355 34652      118.0000   385                     66.9506 24097363         
  46533 34922      118.0000   461                     67.1951 24352768         
  46684 34684      118.0000   380                     67.1951 24122737         
  46833 35074      116.0000   394                     67.1951 24431760         
  46966 34961      118.0000   319                     67.1951 24402883         
  47164 35217    infeasible                           67.1951 24468574         
  47235 35384      117.0000   573                     67.1951 24780444         
  47277 35384       88.0000   598                     67.1951 24748902         
  47319 35282      117.0000   507                     67.1951 24637709         
  47362 35399      117.0000   426                     67.6667 24820819         
Elapsed time = 1780.99 sec. (1054306.60 ticks, tree = 966.57 MB, solutions = 0)
  47421 35527      118.0000   301                     67.6667 24930253         
  47480 35549      118.0000   253                     67.6667 24948819         
  47590 36024      118.0000   208                     67.6667 25494971         

GUB cover cuts applied:  563
Clique cuts applied:  3
Cover cuts applied:  214
Implied bound cuts applied:  435
Mixed integer rounding cuts applied:  394
Zero-half cuts applied:  39
Lift and project cuts applied:  1
Gomory fractional cuts applied:  44

Root node processing (before b&c):
  Real time             =    5.64 sec. (3559.58 ticks)
Parallel b&c, 8 threads:
  Real time             = 1794.37 sec. (1064667.33 ticks)
  Sync time (average)   =  229.41 sec.
  Wait time (average)   =    0.04 sec.
                          ------------
Total (root+branch&cut) = 1800.01 sec. (1068226.90 ticks)
! --------------------------------------------------------
! Problem is UNKNOWN
! CPLEX Status = AbortTimeLim
! --------------------------------------------------------
