! Solving for graph /home/truongxuanhieu/CPLEX-MIP-for-MinSpanLabeling/benchmarks/cabp/O-impcol_d.mtx.rnd
! Target value is set to 105
! Lower bound is set to 106
! Upper bound is set to 425
! Time limit is set to 1800
! Vertices mode is set to No hole
! Target value mode is set to Cyclic Antibandwidth
Version identifier: 22.2.0.0 | 2026-05-04 | 5dff98e58
CPXPARAM_TimeLimit                               1800
Tried aggregator 2 times.
MIP Presolve eliminated 1269 rows and 1062 columns.
MIP Presolve modified 361035 coefficients.
Aggregator did 3809 substitutions.
Reduced MIP has 8886 rows, 186757 columns, and 561325 nonzeros.
Reduced MIP has 182105 binaries, 1693 generals, 0 SOSs, and 2959 indicators.
Presolve time = 0.86 sec. (944.77 ticks)
Probing time = 1.05 sec. (382.19 ticks)
Tried aggregator 1 time.
Detecting symmetries...
Reduced MIP has 8886 rows, 186757 columns, and 561325 nonzeros.
Reduced MIP has 182105 binaries, 2118 generals, 0 SOSs, and 2959 indicators.
Presolve time = 0.62 sec. (343.59 ticks)
Probing time = 0.18 sec. (46.82 ticks)
Clique table members: 70732.
MIP emphasis: balance optimality and feasibility.
MIP search method: dynamic search.
Parallel mode: deterministic, using up to 8 threads.
Root relaxation solution time = 4.52 sec. (2917.83 ticks)

        Nodes                                         Cuts/
   Node  Left     Objective  IInf  Best Integer    Best Bound    ItCnt     Gap

      0     0      210.0000  2464                    210.0000       11         
      0     0      210.0000  1666                  Cuts: 2321     1455         
      0     0      210.0000  1957                  Cuts: 1511     2540         
      0     0      210.0000  1810                   Cuts: 642     3769         
      0     0      210.0000  2673                  Cuts: 2184     5505         
Detecting symmetries...
      0     2      210.0000  2474                    210.0000     5505         
Elapsed time = 52.44 sec. (48527.46 ticks, tree = 0.02 MB, solutions = 0)
      6     8      210.0000  1642                    210.0000     5723         
     11     3      210.0000  2455                    210.0000     5724         
     17    16      210.0000  1845                    210.0000     8400         
     26    17      210.0000  1988                    210.0000     9298         
     28    26      315.0000  1665                    210.0000    11583         
     35    28      210.0000  1920                    210.0000    12924         
     41    35      210.0000  1917                    210.0000    17206         
     47    40      210.0000  1887                    210.0000    17527         
     59    43      290.0000  1685                    210.0000    18352         
    133   105      315.0000  1683                    210.0000    39252         
Elapsed time = 59.43 sec. (51918.43 ticks, tree = 7.34 MB, solutions = 0)
    233   178      315.0000  1656                    210.0000    49688         
    313   260      316.0000  1648                    210.0000    59849         
    405   346      316.0000  1622                    210.0000    70543         
    444   405      316.0000  1655                    210.0000    83254         
    473   428      316.0000  1585                    210.0000    84167         
    484   354      237.0000  1669                    210.0000    75039         
    497   451      263.0000  1875                    210.0000    87856         
    527   466      315.0000  1720                    210.0000    89324         
    545   493      316.0000  1687                    210.0000    93139         
    547   418      283.0000  1734                    210.0000    84028         
Elapsed time = 89.97 sec. (62589.94 ticks, tree = 43.55 MB, solutions = 0)
    548   494      316.0000  1758                    210.0000    94124         
    560   512    infeasible                          210.0000    94206         
    572   323      421.0000  2106                    210.0000    77977         
    592   548      316.0000  1626                    210.0000   115497         
    604   556      316.0000  1643                    210.0000   117175         
    623   585      368.0000  1778                    210.0000   119809         
    643   591      316.0000  1593                    210.0000   117781         
    669   625      316.0000  1647                    210.0000   122379         
    687   638      316.0000  1645                    210.0000   123150         
    699   650      316.0000  1602                    210.0000   123850         
Elapsed time = 123.25 sec. (78617.56 ticks, tree = 77.81 MB, solutions = 0)
    711   655      316.0000  1643                    210.0000   125130         
    736   672      316.0000  1598                    210.0000   135158         
    748   700      316.0000  1621                    210.0000   138254         
    758   710      316.0000  1651                    210.0000   139028         
    781   728      316.0000  1623                    210.0000   153991         
    796   737      316.0000  1622                    210.0000   154743         
    800   516      421.0000  2136                    210.0000   106570         
    804   529      421.0000  2111                    210.0000   112402         
    805   627      421.0000  2319                    210.0000   131662         
    817   754      316.0000  1538                    210.0000   184152         
Elapsed time = 150.03 sec. (93642.32 ticks, tree = 91.59 MB, solutions = 0)
    822   664      420.0000  2341                    210.0000   145232         
    833   755      316.0000  1681                    210.0000   193417         
    845   753      316.0000  1594                    210.0000   210946         
    857   765      316.0000  1740                    210.0000   212160         
    864   738      420.0000  2456                    210.0000   165690         
    876   776      316.0000  1619                    210.0000   223422         
    884   784      316.0000  1611                    210.0000   224690         
    897   797      316.0000  1592                    210.0000   225475         
    901   713      421.0000  2242                    210.0000   166814         
    903   782      316.0000  1562                    210.0000   237928         
Elapsed time = 177.38 sec. (108779.15 ticks, tree = 94.69 MB, solutions = 0)
    920   793      316.0000  1579                    210.0000   247443         
    941   804      316.0000  1583                    210.0000   248298         
    955   817      316.0000  1529                    210.0000   248947         
    956   761      420.0000  2064                    210.0000   202743         
    957   772      316.0000  1644                    210.0000   212468         
    958   828      316.0000  1600                    210.0000   259832         
    972   840      316.0000  1613                    210.0000   260947         
    992   875      316.0000  1476                    210.0000   262261         
   1005   888      316.0000  1486                    210.0000   262784         
   1016   899      316.0000  1474                    210.0000   263448         
Elapsed time = 196.65 sec. (120171.45 ticks, tree = 112.90 MB, solutions = 0)
   1026   909      316.0000  1457                    210.0000   263910         
   1048   904      316.0000  1566                    210.0000   273987         
   1070   965      316.0000  1454                    210.0000   276969         
   1074   803      421.0000  2101                    210.0000   269246         
   1076   339      421.0000  2250                    210.0000   105670         
   1077   759      420.0000  2316                    210.0000   202720         
   1079   916      421.0000  2499                    210.0000   291834         
   1081  1039    infeasible                          210.0000   408066         
   1083   980      421.0000  2465                    210.0000   316396         
   1084  1038    infeasible                          210.0000   408304         
Elapsed time = 292.72 sec. (156885.21 ticks, tree = 133.23 MB, solutions = 0)
   1085  1043      316.0000  1463                    210.0000   431364         
   1089  1044      420.0000  2008                    210.0000   458625         
   1092  1062      316.0000  1559                    210.0000   470763         
   1104  1074      316.0000  1522                    210.0000   471679         
   1111  1042      313.0000  1693                    210.0000   431553         
   1119  1071      316.0000  1650                    210.0000   472159         
   1135  1087      316.0000  1628                    210.0000   473985         
   1150  1101      316.0000  1884                    210.0000   475163         
   1159  1046      420.0000  1761                    210.0000   464826         
   1161  1043      421.0000  2565                    210.0000   455639         
Elapsed time = 360.91 sec. (190704.67 ticks, tree = 133.97 MB, solutions = 0)
   1162  1067      420.0000  1789                    210.0000   488201         
   1165  1115      316.0000  1643                    210.0000   535089         
   1167  1063      420.0000  1931                    210.0000   488265         
   1169  1068      420.0000  1762                    210.0000   493472         
   1170  1068      421.0000  2201                    210.0000   525838         
   1171  1117      421.0000  1924                    210.0000   547405         
   1172  1116      420.0000  1962                    210.0000   550243         
   1173  1067      421.0000  2056                    210.0000   505091         
   1174  1120      420.0000  1708                    210.0000   580549         
   1176  1125      420.0000  2032                    210.0000   606202         
Elapsed time = 422.12 sec. (230005.47 ticks, tree = 146.28 MB, solutions = 0)
   1178  1124      421.0000  1925                    210.0000   605454         
   1180  1132      316.0000  1457                    210.0000   683999         
   1181  1133      316.0000  1450                    210.0000   684004         
   1182  1126      421.0000  1942                    210.0000   617925         
   1184  1134      316.0000  1447                    210.0000   684074         
   1198  1117      421.0000  2245                    210.0000   582104         
   1199  1128      420.0000  2179                    210.0000   625936         
   1200  1081      316.0000  1514                    210.0000   472128         
   1201  1156      316.0000  1511                    210.0000   724072         
   1213  1134      420.0000  1698                    210.0000   707250         
Elapsed time = 465.85 sec. (257939.67 ticks, tree = 147.51 MB, solutions = 0)
   1217  1135      421.0000  2238                    210.0000   721508         
   1219  1133      421.0000  1788                    210.0000   706220         
   1221  1157      420.0000  2170                    210.0000   742012         
   1224  1164      420.0000  1953                    210.0000   788773         
   1227  1165      420.0000  1907                    210.0000   794601         
   1228  1169      421.0000  2385                    210.0000   835921         
   1230  1165      420.0000  1764                    210.0000   809538         
   1231  1168      421.0000  2379                    210.0000   836252         
   1235  1166      421.0000  2242                    210.0000   827883         
   1238  1174      210.0000  1807                    210.0000   912978         
Elapsed time = 657.49 sec. (363735.22 ticks, tree = 153.33 MB, solutions = 0)
   1276  1241      395.0000  1816                    210.0000  1012731         
   1313  1176      421.0000  2095                    210.0000   913644         
   1315  1207      420.0000  1774                    210.0000  1025525         
   1316  1188      421.0000  2490                    210.0000   989273         
   1327  1205      421.0000  2108                    210.0000  1002569         
   1347  1204      421.0000  2310                    210.0000  1006739         
   1366  1211      421.0000  2293                    210.0000  1107758         
   1367  1214      421.0000  1895                    210.0000  1142164         
   1369  1302      421.0000  2032                    210.0000  1176730         
   1385  1208      421.0000  1965                    210.0000  1039703         
Elapsed time = 775.10 sec. (433636.10 ticks, tree = 157.97 MB, solutions = 0)
   1387  1215      421.0000  2083                    210.0000  1151398         
   1389  1309      421.0000  1740                    210.0000  1265928         
   1390  1312      420.0000  2222                    210.0000  1286675         
   1394  1314      421.0000  1842                    210.0000  1307412         
   1396  1309      421.0000  2039                    210.0000  1269278         
   1411  1363      316.0000  1497                    210.0000  1421529         
   1428  1315      421.0000  2035                    210.0000  1314711         
   1431  1334      420.0000  2056                    210.0000  1374606         
   1436  1330      421.0000  1748                    210.0000  1352194         
   1437  1382      420.0000  2294                    210.0000  1438786         
Elapsed time = 880.78 sec. (498706.33 ticks, tree = 184.74 MB, solutions = 0)
   1445  1331      421.0000  2063                    210.0000  1360198         
   1446  1335      420.0000  1822                    210.0000  1384502         
   1448  1341      421.0000  2222                    210.0000  1439817         
   1450  1372      421.0000  2267                    210.0000  1494939         
   1453  1398    infeasible                          210.0000  1510122         
   1454  1399      421.0000  2228                    210.0000  1541346         
   1456  1397      421.0000  2433                    210.0000  1532227         
   1457  1403      421.0000  2226                    210.0000  1624091         
   1458  1405    infeasible                          210.0000  1634404         
   1460  1408      313.0000  1699                    210.0000  1686682         
Elapsed time = 1045.49 sec. (574087.28 ticks, tree = 189.14 MB, solutions = 0)
   1507  1409      421.0000  2031                    210.0000  1652526         
   1510  1411      421.0000  2010                    210.0000  1750773         
   1514  1332      421.0000  2032                    210.0000  1364290         
   1515  1412      421.0000  2091                    210.0000  1755562         
   1516  1413      421.0000  2171                    210.0000  1777333         
   1518  1413      421.0000  2013                    210.0000  1761023         
   1520  1413      421.0000  2013                    210.0000  1780409         
   1522  1418      421.0000  1983                    210.0000  1812224         
   1523  1409      421.0000  2147                    210.0000  1726662         
   1525  1419      421.0000  1949                    210.0000  1819586         
Elapsed time = 1185.84 sec. (653313.41 ticks, tree = 191.46 MB, solutions = 0)
   1527  1416      421.0000  1849                    210.0000  1805867         
   1528  1423      421.0000  2446                    210.0000  1921431         
   1534  1425      421.0000  1782                    210.0000  1926077         
   1535  1425      421.0000  1813                    210.0000  1939824         
   1536  1454      316.0000  1617                    210.0000  1690825         
   1569  1431      421.0000  2558                    210.0000  1998825         
   1574  1435      421.0000  1772                    210.0000  2017993         
   1575  1510    infeasible                          210.0000  2029983         
   1578  1430      421.0000  2049                    210.0000  1978704         
   1579  1428      421.0000  2525                    210.0000  1998593         
Elapsed time = 1330.37 sec. (744515.57 ticks, tree = 192.71 MB, solutions = 0)
   1580  1483      421.0000  1962                    210.0000  2062478         
   1582  1516      421.0000  2002                    210.0000  2104679         
   1583  1487      421.0000  1770                    210.0000  2092687         
   1584  1410      421.1071  2669                    210.0000  1759654         
   1586  1483    infeasible                          210.0000  2089548         

Performing restart 1

Repeating presolve.
Tried aggregator 1 time.
Reduced MIP has 8886 rows, 186757 columns, and 561325 nonzeros.
Reduced MIP has 182105 binaries, 2118 generals, 0 SOSs, and 2959 indicators.
Presolve time = 0.35 sec. (240.12 ticks)
Tried aggregator 1 time.
Reduced MIP has 8886 rows, 186757 columns, and 561325 nonzeros.
Reduced MIP has 182105 binaries, 2118 generals, 0 SOSs, and 2959 indicators.
Presolve time = 0.60 sec. (358.26 ticks)
Represolve time = 2.71 sec. (1219.08 ticks)
   1587     0      210.0000  2718                  Cuts: 2321  2387820         
   1587     0      210.0000  3055                  Cuts: 2321  2408600         
   1587     0      210.0000  3091                  Cuts: 2321  2428398         
   1587     0      210.0000  3094                  Cuts: 2321  2450196         
   1587     0      210.0000  2836                  Cuts: 2321  2467363         
   1587     0      210.0000  3168                  Cuts: 2321  2484152         
   1587     2      210.0000  2505                    210.0000  2484152         
   1591     6      210.0000  2410                    210.0000  2485093         
   1602    17      210.0000  1978                    210.0000  2488233         
   1628    29      211.0000  2249                    210.0000  2490656         
   1638    39      211.0000  2399                    210.0000  2493293         
Elapsed time = 1765.35 sec. (1235542.44 ticks, tree = 3.41 MB, solutions = 0)
   1671    65      257.0000  2477                    210.0000  2497970         
   1680    70      210.0000  2396                    210.0000  2502245         
   1688    78      211.0000  2244                    210.0000  2506454         
   1730   117      211.0000  1853                    210.0000  2514035         

GUB cover cuts applied:  114
Cover cuts applied:  14
Implied bound cuts applied:  855
Flow cuts applied:  1
Mixed integer rounding cuts applied:  404
Zero-half cuts applied:  66

Root node processing (before b&c):
  Real time             =   51.83 sec. (48237.35 ticks)
Parallel b&c, 8 threads:
  Real time             = 1750.30 sec. (1217508.32 ticks)
  Sync time (average)   =  252.99 sec.
  Wait time (average)   =    0.14 sec.
                          ------------
Total (root+branch&cut) = 1802.14 sec. (1265745.67 ticks)
! --------------------------------------------------------
! Problem is UNKNOWN
! CPLEX Status = AbortTimeLim
! --------------------------------------------------------
