! Solving for graph /home/truongxuanhieu/CPLEX-MIP-for-MinSpanLabeling/benchmarks/cabp/Q-494_bus.mtx.rnd
! Target value is set to 164
! Lower bound is set to 165
! Upper bound is set to 494
! Time limit is set to 1800
! Vertices mode is set to No hole
! Target value mode is set to Cyclic Antibandwidth
Version identifier: 22.2.0.0 | 2026-05-04 | 5dff98e58
CPXPARAM_TimeLimit                               1800
Tried aggregator 2 times.
MIP Presolve eliminated 590 rows and 1238 columns.
MIP Presolve modified 487905 coefficients.
Aggregator did 2651 substitutions.
Reduced MIP has 5892 rows, 247614 columns, and 743095 nonzeros.
Reduced MIP has 244868 binaries, 1081 generals, 0 SOSs, and 1665 indicators.
Presolve time = 1.18 sec. (1101.77 ticks)
Probing time = 1.45 sec. (461.91 ticks)
Tried aggregator 2 times.
Detecting symmetries...
Aggregator did 146 substitutions.
Reduced MIP has 5746 rows, 247468 columns, and 742949 nonzeros.
Reduced MIP has 244868 binaries, 1428 generals, 0 SOSs, and 1665 indicators.
Presolve time = 1.17 sec. (666.55 ticks)
Probing time = 0.20 sec. (55.66 ticks)
Clique table members: 80442.
MIP emphasis: balance optimality and feasibility.
MIP search method: dynamic search.
Parallel mode: deterministic, using up to 8 threads.
Root relaxation solution time = 11.75 sec. (4075.47 ticks)

        Nodes                                         Cuts/
   Node  Left     Objective  IInf  Best Integer    Best Bound    ItCnt     Gap

      0     0      328.0000  1464                    328.0000       16         
      0     0      328.0000  1486                  Cuts: 1335     3894         
      0     0      328.0000  1577                   Cuts: 769    19122         
Heuristic still looking.
      0     2      328.0000  1577                    328.0000    19122         
Elapsed time = 125.53 sec. (108432.89 ticks, tree = 0.02 MB, solutions = 0)
      1     3      328.0000  1665                    328.0000    19436         
      2     4      328.0000  1520                    328.0000    20826         
      3     5      328.0000  1529                    328.0000    20900         
      6     8      328.0000  1491                    328.0000    20958         
      8     3      328.0000  1577                    328.0000    19158         
     10     8      328.0000  1480                    328.0000    20946         
     11     9      328.0000  1481                    328.0000    20965         
     12    11      328.0000  1618                    328.0000    23116         
     13    12      328.0000  1540                    328.0000    23886         
     14     6      328.0000  1500                    328.0000    23220         
Elapsed time = 148.09 sec. (124392.67 ticks, tree = 0.02 MB, solutions = 0)
     18    14      328.0000  1572                    328.0000    24292         
     20    10      328.0000  1483                    328.0000    26736         
     21    21      328.0000  1577                    328.0000    36538         
     23    17      328.0000  1539                    328.0000    30811         
     24    18      328.0000  1551                    328.0000    32460         
     25    22      328.0000  1542                    328.0000    36712         
     26    24      328.0000  1561                    328.0000    44614         
     28    23      328.0000  1535                    328.0000    46977         
     29    20      328.0000  1552                    328.0000    38478         
     32    29      328.0000  1594                    328.0000    50986         
Elapsed time = 179.52 sec. (142751.35 ticks, tree = 0.99 MB, solutions = 0)
     33    28      328.0000  1520                    328.0000    52938         
     34    33      328.0000  1523                    328.0000    59964         
     35    34      328.0000  1600                    328.0000    65421         
     37    31      328.0000  1482                    328.0000    56083         
     38    36      328.0000  1556                    328.0000    65573         
     43    36      328.0000  1474                    328.0000    69433         
     49    45      328.0000  1449                    328.0000    73242         
     53    32      328.0000  1526                    328.0000    62510         
     54    47      328.0000  1423                    328.0000    73601         
     57    50      328.0000  1430                    328.0000    73893         
Elapsed time = 211.76 sec. (159765.64 ticks, tree = 2.64 MB, solutions = 0)
     60    51      328.0000  1441                    328.0000    74442         
     61    52      328.0000  1447                    328.0000    75022         
     63    44      328.0000  1580                    328.0000    78740         
     65    56      353.0000  1457                    328.0000   107795         
     70    66      328.0000  1508                    328.0000   117004         
     76    71      328.0000  1546                    328.0000   117517         
     80    65      328.0000  1442                    328.0000   117663         
     89    69      328.0000  1421                    328.0000   118040         
    102    86      328.0000  1417                    328.0000   118520         
    119    93      328.0000  1399                    328.0000   118894         
Elapsed time = 249.02 sec. (175474.40 ticks, tree = 7.55 MB, solutions = 0)
    129   100      328.0000  1377                    328.0000   119279         
    133   105      328.0000  1457                    328.0000   121867         
    139   106      328.0000  1389                    328.0000   120129         
    144   107      328.0000  1439                    328.0000   126923         
    146   109      328.0000  1422                    328.0000   127045         
    151   113      328.0000  1408                    328.0000   127458         
    156   117      328.0000  1403                    328.0000   127830         
    160   121      328.0000  1395                    328.0000   128057         
    166   127      328.0000  1377                    328.0000   128394         
    169   130      328.0000  1399                    328.0000   133036         
Elapsed time = 272.88 sec. (189137.17 ticks, tree = 10.59 MB, solutions = 0)
    175   131      328.0000  1400                    328.0000   133726         
    181   158      328.0000  1449                    328.0000   140311         
    188    60      442.0000  1604                    328.0000   128033         
    193   165      328.0000  1439                    328.0000   140892         
    202   171      328.0000  1427                    328.0000   141331         
    208   163      328.0000  1377                    328.0000   137681         
    212   178      329.0000  1433                    328.0000   172982         
    218   160      328.0000  1545                    328.0000   156129         
    225   162      328.0000  1494                    328.0000   156408         
    233   171      328.0000  1381                    328.0000   171204         
Elapsed time = 294.15 sec. (200710.04 ticks, tree = 12.74 MB, solutions = 0)
    241   173      328.0000  1377                    328.0000   171684         
    246   170      328.0000  1416                    328.0000   169729         
    249   203      329.0000  1440                    328.0000   177401         
    257   214      328.0000  1416                    328.0000   218438         
    261   175      328.0000  1377                    328.0000   173219         
    269   220      328.0000  1402                    328.0000   219042         
    272   226      328.0000  1368                    328.0000   222500         
    285   238      328.0000  1363                    328.0000   226489         
    293   232      328.0000  1363                    328.0000   223021         
    296   229      328.0000  1400                    328.0000   220564         
Elapsed time = 314.50 sec. (211996.31 ticks, tree = 17.67 MB, solutions = 0)
    303   236      328.0000  1490                    328.0000   232963         
    307   237      328.0000  1474                    328.0000   233364         
    311   261      328.0000  1397                    328.0000   236572         
    316   109      492.0000  1982                    328.0000   144304         
    318   245      328.0000  1404                    328.0000   230503         
    321   240      328.0000  1469                    328.0000   235789         
    324   274      329.0000  1468                    328.0000   263222         
    330   287      328.0000  1384                    328.0000   269482         
    332   295      328.0000  1440                    328.0000   272321         
    334   292      328.0000  1447                    328.0000   273112         
Elapsed time = 352.65 sec. (231297.69 ticks, tree = 24.53 MB, solutions = 0)
    336   294      328.0000  1492                    328.0000   273399         
    337   297      328.0000  1472                    328.0000   274627         
    341   307      328.0000  1466                    328.0000   279208         
    344   298      328.0000  1472                    328.0000   276049         
    348   313      328.0000  1477                    328.0000   280599         
    352   316      328.0000  1466                    328.0000   280947         
    359   313      328.0000  1463                    328.0000   288012         
    361   180      492.0000  2051                    328.0000   199771         
    366   317      328.0000  1400                    328.0000   314581         
    376   321      328.0000  1377                    328.0000   314963         
Elapsed time = 375.36 sec. (247140.90 ticks, tree = 27.35 MB, solutions = 0)
    379   323      328.0000  1397                    328.0000   315506         
    387   324      329.0000  1408                    328.0000   315909         
    396   320      328.0000  1502                    328.0000   284356         
    403   329      328.0000  1380                    328.0000   316660         
    405   353      328.0000  1480                    328.0000   374538         
    408   355      328.0000  1462                    328.0000   374831         
    414   359      328.0000  1457                    328.0000   375054         
    421   340      328.0000  1456                    328.0000   370314         
    428   366      328.0000  1446                    328.0000   375955         
    448   384      328.0000  1377                    328.0000   380704         
Elapsed time = 400.79 sec. (261378.60 ticks, tree = 35.57 MB, solutions = 0)
    465   391      328.0000  1374                    328.0000   382600         
    481   399      328.0000  1356                    328.0000   384274         
    488   401      328.0000  1375                    328.0000   386217         
    499   454      328.0000  1373                    328.0000   458292         
    516   460      328.0000  1351                    328.0000   460020         
    522   482      328.0000  1376                    328.0000   517261         
    534   488      328.0000  1349                    328.0000   518665         
    544   491      328.0000  1367                    328.0000   520539         
    551   383      493.0000  2044                    328.0000   432507         
    552   471      492.0000  1934                    328.0000   515590         
Elapsed time = 494.00 sec. (315024.65 ticks, tree = 47.29 MB, solutions = 0)
    560   522      329.0000  1389                    328.0000   664195         
    565   529      328.0000  1386                    328.0000   732150         
    569   533      328.0000  1383                    328.0000   733975         
    572   537      388.0000  1496                    328.0000   737057         
    573   538      328.0000  1453                    328.0000   739094         
    579   526      492.0000  1936                    328.0000   685104         
    580   494      492.0000  2137                    328.0000   631191         
    583   492      492.0000  1891                    328.0000   597482         
    585   522      492.0000  1996                    328.0000   732967         
    589   564      410.0000  1478                    328.0000   866862         
Elapsed time = 589.24 sec. (371878.91 ticks, tree = 58.86 MB, solutions = 0)
    594   569      410.0000  1438                    328.0000   868060         
    598   573      410.0000  1457                    328.0000   869801         
    599   539      492.0000  2085                    328.0000   769569         
    604   556      492.0000  1916                    328.0000   850883         
    606   586      492.0000  1867                    328.0000   933039         
    614   567      492.0000  1936                    328.0000   936496         
    615   596      409.5000  1912                    328.0000   982295         
    618   599      411.0000  1447                    328.0000   987054         
    624   585      492.0000  1578                    328.0000   939275         
    625   591      492.0000  1822                    328.0000  1029411         
Elapsed time = 768.70 sec. (475462.00 ticks, tree = 62.63 MB, solutions = 0)
    626   592      492.0000  1605                    328.0000  1039218         
    628   553      328.0000  1345                    328.0000   757688         
    629   608    infeasible                          328.0000  1095191         
    630   586      492.0000  1809                    328.0000   962618         
    631   607    infeasible                          328.0000  1095787         
    633   593      492.0000  1718                    328.0000  1062363         
    636   607    infeasible                          328.0000  1102368         
    637   607    infeasible                          328.0000  1150149         
    640   610      328.0000  1448                    328.0000  1151028         
    643   613      353.0000  1488                    328.0000  1153084         
Elapsed time = 941.25 sec. (551341.19 ticks, tree = 65.65 MB, solutions = 0)
    652   594      492.0000  1722                    328.0000  1081261         
    662   612      492.0000  2094                    328.0000  1175620         
    663   612      378.0000  1507                    328.0000  1223491         
    668   615      378.0000  1475                    328.0000  1226127         
    680   627      378.0000  1422                    328.0000  1227168         
    692   638      378.0000  1460                    328.0000  1229527         
    702   647      378.0000  1440                    328.0000  1231441         
    705   625      410.0000  1499                    328.0000  1276547         
    708   627      410.0000  1476                    328.0000  1279129         
    715   609    infeasible                          328.0000  1202718         
Elapsed time = 1060.97 sec. (621301.83 ticks, tree = 65.53 MB, solutions = 0)
    716   613      492.0000  1894                    328.0000  1169121         
    717   626      492.0000  1670                    328.0000  1311281         
    722   690      378.0000  1420                    328.0000  1423765         
    728   634      449.0000  1640                    328.0000  1294772         
    732   700      410.0000  1481                    328.0000  1451332         
    752   648      493.0000  1683                    328.0000  1353973         
    760   647      492.0000  1591                    328.0000  1363370         
    762   712      492.0000  1975                    328.0000  1479001         
    767   713      378.0000  1389                    328.0000  1457994         
    770   729      378.0000  1383                    328.0000  1531098         
Elapsed time = 1162.07 sec. (693443.30 ticks, tree = 81.22 MB, solutions = 0)
    784   740      378.0000  1382                    328.0000  1532643         
    794   749      410.0000  1496                    328.0000  1590384         
    797   701      492.0000  1757                    328.0000  1504918         
    803   700      492.0000  1731                    328.0000  1496843         
    804   752      493.0000  1894                    328.0000  1614530         
    809   757      410.0000  1467                    328.0000  1616843         
    812   751      493.0000  2114                    328.0000  1565101         
    817   648      492.0000  1691                    328.0000  1394786         
    819   778      493.0000  2050                    328.0000  1712307         
    824   779      492.0000  1786                    328.0000  1766445         
Elapsed time = 1311.80 sec. (785442.72 ticks, tree = 87.61 MB, solutions = 0)
    826   750      493.0000  1529                    328.0000  1649868         
    832   798      410.0000  1486                    328.0000  1809861         
    835   777      492.0000  1704                    328.0000  1745215         
    836   783      493.0000  1983                    328.0000  1737753         
    838   610      492.0000  1601                    328.0000  1192943         
    841   795      493.0000  1639                    328.0000  1848200         
    846   778      492.0000  1602                    328.0000  1755592         
    854   806      492.0000  1967                    328.0000  1932911         
    856   729      492.0000  1814                    328.0000  1548789         
    857   807      492.0000  1745                    328.0000  1944593         
Elapsed time = 1465.81 sec. (862930.31 ticks, tree = 90.58 MB, solutions = 0)
    858   808      492.0000  2017                    328.0000  1956254         
    860   808    infeasible                          328.0000  1991776         
    861   824    infeasible                          328.0000  2014665         
    862   808      492.0000  1624                    328.0000  1979045         
    864   797      493.0000  1612                    328.0000  1869595         
    865   806    infeasible                          328.0000  1958871         
    866   827      492.0000  1540                    328.0000  2048448         
    869   823    infeasible                          328.0000  2034700         
    870   829      492.0000  1699                    328.0000  2094742         
    871   811      492.0000  1764                    328.0000  2009941         
Elapsed time = 1635.61 sec. (969688.56 ticks, tree = 91.17 MB, solutions = 0)
    872   833      492.0000  1590                    328.0000  2181626         
    874   831    infeasible                          328.0000  2161962         
    875   829      492.0000  1644                    328.0000  2064059         
    876   830    infeasible                          328.0000  2162118         
    879   836      329.0000  1481                    328.0000  2243065         
    886   822    infeasible                          328.0000  2054412         
    888   838      328.0000  1418                    328.0000  2354117         
    896   837      492.0000  1928                    328.0000  2237694         
    897   843      492.0000  2022                    328.0000  2270782         
    898   841      492.0000  1778                    328.0000  2329041         
Elapsed time = 1788.72 sec. (1059747.98 ticks, tree = 95.50 MB, solutions = 0)
    899   846      492.0000  1969                    328.0000  2381539         
    909   840      492.0000  1634                    328.0000  2391145         
    911   830      492.0000  1682                    328.0000  2132912         

Clique cuts applied:  7
Cover cuts applied:  185
Implied bound cuts applied:  983
Mixed integer rounding cuts applied:  391
Zero-half cuts applied:  51
Gomory fractional cuts applied:  23

Root node processing (before b&c):
  Real time             =  123.41 sec. (106944.54 ticks)
Parallel b&c, 8 threads:
  Real time             = 1677.27 sec. (976452.14 ticks)
  Sync time (average)   =  198.02 sec.
  Wait time (average)   =    0.00 sec.
                          ------------
Total (root+branch&cut) = 1800.68 sec. (1083396.68 ticks)
! --------------------------------------------------------
! Problem is UNKNOWN
! CPLEX Status = AbortTimeLim
! --------------------------------------------------------
