! Solving for graph /home/truongxuanhieu/CPLEX-MIP-for-MinSpanLabeling/benchmarks/cabp/W-685_bus.mtx.rnd
! Target value is set to 114
! Lower bound is set to 115
! Upper bound is set to 685
! Time limit is set to 1800
! Vertices mode is set to No hole
! Target value mode is set to Cyclic Antibandwidth
Version identifier: 22.2.0.0 | 2026-05-04 | 5dff98e58
CPXPARAM_TimeLimit                               1800
Tried aggregator 2 times.
MIP Presolve eliminated 1284 rows and 1712 columns.
MIP Presolve modified 937994 coefficients.
Aggregator did 4619 substitutions.
Reduced MIP has 10521 rows, 476067 columns, and 1429252 nonzeros.
Reduced MIP has 470850 binaries, 1968 generals, 0 SOSs, and 3249 indicators.
Presolve time = 2.71 sec. (2558.20 ticks)
Probing time = 1.86 sec. (780.52 ticks)
Tried aggregator 2 times.
Detecting symmetries...
Aggregator did 28 substitutions.
Reduced MIP has 10493 rows, 476039 columns, and 1429224 nonzeros.
Reduced MIP has 470850 binaries, 2625 generals, 0 SOSs, and 3249 indicators.
Presolve time = 2.59 sec. (1094.03 ticks)
Probing time = 0.38 sec. (100.20 ticks)
Clique table members: 112708.
MIP emphasis: balance optimality and feasibility.
MIP search method: dynamic search.
Parallel mode: deterministic, using up to 8 threads.
Root relaxation solution time = 3.37 sec. (1171.87 ticks)

        Nodes                                         Cuts/
   Node  Left     Objective  IInf  Best Integer    Best Bound    ItCnt     Gap

      0     0      228.0000  1524                    228.0000     2269         
      0     0      228.0000  3051                  Cuts: 2723     5291         
      0     0      228.0000  2364                  Cuts: 2723     8196         
      0     0      228.0000  2500                  Cuts: 2723    11762         
      0     2      228.0000  2209                    228.0000    11762         
Elapsed time = 136.50 sec. (106632.50 ticks, tree = 0.02 MB, solutions = 0)
      2     4      228.0000  2120                    228.0000    11937         
      5     7      228.0000  2053                    228.0000    12010         
      8    10      228.0000  2034                    228.0000    12042         
     12     5      228.0000  2113                    228.0000    11971         
     14    12      228.0000  2368                    228.0000    13466         
     17    14      228.0000  2291                    228.0000    13640         
     23    18      228.0000  2267                    228.0000    15088         
     30    19      228.0000  2238                    228.0000    16453         
     40    28      228.0000  2141                    228.0000    18192         
     72    59      228.0000  2299                    228.0000    20450         
Elapsed time = 144.46 sec. (110063.03 ticks, tree = 7.46 MB, solutions = 0)
    154   102      228.0000  2183                    228.0000    29840         
    250   200      228.0000  1996                    228.0000    33053         
    303   268      228.0000  1960                    228.0000    45399         
    371   335      342.0000  1875                    228.0000    56623         
    438   405      342.0000  1964                    228.0000    62993         
    495   455      228.0000  1980                    228.0000    66552         
    552   507      342.0000  1862                    228.0000    70813         
    587   532      342.0000  1955                    228.0000    75474         
    602   594    infeasible                          228.0000    84122         
    603   574    infeasible                          228.0000    81108         
Elapsed time = 178.39 sec. (123088.08 ticks, tree = 118.21 MB, solutions = 0)
    607   597      342.0000  1945                    228.0000    85762         
    615   603      342.0000  1935                    228.0000    87654         
    635   610      343.0000  1766                    228.0000    86232         
    651   633      229.0000  1895                    228.0000    90146         
    668   642      229.0000  1845                    228.0000    91453         
    682   539      342.0000  2075                    228.0000    79221         
    717   663      342.0000  1977                    228.0000    96937         
    773   593    infeasible                          228.0000    84318         
    803   717      457.0000  1784                    228.0000   109791         
    867   751      456.0000  1920                    228.0000   112590         
Elapsed time = 202.48 sec. (132919.11 ticks, tree = 162.86 MB, solutions = 0)
    925   775      342.0000  1905                    228.0000   113025         
    961   821      342.0000  1848                    228.0000   118718         
    984   905      457.0000  1811                    228.0000   123610         
   1009   849      456.0000  1863                    228.0000   120377         
   1058   901      456.0000  1807                    228.0000   123358         
   1080   982      456.0000  1791                    228.0000   132765         
   1110   999      456.0000  1857                    228.0000   135225         
   1139  1043      456.0000  1852                    228.0000   145124         
   1193  1085      456.0000  1879                    228.0000   149023         
   1242  1048      343.0000  1832                    228.0000   142259         
Elapsed time = 225.95 sec. (142657.79 ticks, tree = 242.73 MB, solutions = 0)
   1272  1192      456.0000  1845                    228.0000   151991         
   1311  1199      457.0000  1798                    228.0000   152247         
   1345  1208      457.0000  1790                    228.0000   152458         
   1358  1236      457.0000  1686                    228.0000   153938         
   1384  1210      457.0000  1777                    228.0000   152578         
   1419  1278      457.0000  1681                    228.0000   157679         
   1438  1312      457.0000  1753                    228.0000   159657         
   1455  1356      456.0000  1880                    228.0000   165818         
   1459  1360      366.0000  1802                    228.0000   167083         
   1466  1406      366.0000  1813                    228.0000   169929         
Elapsed time = 253.10 sec. (153039.61 ticks, tree = 341.11 MB, solutions = 0)
   1478  1416      457.0000  1773                    228.0000   172655         
   1494  1415      480.0000  1886                    228.0000   173428         
   1512  1435      480.0000  1901                    228.0000   176628         
   1523  1442      457.0000  1736                    228.0000   178138         
   1535  1462      480.0000  1836                    228.0000   178703         
   1548  1419      570.0000  2009                    228.0000   172551         
   1551  1373      571.0000  1798                    228.0000   169342         
   1559  1449      571.0000  1875                    228.0000   180721         
   1572  1522      480.0000  1825                    228.0000   206261         
   1583  1526      480.0000  1827                    228.0000   206326         
Elapsed time = 277.84 sec. (164455.65 ticks, tree = 374.91 MB, solutions = 0)
   1591  1534      480.0000  1816                    228.0000   206556         
   1594  1504      457.0000  1777                    228.0000   201385         
   1595  1518      571.0000  1939                    228.0000   210887         
   1596  1472      571.0000  1821                    228.0000   191000         
   1597  1489      571.0000  1807                    228.0000   201586         
   1598  1519      570.0000  1965                    228.0000   225553         
   1599   910      571.0000  1916                    228.0000   156909         
   1600  1486      570.0000  2072                    228.0000   234774         

Performing restart 1

Repeating presolve.
Tried aggregator 1 time.
Reduced MIP has 10493 rows, 476039 columns, and 1429224 nonzeros.
Reduced MIP has 470850 binaries, 2625 generals, 0 SOSs, and 3249 indicators.
Presolve time = 1.04 sec. (561.16 ticks)
Tried aggregator 1 time.
Reduced MIP has 10493 rows, 476039 columns, and 1429224 nonzeros.
Reduced MIP has 470850 binaries, 2625 generals, 0 SOSs, and 3249 indicators.
Presolve time = 2.08 sec. (865.39 ticks)
Represolve time = 6.61 sec. (2795.24 ticks)
   1601     0      228.0000  3136                  Cuts: 2723   337377         
   1601     0      228.0000  3299                  Cuts: 2723   351795         
   1601     0      228.0000  3352                  Cuts: 2723   374955         
   1601     0      228.0000  3401                  Cuts: 2723   390828         
   1601     2      228.0000  2477                    228.0000   390828         
   1606     7      228.0000  2461                    228.0000   391025         
Elapsed time = 919.97 sec. (706250.54 ticks, tree = 0.23 MB, solutions = 0)
   1608     9      228.0000  2475                    228.0000   391149         
   1611    12      228.0000  2353                    228.0000   391297         
   1613    14      228.0000  2337                    228.0000   392024         
   1626    20      229.0000  2490                    228.0000   395163         
   1653    23      229.0000  2521                    228.0000   394846         
   1680    30      232.0000  2399                    228.0000   394992         
   1707    64      238.0000  2234                    228.0000   400638         
   1735    71      238.0000  2199                    228.0000   400980         
   1766    98      230.0000  2343                    228.0000   403545         
   1810   118      229.0000  2166                    228.0000   405503         
Elapsed time = 945.81 sec. (717774.61 ticks, tree = 15.70 MB, solutions = 0)
   1832   147      229.0000  2449                    228.0000   407985         
   1856   186      342.0000  2173                    228.0000   414076         
   1884   192      342.0000  2100                    228.0000   414216         
   1908   209      229.0000  2112                    228.0000   415329         
   1926   255      342.0000  2101                    228.0000   419404         
   1941   280      342.0000  2053                    228.0000   421488         
   1962   289      342.0000  2035                    228.0000   421619         
   1983   294      342.0000  2089                    228.0000   423174         
   2006   312      342.0000  2023                    228.0000   425601         
   2050   383      238.0000  2133                    228.0000   426624         
Elapsed time = 970.06 sec. (727539.90 ticks, tree = 65.15 MB, solutions = 0)
   2104   360      229.0000  2122                    228.0000   426760         
   2176   492      342.0000  1959                    228.0000   430000         
   2255   419      230.0000  2091                    228.0000   427328         
   2315   550      342.0000  1993                    228.0000   432909         
   2370   692      342.0000  1934                    228.0000   436257         
   2424   696      342.0000  1920                    228.0000   437346         
   2474   659      342.0000  1952                    228.0000   435797         
   2532   733      343.0000  2011                    228.0000   439024         
   2584   894      356.0000  2009                    228.0000   445093         
   2806   956      342.0000  1917                    228.0000   450218         
Elapsed time = 1000.93 sec. (740133.97 ticks, tree = 199.24 MB, solutions = 0)
   3013  1187      342.0000  1866                    228.0000   461372         
   3187  1476      342.0000  1865                    228.0000   475392         
   3392  1655      342.0000  1856                    228.0000   485910         
   3570  1744      456.0000  1915                    228.0000   492883         
   3736  1943      342.0000  1964                    228.0000   508708         
   3854  2108      457.0000  1816                    228.0000   516322         
   3981  2222      558.0000  2016                    228.0000   533507         
   4163  2370      558.0000  2004                    228.0000   543706         
   4314  2471      456.0000  1978                    228.0000   547542         
   4476  2625      456.0000  1951                    228.0000   555541         
Elapsed time = 1092.62 sec. (778546.27 ticks, tree = 625.64 MB, solutions = 0)
   4622  2741      456.0000  1940                    228.0000   571967         
   4764  2809      556.0000  1876                    228.0000   574625         
   4836  2975      456.0000  1944                    228.0000   581857         
   4896  3055      571.0000  1910                    228.0000   590761         
   4931  3093      571.0000  1872                    228.0000   597376         
   4976  2506      618.0000  2087                    228.0000   554808         
   5067  3243      571.0000  1860                    228.0000   618105         
   5129  3297      342.0000  2225                    228.0000   627666         
   5181  3328      570.0000  1935                    228.0000   627697         
   5251  3402      456.0000  2061                    228.0000   638955         
Elapsed time = 1180.61 sec. (817413.20 ticks, tree = 831.25 MB, solutions = 0)
   5316  3431      570.0000  1920                    228.0000   643016         
   5351  3487      571.0000  1896                    228.0000   645255         
   5377  3537      570.0000  2106                    228.0000   652358         
   5437  3598      570.0000  2068                    228.0000   655083         
   5470  3627      570.0000  2065                    228.0000   656636         
   5506  3659      570.0000  2019                    228.0000   658479         
   5549  3703      571.0000  1843                    228.0000   699349         
   5571  3732      570.0000  1986                    228.0000   700887         
   5603  3757      570.0000  1972                    228.0000   725816         
   5635  3791      571.0000  1840                    228.0000   730021         
Elapsed time = 1277.60 sec. (856831.79 ticks, tree = 930.87 MB, solutions = 0)
   5656  3796      571.0000  1850                    228.0000   730937         
   5679  3841      570.0000  1928                    228.0000   733198         
   5692  3859      616.0000  2247                    228.0000   745517         
   5694  3858      570.0000  1926                    228.0000   734497         
   5709  3874      570.0000  1908                    228.0000   746173         
   5728  3888      570.0000  1932                    228.0000   746977         
   5741  3906      571.0000  1811                    228.0000   779320         
   5752  3914      571.0000  1809                    228.0000   780131         
   5753  3913      570.0000  1930                    228.0000   779199         
   5754  3917    infeasible                          228.0000   785431         
Elapsed time = 1422.49 sec. (913102.19 ticks, tree = 963.11 MB, solutions = 0)
   5756  3927    infeasible                          228.0000   785705         
   5757  3448      670.0000  2619                    228.0000   677594         
   5760  3925    infeasible                          228.0000   785851         
   5761  3924    infeasible                          228.0000   785980         
   5762  3930    infeasible                          228.0000   820534         
   5763  3767      672.0000  2946                    228.0000   766427         
   5767  3930      282.0000  2315                    228.0000   821685         
   5813  3958      457.0000  2113                    228.0000   865187         
   5901  4009      430.0000  2283                    228.0000   876943         
   5973  4085      342.0000  2126                    228.0000   881961         
Elapsed time = 1610.48 sec. (977753.61 ticks, tree = 1006.56 MB, solutions = 0)
   6009  4140      558.0000  2128                    228.0000   888229         
   6075  4181      457.0000  1963                    228.0000   890450         
   6124  4240      457.0000  1912                    228.0000   896094         
   6169  4297      457.0000  1870                    228.0000   940986         
   6216  4345      457.0000  1840                    228.0000   943734         
   6242  4358      457.0000  1827                    228.0000   944260         
   6267  4404      457.0000  1800                    228.0000   946370         
   6287  4424      456.0000  2243                    228.0000   949487         
   6312  4447      456.0000  2144                    228.0000   951350         
   6336  4471      456.0000  2105                    228.0000   952996         
Elapsed time = 1767.15 sec. (1036163.11 ticks, tree = 1105.71 MB, solutions = 0)
   6353  4484      571.0000  2110                    228.0000   955935         
   6363  4494      544.0000  2122                    228.0000   957525         
   6383  4514      544.0000  2062                    228.0000   958687         
   6396  3693    infeasible                          228.0000   760219         

GUB cover cuts applied:  3
Clique cuts applied:  2
Cover cuts applied:  28
Implied bound cuts applied:  346
Flow cuts applied:  2
Mixed integer rounding cuts applied:  569
Zero-half cuts applied:  46
Gomory fractional cuts applied:  6

Root node processing (before b&c):
  Real time             =  135.54 sec. (106295.12 ticks)
Parallel b&c, 8 threads:
  Real time             = 1664.72 sec. (1075102.94 ticks)
  Sync time (average)   =  207.61 sec.
  Wait time (average)   =    0.26 sec.
                          ------------
Total (root+branch&cut) = 1800.26 sec. (1181398.06 ticks)
! --------------------------------------------------------
! Problem is UNKNOWN
! CPLEX Status = AbortTimeLim
! --------------------------------------------------------
