! Solving for graph /home/truongxuanhieu/CPLEX-MIP-for-MinSpanLabeling/benchmarks/cabp/X-can__715.mtx.rnd
! Target value is set to 101
! Lower bound is set to 102
! Upper bound is set to 715
! Time limit is set to 1800
! Vertices mode is set to No hole
! Target value mode is set to Cyclic Antibandwidth
Version identifier: 22.2.0.0 | 2026-05-04 | 5dff98e58
CPXPARAM_TimeLimit                               1800
Tried aggregator 2 times.
MIP Presolve eliminated 2977 rows and 1787 columns.
MIP Presolve modified 1021938 coefficients.
Aggregator did 8095 substitutions.
Reduced MIP has 19166 rows, 524914 columns, and 1577512 nonzeros.
Reduced MIP has 514558 binaries, 3691 generals, 0 SOSs, and 6665 indicators.
Presolve time = 3.03 sec. (3753.91 ticks)
Probing time = 1.86 sec. (870.89 ticks)
Tried aggregator 2 times.
Detecting symmetries...
Aggregator did 3 substitutions.
Reduced MIP has 19163 rows, 524911 columns, and 1577509 nonzeros.
Reduced MIP has 514558 binaries, 4403 generals, 0 SOSs, and 6665 indicators.
Presolve time = 2.80 sec. (1241.61 ticks)
Probing time = 0.49 sec. (119.54 ticks)
Clique table members: 122328.
MIP emphasis: balance optimality and feasibility.
MIP search method: dynamic search.
Parallel mode: deterministic, using up to 8 threads.
Root relaxation solution time = 6.04 sec. (2133.73 ticks)

        Nodes                                         Cuts/
   Node  Left     Objective  IInf  Best Integer    Best Bound    ItCnt     Gap

      0     0      202.0000  2219                    202.0000     4449         
      0     0      202.0000  4534                  Cuts: 4890     7668         
      0     0      202.0000  4573                  Cuts: 4890     8947         
      0     2      202.0000  4573                    202.0000     8947         
Elapsed time = 103.69 sec. (95747.51 ticks, tree = 0.02 MB, solutions = 0)
      1     3      202.0000  4577                    202.0000    10167         
      3     5      202.0000  4361                    202.0000    12709         
      4     6      202.0000  4290                    202.0000    13384         
      6     7      202.0000  4519                    202.0000    13404         
      7     4      202.0000  3763                    202.0000    10314         
      9     9      202.0000  4566                    202.0000    15103         
     12    11      202.0000  4403                    202.0000    16495         
     14     9      202.0000  4812                    202.0000    14776         
     16    10      202.0000  3948                    202.0000    17540         
     26    24      202.0000  4366                    202.0000    32105         
Elapsed time = 115.67 sec. (103129.93 ticks, tree = 3.53 MB, solutions = 0)
     59    31      202.0000  3841                    202.0000    32519         
     77    66    infeasible                          202.0000    48901         
     82    59      300.0000  4497                    202.0000    48979         
     86    43      303.0000  3348                    202.0000    42808         
     87    87      303.0000  3341                    202.0000    62610         
     97    75      202.0000  3692                    202.0000    55814         
    109    76      274.0000  4774                    202.0000    61463         
    130   115      404.0000  3279                    202.0000    64239         
    161   121      303.0000  3425                    202.0000    71678         
    213   129      303.0000  3458                    202.0000    72232         
Elapsed time = 153.19 sec. (116886.69 ticks, tree = 27.31 MB, solutions = 0)
    261   158      303.0000  3255                    202.0000    83747         
    311   227      202.0000  3774                    202.0000   100828         
    347   205      404.0000  3287                    202.0000    98675         
    367   310      404.0000  3231                    202.0000   115396         
    384   265      505.0000  3299                    202.0000   107270         
    418   350      202.0000  3697                    202.0000   125962         
    446   358      404.0000  3275                    202.0000   126675         
    467   392      505.0000  3236                    202.0000   135814         
    489   380      505.0000  3323                    202.0000   134191         
    516   425      404.0000  3087                    202.0000   137451         
Elapsed time = 177.61 sec. (126706.58 ticks, tree = 118.11 MB, solutions = 0)
    537   470      505.0000  3275                    202.0000   155271         
    563   448      304.0000  3219                    202.0000   147763         
    583   497      304.0000  3181                    202.0000   159720         
    605   520      606.0000  3191                    202.0000   169383         
    615   527      606.0000  3169                    202.0000   169818         
    623   533      606.0000  3139                    202.0000   170085         
    634   545      505.0000  3053                    202.0000   172204         
    638   541      505.0000  3316                    202.0000   170037         
    654   568      505.0000  3249                    202.0000   170814         
    661   574      304.0000  3164                    202.0000   171036         
Elapsed time = 205.62 sec. (137104.64 ticks, tree = 172.91 MB, solutions = 0)
    671   575      505.0000  3236                    202.0000   172423         
    695   540      606.0000  3117                    202.0000   170296         
    714   590      304.0000  3167                    202.0000   177758         
    741   618      606.0000  3089                    202.0000   178468         
    766   605      304.0000  3130                    202.0000   178819         
    785   689      304.0000  3120                    202.0000   187170         
    803   668      405.0000  3207                    202.0000   184205         
    821   702      304.0000  3244                    202.0000   188230         
    846   714      304.0000  3203                    202.0000   188348         
    863   717      606.0000  3076                    202.0000   188551         
Elapsed time = 231.14 sec. (147293.53 ticks, tree = 227.55 MB, solutions = 0)
    885   770      405.0000  3101                    202.0000   194757         
    905   793      304.0000  3244                    202.0000   196817         
    923   833      405.0000  3077                    202.0000   199155         
    937   816      606.0000  3018                    202.0000   197167         
    957   825      606.0000  3001                    202.0000   197360         
    972   857      505.0000  3202                    202.0000   203064         
    988   880      304.0000  3166                    202.0000   202307         
   1012   912      606.0000  2986                    202.0000   207701         
   1036   948      304.0000  3140                    202.0000   208946         
   1049   954      304.0000  3035                    202.0000   209662         
Elapsed time = 257.38 sec. (157269.53 ticks, tree = 320.25 MB, solutions = 0)
   1062   949      607.0000  3237                    202.0000   214444         
   1080   957      607.0000  3204                    202.0000   214845         
   1104  1004      304.0000  3029                    202.0000   220624         
   1119   969      607.0000  3154                    202.0000   215444         
   1137  1021      304.0000  2998                    202.0000   221518         
   1154  1028      304.0000  2976                    202.0000   221582         
   1170  1034      607.0000  3099                    202.0000   222528         
   1195  1086      405.0000  2849                    202.0000   226538         
   1212  1089      405.0000  2852                    202.0000   227280         
   1226  1086      505.0000  3257                    202.0000   239167         
Elapsed time = 280.38 sec. (167358.55 ticks, tree = 373.18 MB, solutions = 0)
   1244  1129      505.0000  3050                    202.0000   242069         
   1263  1120      607.0000  3046                    202.0000   239562         
   1291  1163      505.0000  3221                    202.0000   247206         
   1309  1168      505.0000  3229                    202.0000   247487         
   1329  1214      405.0000  2768                    202.0000   248648         
   1346  1190      505.0000  3017                    202.0000   248662         
   1364  1228      405.0000  2739                    202.0000   249284         
   1379  1236      405.0000  2758                    202.0000   249453         
   1393  1273      405.0000  2705                    202.0000   251194         
   1414  1278      405.0000  2704                    202.0000   251329         
Elapsed time = 304.97 sec. (177363.12 ticks, tree = 449.61 MB, solutions = 0)
   1435  1332      506.0000  3116                    202.0000   254722         
   1458  1339      506.0000  3082                    202.0000   254905         
   1476  1327      607.0000  3003                    202.0000   253966         
   1500  1332      607.0000  2970                    202.0000   254190         
   1515  1367      405.0000  2852                    202.0000   258046         
   1533  1387      506.0000  3035                    202.0000   268662         
   1548  1394      506.0000  3070                    202.0000   269043         
   1564  1397      506.0000  3065                    202.0000   269100         
   1588  1451      505.0000  2999                    202.0000   273496         
   1599  1455      505.0000  3032                    202.0000   273803         
Elapsed time = 330.19 sec. (187654.40 ticks, tree = 518.54 MB, solutions = 0)
   1611  1428      405.0000  2694                    202.0000   271432         
   1626  1470      405.0000  2683                    202.0000   275031         
   1641  1477      405.0000  2760                    202.0000   275371         
   1655  1493      505.0000  3177                    202.0000   278362         
   1671  1500      505.0000  3164                    202.0000   278585         
   1704  1533      506.0000  3025                    202.0000   283102         
   1712  1541      506.0000  2978                    202.0000   283415         
   1718  1501      303.0000  3559                    202.0000   282435         
   1719  1555      506.0000  2847                    202.0000   285413         
   1738  1602      606.0000  3153                    202.0000   311705         
Elapsed time = 371.64 sec. (206342.03 ticks, tree = 575.00 MB, solutions = 0)
   1788  1644      506.0000  2927                    202.0000   314507         
   1826  1669      304.0000  3247                    202.0000   319867         
   1868  1697      505.0000  3325                    202.0000   344225         
   1889  1710      505.0000  3264                    202.0000   346288         
   1912  1760      304.0000  3189                    202.0000   349266         
   1971  1805      505.0000  3171                    202.0000   351281         
   2025  1834      505.0000  3104                    202.0000   352703         
   2052  1867      405.0000  2871                    202.0000   355310         
   2082  1925      505.0000  3142                    202.0000   358152         
   2145  1974      506.0000  2842                    202.0000   361025         
Elapsed time = 460.55 sec. (245795.78 ticks, tree = 721.46 MB, solutions = 0)
   2197  2024      505.0000  2957                    202.0000   362806         
   2232  2092      506.0000  2944                    202.0000   365333         
   2248  2108      506.0000  2898                    202.0000   367425         
   2273  2133      506.0000  2829                    202.0000   369408         
   2279  2139      506.0000  2828                    202.0000   370643         
   2293  2150      607.0000  2928                    202.0000   373604         
   2313  2175      607.0000  2874                    202.0000   377343         
   2323  2185      607.0000  2841                    202.0000   377731         
   2338  1581      606.0000  3352                    202.0000   332553         
   2345  1524      657.0000  3089                    202.0000   302942         
Elapsed time = 615.31 sec. (303304.97 ticks, tree = 546.79 MB, solutions = 0)
   2346  1705      607.0000  2703                    202.0000   374714         
   2347  2205    infeasible                          202.0000   425093         
   2349  2193      606.0000  3314                    202.0000   420568         
   2350  1682      707.0000  3778                    202.0000   356672         
   2352  2222      606.0000  3304                    202.0000   478263         
   2366  2237      606.0000  3220                    202.0000   516278         
   2379  2250      606.0000  3048                    202.0000   517592         
   2398  2269      606.0000  3022                    202.0000   518338         
   2417  2286      606.0000  2978                    202.0000   524856         
   2443  2260      607.0000  2569                    202.0000   524159         
Elapsed time = 765.81 sec. (369405.88 ticks, tree = 835.00 MB, solutions = 0)
   2462  2315      607.0000  2535                    202.0000   527083         
   2467  2300      606.0000  2994                    202.0000   526166         
   2477  2216      657.0000  3058                    202.0000   472843         
   2478   926      707.0000  3530                    202.0000   284986         
   2517  2374      606.0000  2928                    202.0000   624912         
   2545  2401      606.0000  2859                    202.0000   625920         
   2555  2200      657.0000  2927                    202.0000   427244         
   2558  2381      607.0000  2766                    202.0000   679357         
   2566  2385      607.0000  2689                    202.0000   680512         
   2573  2392      607.0000  2648                    202.0000   681411         
Elapsed time = 996.54 sec. (480609.96 ticks, tree = 887.45 MB, solutions = 0)
   2574  2393      607.0000  2692                    202.0000   683670         
   2578  1334      708.0000  4540                    202.0000   310373         
   2579  2334      657.0000  3158                    202.0000   564477         
   2580  2151      654.0000  4613                    202.0000   415106         
   2581  2411      707.0000  4159                    202.0000   658719         
   2582  2423      607.0000  2994                    202.0000   804487         
   2584  2483      607.0000  2973                    202.0000   839584         
   2590  2489      607.0000  2829                    202.0000   840182         
   2611  2510      607.0000  2736                    202.0000   841107         
   2617  2479    infeasible                          202.0000   838640         
Elapsed time = 1259.87 sec. (589743.14 ticks, tree = 921.32 MB, solutions = 0)
   2619  2482      606.0000  2835                    202.0000   839697         
   2626  2489      606.0000  2846                    202.0000   839897         
   2638  2501      606.0000  2824                    202.0000   840228         
   2641  2283      707.0000  3414                    202.0000   575974         
   2642  2418    infeasible                          202.0000   793727         
   2643  2396      656.5000  4578                    202.0000   737123         
   2645  2504      707.0000  3558                    202.0000   893976         
   2646  2509      606.0000  2834                    202.0000  1033103         
   2667  2530      606.0000  2792                    202.0000  1033909         
   2673  2504      707.0000  3435                    202.0000   913550         
Elapsed time = 1605.65 sec. (769415.15 ticks, tree = 930.66 MB, solutions = 0)
   2674  2382      704.0000  4071                    202.0000   697125         
   2676  2516      607.0000  2705                    202.0000   841794         
   2677  2529      606.0000  2979                    202.0000  1129024         
   2698  2592      606.0000  2902                    202.0000  1203403         
   2720  2614      606.0000  2921                    202.0000  1204511         
   2733  2626      606.0000  2852                    202.0000  1205416         
   2760  2646      606.0000  2826                    202.0000  1206168         
   2777  2569    infeasible                          202.0000  1201363         
   2791  2587      607.0000  2693                    202.0000  1236539         
   2807  2603      607.0000  2772                    202.0000  1239031         
Elapsed time = 1741.36 sec. (845514.57 ticks, tree = 971.16 MB, solutions = 0)
   2829  2625      607.0000  2662                    202.0000  1240170         
   2860  2641      607.0000  2740                    202.0000  1242581         
   2917  2661      607.0000  2651                    202.0000  1243722         
   2945  2628      607.0000  2860                    202.0000  1305448         

Cover cuts applied:  299
Implied bound cuts applied:  4128
Mixed integer rounding cuts applied:  4323
Zero-half cuts applied:  2

Root node processing (before b&c):
  Real time             =  102.85 sec. (95492.51 ticks)
Parallel b&c, 8 threads:
  Real time             = 1697.45 sec. (800743.41 ticks)
  Sync time (average)   =  300.53 sec.
  Wait time (average)   =    0.00 sec.
                          ------------
Total (root+branch&cut) = 1800.30 sec. (896235.91 ticks)
! --------------------------------------------------------
! Problem is UNKNOWN
! CPLEX Status = AbortTimeLim
! --------------------------------------------------------
