! Solving for graph /home/truongxuanhieu/CPLEX-MIP-for-MinSpanLabeling/benchmarks/abp/H-impcol_b.mtx.rnd
! Target value is set to 4
! Lower bound is set to 5
! Upper bound is set to 29
! Time limit is set to 1800
! Vertices mode is set to No hole
! Target value mode is set to Antibandwidth
Version identifier: 22.2.0.0 | 2026-05-04 | 5dff98e58
CPXPARAM_TimeLimit                               1800
Tried aggregator 2 times.
MIP Presolve eliminated 283 rows and 132 columns.
MIP Presolve modified 3399 coefficients.
Aggregator did 739 substitutions.
Reduced MIP has 1449 rows, 2999 columns, and 8678 nonzeros.
Reduced MIP has 2037 binaries, 341 generals, 0 SOSs, and 621 indicators.
Presolve time = 0.01 sec. (11.37 ticks)
Probing time = 0.01 sec. (11.69 ticks)
Tried aggregator 1 time.
Detecting symmetries...
Reduced MIP has 1449 rows, 2999 columns, and 8678 nonzeros.
Reduced MIP has 2037 binaries, 400 generals, 0 SOSs, and 621 indicators.
Presolve time = 0.01 sec. (6.26 ticks)
Probing time = 0.01 sec. (3.27 ticks)
Clique table members: 3952.
MIP emphasis: balance optimality and feasibility.
MIP search method: dynamic search.
Parallel mode: deterministic, using up to 8 threads.
Root relaxation solution time = 0.02 sec. (8.00 ticks)

        Nodes                                         Cuts/
   Node  Left     Objective  IInf  Best Integer    Best Bound    ItCnt     Gap

      0     0        5.0000   206                      5.0000      313         
      0     0        5.0000   364                   Cuts: 462      558         
      0     0        5.0000   419                   Cuts: 462      838         
Detecting symmetries...
      0     2        5.0000   322                      5.0000      838         
Elapsed time = 0.51 sec. (325.02 ticks, tree = 0.02 MB, solutions = 0)
    956   706       17.0000   136                      5.0000    21042         
   2199  1826        9.0000   187                      5.0000    50445         
   3270  2696       17.0000    50                      5.0000    70786         
   4967  4282       13.0000    87                      5.0000   104331         
   6372  5372       12.0000   227                      5.0000   131916         
   7550  6491       17.0000   144                      5.0000   160203         

Performing restart 1

Repeating presolve.
Tried aggregator 1 time.
Reduced MIP has 1449 rows, 2999 columns, and 8678 nonzeros.
Reduced MIP has 2037 binaries, 400 generals, 0 SOSs, and 621 indicators.
Presolve time = 0.00 sec. (4.38 ticks)
Tried aggregator 1 time.
Reduced MIP has 1449 rows, 2999 columns, and 8678 nonzeros.
Reduced MIP has 2037 binaries, 400 generals, 0 SOSs, and 621 indicators.
Presolve time = 0.01 sec. (6.49 ticks)
Represolve time = 0.04 sec. (27.60 ticks)
   8371     0        5.0000   451                   Cuts: 462   181272         
   8371     0        5.0086   581                   Cuts: 462   181903         
   8371     0        6.0000   577                   Cuts: 462   182461         
   8371     0        6.0000   574                   Cuts: 462   182892         
   8371     0        6.0000   602                   Cuts: 462   183568         
   8371     0        6.0000   563                   Cuts: 462   184096         
   8371     0        6.0000   574                   Cuts: 462   184595         
   8371     2        6.0000   398                      6.0000   184595         
   8425    30        9.0000   206                      6.0000   185759         
   8884   336       11.0000   150                      6.0000   192695         
  10428  1660       17.0048   350                      6.0000   240600         
Elapsed time = 7.29 sec. (5170.77 ticks, tree = 3.05 MB, solutions = 0)
  11365  2580        9.0000   472                      6.0000   290101         
  12182  3077       18.0000   193                      6.0000   338264         
  12380  3469       29.0000   308                      6.0000   378996         
  12903  3854       13.0000   351                      7.0000   427079         

Performing restart 2

Repeating presolve.
Tried aggregator 1 time.
Reduced MIP has 1449 rows, 2999 columns, and 10576 nonzeros.
Reduced MIP has 2037 binaries, 400 generals, 0 SOSs, and 621 indicators.
Presolve time = 0.00 sec. (5.09 ticks)
Tried aggregator 1 time.
MIP Presolve modified 1 coefficients.
Reduced MIP has 1449 rows, 2999 columns, and 10576 nonzeros.
Reduced MIP has 2037 binaries, 400 generals, 0 SOSs, and 621 indicators.
Presolve time = 0.01 sec. (7.51 ticks)
Represolve time = 0.06 sec. (50.67 ticks)
  13395     0        6.0000   736                   Cuts: 462   459976         
  13395     0        6.1657   725                   Cuts: 230   461770         
  13395     0        7.0000   653                   Cuts: 462   462609         
  13395     0        7.0000   618                   Cuts: 462   463311         
  13395     0        7.0000   596                   Cuts: 462   464053         
  13395     0        7.0000   603                   Cuts: 462   464731         
  13395     0        7.0000   568                   Cuts: 462   465724         
  13395     0        7.0000   548                   Cuts: 462   466222         
  13395     0        7.0000   614                   Cuts: 462   466816         
  13395     0        7.0000   604                   Cuts: 462   467669         
  13395     0        7.0000   602                   Cuts: 462   468533         
  13395     0        7.0000   550                   Cuts: 462   469411         
  13395     0        7.0000   588                   Cuts: 462   470081         
  13395     0        7.0000   566                   Cuts: 462   470767         
  13395     0        7.0000   577                   Cuts: 462   471346         
  13395     2        7.0000   442                      7.0000   471346         
  13707   240       29.0000    79                      7.0000   482821         
* 14094   510      integral     0       29.0000        7.0000   496833   75.86%
  14262   411       21.0000   171       29.0000        7.0000   501880   75.86%
  14485   581        9.0000   368       29.0000        7.0000   511917   75.86%
  14576   718       25.0000   256       29.0000        8.0000   565682   72.41%
  14712   790       13.0000   389       29.0000        8.0000   592537   72.41%
Elapsed time = 27.38 sec. (20036.60 ticks, tree = 2.80 MB, solutions = 1)
  14810   889        9.0000   619       29.0000        8.0000   619785   72.41%
  14889   933       13.0000   466       29.0000        8.0000   658474   72.41%
  14960   999       25.0000   497       29.0000        8.0000   690279   72.41%
  15020  1030       13.0000   450       29.0000        8.0000   725600   72.41%
  15116  1099       18.0000   342       29.0000        8.0000   762193   72.41%
  15185  1164       18.0000   294       29.0000        9.0000   781506   68.97%
  15241  1209       17.0000   477       29.0000        9.0000   830768   68.97%
  15307  1254    infeasible             29.0000        9.0000   865635   68.97%
  15387  1287    infeasible             29.0000        9.0000   888813   68.97%
  15470  1349       13.0000   563       29.0000        9.0000   937991   68.97%
Elapsed time = 40.59 sec. (29706.95 ticks, tree = 5.99 MB, solutions = 1)
  15527  1378       21.0000   448       29.0000        9.0000   949624   68.97%
  15570  1433       25.0000   301       29.0000        9.0000   997687   68.97%
  15608  1454       17.0000   533       29.0000        9.0039  1032771   68.95%
  15659  1491       17.0000   412       29.0000        9.7444  1077631   66.40%
  15750  1511       14.0000   621       29.0000        9.8449  1094185   66.05%
  15793  1563       21.0000   455       29.0000       10.0000  1115945   65.52%
  15854  1634       28.0000   336       29.0000       10.0000  1145073   65.52%
  15922  1636       13.0003   643       29.0000       10.0000  1160529   65.52%
  15946  1660       21.0000   412       29.0000       10.0000  1193452   65.52%
  15994  1682       17.0000   513       29.0000       10.0000  1240340   65.52%
Elapsed time = 53.20 sec. (39472.87 ticks, tree = 10.25 MB, solutions = 1)
  16035  1700       13.0000   529       29.0000       10.0000  1260702   65.52%
  16068  1749       17.0000   379       29.0000       10.0000  1283100   65.52%
  16117  1769       17.0000   498       29.0000       10.0000  1297595   65.52%
  16165  1811    infeasible             29.0000       10.0000  1340747   65.52%
  16229  1853       21.0000   516       29.0000       10.0000  1397446   65.52%
  16297  1891       18.0000   499       29.0000       10.0000  1417577   65.52%
  16397  1900       21.0000   467       29.0000       10.0000  1420758   65.52%
  16495  1994       25.0000   290       29.0000       10.0000  1460120   65.52%
  16576  2046       25.0000   242       29.0000       10.0000  1472076   65.52%
  16684  2071       13.0000   459       29.0000       10.0000  1496862   65.52%
Elapsed time = 66.02 sec. (49151.07 ticks, tree = 16.58 MB, solutions = 1)
  16799  2219       25.0000   355       29.0000       10.0000  1549194   65.52%
  16885  2226       13.0000   596       29.0000       10.0000  1558812   65.52%
  16966  2299       17.0000   426       29.0000       10.0000  1586485   65.52%
  17034  2387       21.0000   404       29.0000       10.0000  1627466   65.52%
  17099  2462       11.0000   657       29.0000       10.0000  1661834   65.52%
  17147  2502       21.0000   499       29.0000       10.0000  1686977   65.52%
  17208  2545       25.0000   288       29.0000       10.0000  1700588   65.52%
  17251  2565    infeasible             29.0000       10.0000  1727573   65.52%
  17290  2587       25.0000   363       29.0000       10.0000  1738641   65.52%
  17316  2602       13.1500   644       29.0000       10.0000  1746995   65.52%
Elapsed time = 79.02 sec. (58962.12 ticks, tree = 26.56 MB, solutions = 1)
  17337  2636       28.0000   398       29.0000       10.0000  1793408   65.52%
  17358  2640       21.0000   485       29.0000       10.0000  1808010   65.52%
  17389  2661    infeasible             29.0000       10.0000  1854397   65.52%
  17424  2663       11.0000   616       29.0000       10.0000  1857426   65.52%
  17471  2688       22.0000   454       29.0000       10.0000  1874656   65.52%
  17507  2721       13.0000   374       29.0000       10.0000  1917366   65.52%
  17540  2743       26.0000   395       29.0000       10.0000  1948716   65.52%
  17639  2770       14.6000   632       29.0000       10.0000  1987419   65.52%
  17730  2799       13.2500   622       29.0000       10.0000  2007563   65.52%
  17809  2903       17.0000   524       29.0000       10.0000  2056640   65.52%
Elapsed time = 90.96 sec. (68715.04 ticks, tree = 33.78 MB, solutions = 1)
  17891  2877       25.0000   370       29.0000       10.0000  2040362   65.52%
  17992  2911       10.0000   740       29.0000       10.0000  2069202   65.52%
  18085  3035       21.0000   324       29.0000       10.0000  2116614   65.52%
  18191  3181       25.0000   319       29.0000       10.0000  2159921   65.52%
  18257  3137       17.0000   525       29.0000       11.0000  2151806   62.07%
  18350  3249       23.0000   384       29.0000       11.0000  2197157   62.07%
  18480  3308       19.0000   444       29.0000       11.0000  2225171   62.07%
  18660  3383       27.0000   100       29.0000       11.0000  2239703   62.07%
  18761  3502       25.0000   389       29.0000       11.0000  2287619   62.07%
  18828  3572       15.0000   576       29.0000       11.0000  2310557   62.07%
Elapsed time = 104.20 sec. (78407.83 ticks, tree = 46.49 MB, solutions = 1)
  18964  3590       18.0000   537       29.0000       11.0000  2316401   62.07%
  19048  3604       25.0000   425       29.0000       11.0000  2320927   62.07%
  19134  3778       22.0000   489       29.0000       11.0000  2394925   62.07%
  19184  3731       17.0000   464       29.0000       11.0000  2382700   62.07%
  19246  3816       21.0000   506       29.0000       11.0000  2427404   62.07%
  19388  3916       22.0000   175       29.0000       11.0000  2479311   62.07%
  19514  3895       22.0000   466       29.0000       11.0000  2487940   62.07%
  19608  4010       13.1000   584       29.0000       11.0000  2524706   62.07%
  19683  4138       23.0000   394       29.0000       11.0000  2568097   62.07%
  19805  4153       22.0000   353       29.0000       11.0000  2572201   62.07%
Elapsed time = 117.42 sec. (88052.52 ticks, tree = 63.04 MB, solutions = 1)
  19910  4164       17.0000   278       29.0000       11.0238  2576303   61.99%
  20038  4340       17.0000   285       29.0000       11.0238  2660972   61.99%
  20165  4372       26.0000   306       29.0000       12.0000  2692264   58.62%
  20282  4370       21.0000   309       29.0000       12.0000  2669314   58.62%
  20362  4480       21.0000   283       29.0000       12.0000  2735176   58.62%
  20491  4577       25.0000   274       29.0000       13.0000  2793847   55.17%
  20581  4630    infeasible             29.0000       13.0000  2817433   55.17%
  20675  4584       17.0000   408       29.0000       13.0000  2800934   55.17%
  20781  4690       21.0000   413       29.0000       13.0000  2860008   55.17%
  21110  4795       18.0000   554       29.0000       13.0000  2939590   55.17%
Elapsed time = 134.65 sec. (100512.57 ticks, tree = 81.05 MB, solutions = 1)
  21366  4960       13.0000   497       29.0000       13.0000  3099182   55.17%
  21671  5030       17.0000   319       29.0000       13.0000  3153277   55.17%
  21960  5231       25.0000   377       29.0000       13.0000  3298984   55.17%
  22227  5301       17.4545   438       29.0000       13.0000  3379654   55.17%
  22510  5411       15.0000   566       29.0000       13.0000  3498063   55.17%
  22809  5591       25.0000   377       29.0000       13.0000  3621604   55.17%
  23126  5647       14.0062   650       29.0000       13.0000  3668795   55.17%
  23343  5801    infeasible             29.0000       13.0000  3780962   55.17%
  23746  6002       17.0000   489       29.0000       13.0000  3942156   55.17%
  24125  6103       23.0000   369       29.0000       13.0000  4034426   55.17%
Elapsed time = 185.21 sec. (138867.55 ticks, tree = 119.07 MB, solutions = 1)
  24342  6225       25.0000   383       29.0000       13.0000  4125597   55.17%
  24571  6317       17.0000   506       29.0000       13.0000  4234374   55.17%
  24784  6430       21.0000   427       29.0000       13.0000  4361725   55.17%
  25107  6485        cutoff             29.0000       13.0000  4450997   55.17%
  25358  6600       21.0000   444       29.0000       13.0000  4534255   55.17%
  25593  6701       25.0000   381       29.0000       13.0000  4628384   55.17%
  25812  6789       22.0000   398       29.0000       13.0000  4709761   55.17%
  25943  6919       25.0000   517       29.0000       13.0000  4834906   55.17%
  26158  6971       21.0000   575       29.0000       13.0000  4952822   55.17%
  26392  7023       13.1500   660       29.0000       13.0000  5009158   55.17%
Elapsed time = 232.92 sec. (177192.70 ticks, tree = 150.65 MB, solutions = 1)
  26661  7203       17.0000   477       29.0000       13.0000  5165865   55.17%
  26925  7267       16.0000   669       29.0000       13.0000  5230761   55.17%
  27177  7386       17.0000   476       29.0000       13.0000  5324272   55.17%
  27294  7464        cutoff             29.0000       13.0000  5429892   55.17%
  27406  7510       25.0000   320       29.0000       13.0000  5538071   55.17%
  27655  7518       17.0000   602       29.0000       13.0000  5564751   55.17%
  27903  7576       18.0000   572       29.0000       13.0000  5670681   55.17%
  28100  7682       17.0000   507       29.0000       13.0000  5778361   55.17%
  28268  7858    infeasible             29.0000       13.0000  5931678   55.17%
  28410  7862    infeasible             29.0000       13.0000  5942890   55.17%
Elapsed time = 280.03 sec. (215525.75 ticks, tree = 187.75 MB, solutions = 1)
  28660  7915       17.0000   703       29.0000       13.0000  6008846   55.17%
  28864  7991       21.0000   508       29.0000       13.0000  6119465   55.17%
  29048  8102       24.0000   441       29.0000       13.0000  6242885   55.17%
  29281  8197       15.0000   647       29.0000       13.0000  6374980   55.17%
  29558  8242    infeasible             29.0000       13.0018  6433570   55.17%
  29873  8378       18.0000   475       29.0000       13.0179  6548203   55.11%
  30236  8474       17.0000   489       29.0000       13.0875  6655653   54.87%
  30567  8552       17.0000   529       29.0000       13.1250  6704836   54.74%
  30885  8755    infeasible             29.0000       13.2000  6873914   54.48%
  31156  8838       18.0000   533       29.0000       13.2500  6944522   54.31%
Elapsed time = 329.67 sec. (253864.55 ticks, tree = 226.48 MB, solutions = 1)
  31518  8903       15.0000   637       29.0000       13.3386  7036754   54.00%
  31845  9041       17.0000   585       29.0000       13.5258  7154727   53.36%
  32089  9086       21.0000   482       29.0000       13.9014  7204865   52.06%
  32361  9288       14.0000   650       29.0000       14.0000  7394031   51.72%
  32650  9322       17.2857   481       29.0000       14.0000  7447636   51.72%
  32901  9485       22.5000   448       29.0000       14.0000  7614055   51.72%
  33224  9604       18.0000   592       29.0000       14.0000  7700323   51.72%
  33627  9717        cutoff             29.0000       14.0000  7788222   51.72%
  34049  9858    infeasible             29.0000       14.0000  7885263   51.72%
  34422 10074       19.0000   515       29.0000       14.0000  8038501   51.72%
Elapsed time = 379.12 sec. (292114.51 ticks, tree = 284.07 MB, solutions = 1)
  34718 10029       18.0000   624       29.0000       14.0000  7989384   51.72%
  34991 10207    infeasible             29.0000       14.0000  8137068   51.72%
  35254 10409       21.0000   361       29.0000       14.0000  8301174   51.72%
  35520 10511       19.0000   473       29.0000       14.0000  8420214   51.72%
  35839 10589       18.0000   528       29.0000       14.0000  8496507   51.72%
  36070 10579    infeasible             29.0000       14.0000  8481458   51.72%
  36263 10690       23.0000   482       29.0000       14.0000  8607235   51.72%
  36514 10832    infeasible             29.0000       14.0000  8741867   51.72%
  36803 10951       22.0000   585       29.0000       14.0000  8884338   51.72%
  37098 10940       14.1250   603       29.0000       14.0000  8875218   51.72%
Elapsed time = 426.04 sec. (330466.48 ticks, tree = 322.50 MB, solutions = 1)
  37379 11160       25.0000   500       29.0000       14.0000  9074026   51.72%
  37626 11111       20.0000   510       29.0000       14.0000  9044600   51.72%
  37868 11295       23.0000   349       29.0000       14.0000  9192376   51.72%
  38086 11323       25.0000   344       29.0000       14.0000  9225443   51.72%
  38236 11464    infeasible             29.0000       14.0000  9346153   51.72%
  38448 11607    infeasible             29.0000       14.0000  9514460   51.72%
  38675 11602       22.0000   446       29.0000       14.0000  9506298   51.72%
  38803 11743       25.5000   400       29.0000       14.0000  9693370   51.72%
  38978 11749       19.0000   604       29.0000       14.0000  9704066   51.72%
  39199 11778       15.0000   524       29.0000       14.0000  9757699   51.72%
Elapsed time = 473.52 sec. (368808.52 ticks, tree = 367.53 MB, solutions = 1)
  39437 11881       17.0000   470       29.0000       14.0000  9887679   51.72%
  39696 12021        cutoff             29.0000       14.0000 10030223   51.72%
  39998 12194       14.0000   736       29.0000       14.0000 10181267   51.72%
  40305 12269       16.0000   678       29.0000       14.0000 10242826   51.72%
  40578 12370       22.0000   451       29.0000       14.0000 10351864   51.72%
  40869 12409       15.0357   677       29.0000       14.0000 10385784   51.72%
  41210 12440       16.0000   695       29.0000       14.0000 10420828   51.72%
  41570 12549       25.0000   355       29.0000       14.0312 10523310   51.62%
  41901 12680       17.0000   567       29.0000       14.0312 10638405   51.62%
  42271 12828       27.0000   297       29.0000       14.0625 10743147   51.51%
Elapsed time = 524.18 sec. (407040.49 ticks, tree = 429.64 MB, solutions = 1)
  42568 12842       25.0000   440       29.0000       14.1111 10757478   51.34%
  42842 12960       20.0000   563       29.0000       14.2308 10867289   50.93%
  43095 13202       19.0000   422       29.0000       14.5000 11076202   50.00%
  43492 13240        cutoff             29.0000       14.7619 11089387   49.10%
  43833 13295       22.0000   383       29.0000       15.0000 11206644   48.28%
  44203 13449       28.0000   436       29.0000       15.0000 11312467   48.28%
  44500 13713       16.0000   503       29.0000       15.0000 11497957   48.28%
  44866 13612       26.0000   433       29.0000       15.0000 11426826   48.28%
  45167 13857       17.0000   524       29.0000       15.0000 11636519   48.28%
  45423 14003        cutoff             29.0000       15.0000 11740032   48.28%
Elapsed time = 576.99 sec. (445308.92 ticks, tree = 492.36 MB, solutions = 1)
  45719 14111       18.0000   494       29.0000       15.0000 11833924   48.28%
  45986 14151       15.0000   620       29.0000       15.0000 11875025   48.28%
  46311 14227       27.0000   503       29.0000       15.0000 11931603   48.28%
  46660 14415       19.0000   532       29.0000       15.0000 12087781   48.28%
  46979 14435       22.0000   537       29.0000       15.0000 12115953   48.28%
  47279 14555       23.0000   509       29.0000       15.0000 12211276   48.28%
  47518 14806       25.0000   478       29.0000       15.0000 12390597   48.28%
  47782 14919       24.0000   502       29.0000       15.0000 12543146   48.28%
  48005 14888       17.0000   394       29.0000       15.0000 12497134   48.28%
  48275 15081       15.0000   504       29.0000       15.0000 12677057   48.28%
Elapsed time = 627.74 sec. (483647.21 ticks, tree = 560.19 MB, solutions = 1)
  48557 15225       20.0000   546       29.0000       15.0000 12809552   48.28%
  48822 15233       20.0000   468       29.0000       15.0000 12820806   48.28%
  49041 15455    infeasible             29.0000       15.0000 13006215   48.28%
  49280 15310       23.0000   354       29.0000       15.0000 12879672   48.28%
  49529 15475       15.1212   647       29.0000       15.0000 13026617   48.28%
  49731 15691       24.0000   417       29.0000       15.0000 13218977   48.28%
  49910 15640       20.0000   572       29.0000       15.0000 13173789   48.28%
  50081 15747       17.0000   674       29.0000       15.0000 13263585   48.28%
  50253 15801       15.0000   711       29.0000       15.0000 13328123   48.28%
  50386 15873       19.0000   572       29.0000       15.0000 13421941   48.28%
Elapsed time = 676.25 sec. (521909.75 ticks, tree = 610.17 MB, solutions = 1)
  50530 16074       15.0000   692       29.0000       15.0000 13635188   48.28%
  50726 16104       24.0000   382       29.0000       15.0000 13675020   48.28%
  50911 16155       19.0000   435       29.0000       15.0000 13745575   48.28%
  51184 16209       19.0000   445       29.0000       15.0000 13872976   48.28%
  51377 16218       19.0000   561       29.0000       15.0000 13883049   48.28%
  51658 16349       16.0000   463       29.0000       15.0000 14016603   48.28%
  51993 16366       21.0000   322       29.0000       15.0000 14028531   48.28%
  52355 16504    infeasible             29.0000       15.0000 14158043   48.28%
  52723 16712       19.0000   664       29.0000       15.0000 14339577   48.28%
  53144 16633       20.0000   480       29.0000       15.0127 14264703   48.23%
Elapsed time = 728.06 sec. (560167.26 ticks, tree = 655.39 MB, solutions = 1)
  53524 17004       27.0000   399       29.0000       15.0323 14530002   48.16%
  53898 16882    infeasible             29.0000       15.0625 14444129   48.06%
  54186 17033       17.0000   459       29.0000       15.2222 14552697   47.51%
  54510 17430       25.0000   540       29.0000       15.3647 14872519   47.02%
  54878 17406       21.0000   462       29.0000       15.5000 14850384   46.55%
  55232 17475       24.0000   462       29.0000       16.0000 14899579   44.83%
  55578 17768       21.0000   499       29.0000       16.0000 15150654   44.83%
  55914 17581       19.0000   543       29.0000       16.0000 14996677   44.83%
  56219 17704    infeasible             29.0000       16.0000 15102400   44.83%
  56505 17818    infeasible             29.0000       16.0000 15209484   44.83%
Elapsed time = 785.46 sec. (598514.99 ticks, tree = 737.85 MB, solutions = 1)
  56762 18116       20.0000   590       29.0000       16.0000 15434514   44.83%
  57102 18198       20.0000   557       29.0000       16.0000 15486536   44.83%
  57411 18223       25.0000   546       29.0000       16.0000 15521922   44.83%
  57725 18338    infeasible             29.0000       16.0000 15603227   44.83%
  58003 18449       25.0000   536       29.0000       16.0000 15727028   44.83%
  58272 18707    infeasible             29.0000       16.0000 15928165   44.83%
  58564 18553       18.0000   495       29.0000       16.0000 15807306   44.83%
  58814 18891    infeasible             29.0000       16.0000 16106997   44.83%
  59003 18901       16.0000   569       29.0000       16.0000 16115743   44.83%
  59244 19126       18.0000   565       29.0000       16.0000 16347047   44.83%
Elapsed time = 841.33 sec. (636769.40 ticks, tree = 832.50 MB, solutions = 1)
  59517 19093       16.0000   663       29.0000       16.0000 16313492   44.83%
  59783 19251        cutoff             29.0000       16.0000 16475376   44.83%
  60090 19304       16.0000   547       29.0000       16.0000 16514980   44.83%
  60376 19321       25.0000   536       29.0000       16.0000 16528363   44.83%
  60630 19528    infeasible             29.0000       16.0000 16729620   44.83%
  60885 19488       17.2500   506       29.0000       16.0000 16676657   44.83%
  61153 19550       16.0000   611       29.0000       16.0000 16753698   44.83%
  61374 19819    infeasible             29.0000       16.0000 17007057   44.83%
  61574 19935       18.0000   586       29.0000       16.0000 17125234   44.83%
  61841 19831       20.0000   543       29.0000       16.0000 17023366   44.83%
Elapsed time = 893.07 sec. (675077.42 ticks, tree = 881.39 MB, solutions = 1)
  62079 20076       26.0000   562       29.0000       16.0000 17261053   44.83%
  62296 20041       16.0000   615       29.0000       16.0000 17219467   44.83%
  62522 20135       22.0000   554       29.0000       16.0000 17327204   44.83%
  62760 20228       27.0000   561       29.0000       16.0000 17429066   44.83%
  62994 20443       22.0000   586       29.0000       16.0000 17661236   44.83%
  63225 20407       20.0000   587       29.0000       16.0000 17605620   44.83%
  63447 20573       19.0000   512       29.0000       16.0000 17813002   44.83%
  63661 20727        cutoff             29.0000       16.0000 17955161   44.83%
  63852 20766       26.0000   527       29.0000       16.0000 18000395   44.83%
  64069 20815       17.0000   447       29.0000       16.0000 18037985   44.83%
Elapsed time = 942.42 sec. (713420.25 ticks, tree = 953.81 MB, solutions = 1)
  64316 20843    infeasible             29.0000       16.0000 18082556   44.83%
  64523 20898       16.0000   702       29.0000       16.0000 18164344   44.83%
  64698 20932       26.0000   441       29.0000       16.0000 18200782   44.83%
  64871 21016       23.0000   572       29.0000       16.0000 18312667   44.83%
  65072 21178       20.0000   660       29.0000       16.0000 18550398   44.83%
  65254 21226       17.0000   556       29.0000       16.0000 18662850   44.83%
  65446 21176    infeasible             29.0000       16.0000 18538702   44.83%
  65723 21228       21.5000   460       29.0000       16.0000 18646872   44.83%
  66033 21313       21.0000   360       29.0000       16.0000 18848492   44.83%
  66326 21306       19.0625   532       29.0000       16.0000 18826127   44.83%
Elapsed time = 996.67 sec. (751725.91 ticks, tree = 983.76 MB, solutions = 1)
  66725 21423       22.0000   421       29.0000       16.0000 18973943   44.83%
  67097 21565       21.0000   498       29.0000       16.1481 19189866   44.32%
  67448 21517       25.0000   299       29.0000       16.2448 19118893   43.98%
  67810 21724       17.0000   504       29.0000       16.5714 19335561   42.86%
  68112 21734    infeasible             29.0000       17.0000 19349804   41.38%
  68322 21963       17.0000   593       29.0000       17.0000 19631018   41.38%
  68523 21930    infeasible             29.0000       17.0000 19599983   41.38%
  68727 22117        cutoff             29.0000       17.0000 19859919   41.38%
  68898 22074       21.0000   451       29.0000       17.0000 19800110   41.38%
  69126 22088       20.3333   507       29.0000       17.0000 19813292   41.38%
Elapsed time = 1052.93 sec. (789963.39 ticks, tree = 1046.90 MB, solutions = 1)
  69503 22177       19.0083   420       29.0000       17.0000 19955303   41.38%
  69933 22230    infeasible             29.0000       17.0000 20071411   41.38%
  70304 22236       21.0000   379       29.0000       17.0000 20061173   41.38%
  70670 22539       21.0000   627       29.0000       17.0000 20357493   41.38%
  71026 22684       18.0000   481       29.0000       17.0000 20510793   41.38%
  71415 22658       17.0000   418       29.0000       17.0000 20490785   41.38%
  71855 22745       17.2500   450       29.0000       17.0000 20569457   41.38%
  72309 22765       19.0000   524       29.0000       17.0000 20582477   41.38%
  72656 22884       21.0000   476       29.0000       17.0000 20687039   41.38%
  73123 23118       17.0000   599       29.0000       17.0000 20894067   41.38%
Elapsed time = 1113.09 sec. (828278.83 ticks, tree = 1118.63 MB, solutions = 1)
  73522 23291       21.0000   500       29.0000       17.0000 21015099   41.38%
  73866 23448       27.0000   412       29.0000       17.0000 21148538   41.38%
  74162 23414    infeasible             29.0000       17.0000 21117608   41.38%
  74525 23638        cutoff             29.0000       17.0000 21315763   41.38%
  74851 23602       17.0000   561       29.0000       17.0000 21281711   41.38%
  75231 23780       20.0000   446       29.0000       17.0000 21463728   41.38%
  75669 23883       19.0000   430       29.0000       17.0000 21542772   41.38%
  76101 24063    infeasible             29.0000       17.0000 21666379   41.38%
  76514 24258    infeasible             29.0000       17.0000 21831775   41.38%
  76839 24214       19.0000   487       29.0000       17.0000 21804166   41.38%
Elapsed time = 1168.77 sec. (866494.98 ticks, tree = 1202.15 MB, solutions = 1)
  77224 24284       25.0000   451       29.0000       17.0000 21857290   41.38%
  77587 24561       21.0000   586       29.0000       17.0000 22089507   41.38%
  77928 24663       21.0000   476       29.0000       17.0000 22177884   41.38%
  78303 24680       21.0000   413       29.0000       17.0000 22188260   41.38%
  78681 24918       23.0000   563       29.0000       17.0000 22399295   41.38%
  79092 24946       17.0000   505       29.0000       17.0000 22412734   41.38%
  79398 25055        cutoff             29.0000       17.0000 22529028   41.38%
  79712 25284       25.0000   490       29.0000       17.0000 22744604   41.38%
  80024 25256        cutoff             29.0000       17.0000 22716371   41.38%
  80383 25351       17.0000   624       29.0000       17.0000 22805157   41.38%
Elapsed time = 1226.21 sec. (904804.06 ticks, tree = 1286.61 MB, solutions = 1)
  80702 25394        cutoff             29.0000       17.0000 22845923   41.38%
  81010 25538    infeasible             29.0000       17.0000 23005533   41.38%
  81357 25550       24.0000   432       29.0000       17.0000 23018716   41.38%
  81559 25837       25.0000   376       29.0000       17.0000 23294138   41.38%
  81918 25935       18.0606   567       29.0000       17.0000 23398465   41.38%
  82247 25758       19.0000   448       29.0000       17.0000 23236175   41.38%
  82662 25763    infeasible             29.0000       17.0000 23248058   41.38%
  83117 25994        cutoff             29.0000       17.0000 23460727   41.38%
  83477 26140       17.0000   611       29.0000       17.0000 23631642   41.38%
  83851 26079       18.0000   562       29.0000       17.0000 23577829   41.38%
Elapsed time = 1281.64 sec. (943083.19 ticks, tree = 1334.35 MB, solutions = 1)
  84291 26245       17.0000   420       29.0000       17.0000 23730572   41.38%
  84637 26637       27.0000   356       29.0000       17.0000 24042932   41.38%
  84979 26610       21.0000   583       29.0000       17.0000 24018336   41.38%
  85302 26775       25.0000   499       29.0000       17.0000 24165419   41.38%
  85645 26767       25.0000   441       29.0000       17.0000 24139328   41.38%
  85913 27020       18.0000   500       29.0000       17.0000 24378054   41.38%
  86212 27121       24.0000   426       29.0000       17.0000 24460861   41.38%
  86427 27047       17.0242   536       29.0000       17.0000 24420562   41.38%
  86591 27282    infeasible             29.0000       17.0000 24616764   41.38%
  86796 27235       18.0000   556       29.0000       17.0000 24594300   41.38%
Elapsed time = 1334.18 sec. (981381.02 ticks, tree = 1417.70 MB, solutions = 1)
  87136 27472    infeasible             29.0000       17.0000 24920237   41.38%
  87513 27438       25.0000   484       29.0000       17.0000 24849476   41.38%
  87846 27479       18.0000   602       29.0000       17.0000 24906914   41.38%
  88207 27547       18.0000   519       29.0000       17.0000 25013842   41.38%
  88468 27603    infeasible             29.0000       17.0000 25056728   41.38%
  88792 27709       18.0000   428       29.0000       17.0000 25175712   41.38%
  89096 27970        cutoff             29.0000       17.0000 25375949   41.38%
  89419 28041    infeasible             29.0000       17.0000 25457733   41.38%
  89725 28009       21.0000   505       29.0000       17.0000 25429253   41.38%
  90016 28243       21.0625   522       29.0000       17.0000 25642271   41.38%
Elapsed time = 1390.55 sec. (1019668.04 ticks, tree = 1482.04 MB, solutions = 1)
  90376 28383        cutoff             29.0000       17.0000 25785497   41.38%
  90729 28410       24.0000   354       29.0000       17.0000 25798847   41.38%
  91131 28423    infeasible             29.0000       17.0000 25812742   41.38%
  91448 28500       21.0000   576       29.0000       17.0000 25902889   41.38%
  91812 28522       24.0000   530       29.0000       17.0000 25933669   41.38%
  92127 28668       25.0000   410       29.0000       17.0000 26061343   41.38%
  92464 28908        cutoff             29.0000       17.0000 26294215   41.38%
  92768 28963    infeasible             29.0000       17.0000 26338820   41.38%
  93107 29155       21.0000   500       29.0000       17.0000 26515231   41.38%
  93463 29161       21.0000   448       29.0000       17.0000 26488662   41.38%
Elapsed time = 1446.18 sec. (1057899.17 ticks, tree = 1548.70 MB, solutions = 1)
  93845 29500        cutoff             29.0000       17.0000 26852621   41.38%
  94261 29323       19.0000   456       29.0000       17.0000 26678631   41.38%
  94650 29532       25.0000   582       29.0000       17.0000 26878847   41.38%
  94947 29853       22.0000   479       29.0000       17.0000 27191208   41.38%
  95238 29685    infeasible             29.0000       17.0000 27036911   41.38%
  95580 29698       18.0000   570       29.0000       17.0000 27048641   41.38%
  95881 30028       25.0000   362       29.0000       17.0000 27348924   41.38%
  96220 30042    infeasible             29.0000       17.0000 27361759   41.38%
  96570 30154       18.0000   525       29.0000       17.0000 27508566   41.38%
  96957 30322    infeasible             29.0000       17.0000 27641977   41.38%
Elapsed time = 1501.33 sec. (1096115.02 ticks, tree = 1633.21 MB, solutions = 1)
  97318 30208       25.0000   540       29.0000       17.0000 27553048   41.38%
  97680 30285       17.0000   553       29.0000       17.0000 27625258   41.38%
  97991 30501       17.0000   588       29.0000       17.0000 27817505   41.38%
  98276 30713    infeasible             29.0000       17.0000 28001435   41.38%
  98578 30684       23.0000   485       29.0000       17.0000 27973308   41.38%
  98908 30699       17.0000   542       29.0000       17.0000 27984794   41.38%
  99277 30893       25.0000   447       29.0000       17.0000 28177336   41.38%
  99638 30927    infeasible             29.0000       17.0000 28222098   41.38%
  99968 31207       25.0000   543       29.0000       17.0000 28453416   41.38%
 100315 31289    infeasible             29.0000       17.0000 28537447   41.38%
Elapsed time = 1555.80 sec. (1134400.79 ticks, tree = 1702.54 MB, solutions = 1)
 100601 31407       21.0000   557       29.0000       17.0000 28664509   41.38%
 100918 31419       25.0000   391       29.0000       17.0000 28677687   41.38%
 101261 31559       18.0000   486       29.0000       17.0000 28795197   41.38%
 101578 31637       23.0000   475       29.0000       17.0000 28874422   41.38%
 101844 31648       26.0000   496       29.0000       17.0000 28886082   41.38%
 102114 31856       22.0000   442       29.0000       17.0000 29091568   41.38%
 102426 32071       18.0000   602       29.0000       17.0000 29304188   41.38%
 102760 31953       19.0000   583       29.0000       17.0000 29178942   41.38%
 103096 32151    infeasible             29.0000       17.0000 29376167   41.38%
 103426 32195       23.0000   373       29.0000       17.0000 29423001   41.38%
Elapsed time = 1608.61 sec. (1172658.47 ticks, tree = 1768.24 MB, solutions = 1)
 103784 32181       23.0000   400       29.0000       17.0000 29402849   41.38%
 104117 32298        cutoff             29.0000       17.0000 29515423   41.38%
Starting limited solution polishing.
 104424 32584        cutoff             29.0000       17.0000 29782804   41.38%
 104810 32786    infeasible             29.0000       17.0000 29991643   41.38%
 105209 32690       21.0000   504       29.0000       17.0000 29883985   41.38%
 105498 32724       24.0000   534       29.0000       17.0000 29935279   41.38%
 105742 33065    infeasible             29.0000       17.0000 30282759   41.38%
 106019 32893       20.0000   571       29.0000       17.0000 30098899   41.38%
 106235 32968    infeasible             29.0000       17.0000 30185169   41.38%
 106519 33271       21.0000   563       29.0000       17.0000 30540360   41.38%
Elapsed time = 1660.74 sec. (1210899.34 ticks, tree = 1845.69 MB, solutions = 1)
 106825 33223    infeasible             29.0000       17.0000 30469374   41.38%
 107104 33309        cutoff             29.0000       17.0000 30567896   41.38%
 107387 33466       20.0000   547       29.0000       17.0000 30751598   41.38%
 107705 33560    infeasible             29.0000       17.0000 30846579   41.38%
 108027 33502        cutoff             29.0000       17.0000 30776798   41.38%
 108302 33437       20.0000   614       29.0000       17.0000 30718062   41.38%
 108540 33920       21.0000   667       29.0000       17.0000 31217256   41.38%
 108786 33763       22.0000   510       29.0000       17.0000 31067162   41.38%
 109040 33718       17.0000   642       29.0000       17.0000 31038178   41.38%
 109315 34017       25.0000   491       29.0000       17.0000 31345174   41.38%
Elapsed time = 1713.75 sec. (1249193.69 ticks, tree = 1900.49 MB, solutions = 1)
 109571 34023       21.5000   587       29.0000       17.0000 31355408   41.38%
 109828 34244       22.0000   491       29.0000       17.0000 31604282   41.38%
 110071 34306    infeasible             29.0000       17.0000 31672750   41.38%
 110340 34434       21.0000   547       29.0000       17.0000 31789924   41.38%
 110611 34279    infeasible             29.0000       17.0000 31642306   41.38%
 110877 34449        cutoff             29.0000       17.0000 31813389   41.38%
 111148 34705       25.5000   563       29.0000       17.0000 32119363   41.38%
 111438 34658       26.0000   561       29.0000       17.0000 32055695   41.38%
 111698 34723       17.4444   686       29.0000       17.0000 32141785   41.38%
 111992 34883       18.0000   626       29.0000       17.0000 32322691   41.38%
Elapsed time = 1764.09 sec. (1287393.03 ticks, tree = 1959.51 MB, solutions = 1)
 112221 34756       28.0000   625       29.0000       17.0000 32189767   41.38%
 112382 35091       27.0000   562       29.0000       17.0000 32518506   41.38%
 112576 35058       18.0000   644       29.0000       17.0000 32492691   41.38%
 112757 35279       25.0000   462       29.0000       17.0000 32706409   41.38%
 113000 35153       22.0000   692       29.0000       17.0000 32580370   41.38%
 113256 35219       21.0000   400       29.0000       17.0000 32651553   41.38%
 113547 35331        cutoff             29.0000       17.0000 32759132   41.38%

GUB cover cuts applied:  1762
Clique cuts applied:  4
Cover cuts applied:  3369
Implied bound cuts applied:  671
Flow cuts applied:  69
Mixed integer rounding cuts applied:  1383
Zero-half cuts applied:  29
Lift and project cuts applied:  1
Gomory fractional cuts applied:  47

Root node processing (before b&c):
  Real time             =    0.50 sec. (324.49 ticks)
Parallel b&c, 8 threads:
  Real time             = 1799.77 sec. (1316494.85 ticks)
  Sync time (average)   =  182.59 sec.
  Wait time (average)   =    0.02 sec.
                          ------------
Total (root+branch&cut) = 1800.28 sec. (1316819.34 ticks)
! --------------------------------------------------------
! Status: FEASIBLE (time limit or other stopping criterion reached)
! Best span = 29
! Labeling: 9 2 5 26 13 18 5 8 13 12 5 11 14 13 15 16 25 24 9 29 21 29 13 20 29 22 29 5 27 29 17 1 10 29 5 3 1 25 6 19 28 9 1 24 1 5 17 25 7 13 23 13 4 1 21 29 1 9 6 
! --------------------------------------------------------
! All verification passed
