! Solving for graph /home/truongxuanhieu/CPLEX-MIP-for-MinSpanLabeling/benchmarks/abp/J-nos4.mtx.rnd
! Target value is set to 17
! Lower bound is set to 18
! Upper bound is set to 50
! Time limit is set to 1800
! Vertices mode is set to No hole
! Target value mode is set to Antibandwidth
Version identifier: 22.2.0.0 | 2026-05-04 | 5dff98e58
CPXPARAM_TimeLimit                               1800
Tried aggregator 2 times.
MIP Presolve eliminated 249 rows and 225 columns.
MIP Presolve modified 9968 coefficients.
Aggregator did 794 substitutions.
Reduced MIP has 1539 rows, 6264 columns, and 18474 nonzeros.
Reduced MIP has 5322 binaries, 348 generals, 0 SOSs, and 594 indicators.
Presolve time = 0.02 sec. (23.49 ticks)
Probing time = 0.03 sec. (11.59 ticks)
Tried aggregator 2 times.
Detecting symmetries...
Aggregator did 7 substitutions.
Reduced MIP has 1532 rows, 6257 columns, and 18467 nonzeros.
Reduced MIP has 5322 binaries, 441 generals, 0 SOSs, and 594 indicators.
Presolve time = 0.02 sec. (16.60 ticks)
Probing time = 0.02 sec. (3.96 ticks)
Clique table members: 2608.
MIP emphasis: balance optimality and feasibility.
MIP search method: dynamic search.
Parallel mode: deterministic, using up to 8 threads.
Root relaxation solution time = 0.02 sec. (18.14 ticks)

        Nodes                                         Cuts/
   Node  Left     Objective  IInf  Best Integer    Best Bound    ItCnt     Gap

      0     0       18.0000   236                     18.0000      456         
      0     0       18.0000   463                   Cuts: 483      950         
      0     0       18.0000   348                   Cuts: 483     1284         
      0     0       18.0000   420                   Cuts: 483     1860         
Detecting symmetries...
      0     2       18.0000   264                     18.0000     1860         
Elapsed time = 1.06 sec. (654.17 ticks, tree = 0.02 MB, solutions = 0)
    240   107       39.0000   222                     18.0000    10905         
    572   496       50.0000   192                     18.0000    29039         
    808   638       35.0000   327                     18.0000    47930         
   1448  1149       35.0000   237                     18.0000    64760         
   2248  1752       35.0000   203                     18.0000    86737         
   2917  2298       35.0000   267                     18.0000   109744         

Performing restart 1

Repeating presolve.
Tried aggregator 1 time.
MIP Presolve eliminated 0 rows and 54 columns.
Reduced MIP has 1532 rows, 6203 columns, and 18305 nonzeros.
Reduced MIP has 5268 binaries, 441 generals, 0 SOSs, and 594 indicators.
Presolve time = 0.01 sec. (9.22 ticks)
Tried aggregator 1 time.
Reduced MIP has 1532 rows, 6203 columns, and 18305 nonzeros.
Reduced MIP has 5268 binaries, 441 generals, 0 SOSs, and 594 indicators.
Presolve time = 0.01 sec. (13.14 ticks)
Represolve time = 0.07 sec. (44.93 ticks)
   3392     0       18.0000   598                   Cuts: 483   140762         
   3392     0       18.0000   691                   Cuts: 483   141594         
   3392     0       18.0000   632                   Cuts: 483   142416         
   3392     0       18.0907   810                   Cuts: 483   143237         
   3392     0       19.0612   802                   Cuts: 483   143894         
   3392     0       20.0000   789                   Cuts: 483   144403         
   3392     0       21.9185   749                   Cuts: 483   144858         
   3392     0       24.0852   756                   Cuts: 483   145380         
   3392     0       25.0000   723                   Cuts: 483   146111         
   3392     0       25.0000   741                   Cuts: 483   147184         
   3392     0       25.0000   673                   Cuts: 483   148319         
   3392     0       25.0466   820                   Cuts: 483   149330         
   3392     0       25.1932   829                   Cuts: 483   150095         
   3392     0       25.1932   820                   Cuts: 483   150904         
   3392     2       26.0000   543                     25.1932   150904         
   3420    13       27.0000   461                     26.5000   151709         
   3593   144       35.0000   281                     27.0000   154900         
   3817   285    infeasible                           27.0000   189418         
Elapsed time = 13.96 sec. (9158.31 ticks, tree = 0.46 MB, solutions = 0)
   4200   467       35.0000   413                     27.0000   213688         
   4299   536       36.0000   418                     27.0000   240994         
   4361   521       38.0000   260                     27.0000   283543         
   4450   518       35.0000   314                     35.0000   326948         
   4533   523    infeasible                           35.0000   372235         
   4575   523       35.0000   507                     35.0000   377160         
   4621   509       35.0000   303                     35.0000   448364         
   4680   529       44.0000   157                     35.0000   473170         
   4814   611       45.0000    28                     35.0000   517295         
   5086   707       49.0000   199                     35.0000   556979         
Elapsed time = 31.70 sec. (18767.92 ticks, tree = 3.26 MB, solutions = 0)
   5338   719       44.0000   198                     35.0000   578373         
   5429  1022    infeasible                           35.0000   629032         
   5540  1028       35.0000   633                     35.0000   645848         
   5888  1198       37.0000   362                     35.0000   680361         
   6174  1321       47.0000   319                     35.0000   699665         
   6230  1588       44.0000   210                     35.0000   735395         
   6308  1594    infeasible                           35.0000   764951         
   6601  1699       49.0000   160                     35.0000   798149         
   6727  1689       36.0000   266                     35.0000   815113         
   6884  1985       48.0000    95                     35.0000   834508         
Elapsed time = 47.86 sec. (28389.89 ticks, tree = 14.23 MB, solutions = 0)
   7011  2146       48.0000   153                     35.0000   875917         
*  7143+ 2186                           50.0000       35.0000            30.00%
   7201  1982       36.0000   248       50.0000       35.0000   891480   30.00%
   7254  2017       47.0000   211       50.0000       35.0000   919066   30.00%
   7383  2169       48.0000    89       50.0000       35.0000   975469   30.00%
*  7458+ 2138                           48.0000       35.0000            27.08%
   7575  1515       36.0000   385       48.0000       35.0000   997992   27.08%
   7806  1514       35.0000   575       48.0000       35.0000  1009571   27.08%

Performing restart 2

Repeating presolve.
Tried aggregator 2 times.
MIP Presolve eliminated 3 rows and 298 columns.
MIP Presolve modified 2922 coefficients.
Aggregator did 1 substitutions.
Reduced MIP has 1528 rows, 5904 columns, and 20693 nonzeros.
Reduced MIP has 4970 binaries, 440 generals, 0 SOSs, and 593 indicators.
Presolve time = 0.02 sec. (19.73 ticks)
Tried aggregator 1 time.
MIP Presolve eliminated 1 rows and 0 columns.
MIP Presolve modified 675 coefficients.
Reduced MIP has 1527 rows, 5904 columns, and 20678 nonzeros.
Reduced MIP has 4970 binaries, 440 generals, 0 SOSs, and 593 indicators.
Presolve time = 0.01 sec. (15.36 ticks)
Represolve time = 0.21 sec. (169.32 ticks)
   7820     0       26.0000  1035       48.0000     Cuts: 481  1055102   27.08%
   7820     0       26.0000   864       48.0000     Cuts: 438  1060768   27.08%
   7820     0       27.0000   790       48.0000     Cuts: 481  1069543   27.08%
   7820     0       28.0000   844       48.0000     Cuts: 481  1071558   27.08%
   7820     0       28.0000   918       48.0000     Cuts: 481  1073762   27.08%
   7820     0       28.0000   846       48.0000     Cuts: 481  1075687   27.08%
   7820     0       28.0000   885       48.0000     Cuts: 481  1077473   27.08%
   7820     0       28.0000   854       48.0000     Cuts: 481  1079276   27.08%
   7820     0       28.0000   848       48.0000     Cuts: 481  1081010   27.08%
   7820     0       28.0000   741       48.0000     Cuts: 481  1082731   27.08%
   7820     0       28.0000   831       48.0000     Cuts: 481  1084258   27.08%
   7820     0       28.0000   791       48.0000     Cuts: 481  1086180   27.08%
   7820     0       28.0000   800       48.0000     Cuts: 481  1087860   27.08%
   7820     2       28.0000   563       48.0000       35.0000  1087860   27.08%
*  7832+    3                           47.0000       35.0000            25.53%
   7840    15       42.0000   310       47.0000       35.0000  1090693   25.53%
*  7841+    7                           46.0000       35.0000            23.91%
   8118   178       35.0000   330       46.0000       35.0000  1109468   23.91%
   8186   205       35.0000   421       46.0000       35.0000  1114914   23.91%
Elapsed time = 80.26 sec. (52702.25 ticks, tree = 0.50 MB, solutions = 7)
   8214   238       45.0000   551       46.0000       35.0000  1125957   23.91%
   8231   277       41.0000   670       46.0000       35.0000  1163560   23.91%
   8246   280       35.0000   577       46.0000       35.0000  1175621   23.91%
   8260   277       40.0000   490       46.0000       35.0000  1186597   23.91%
   8291   296       35.0000   558       46.0000       35.0000  1264707   23.91%
   8323   309       44.0000   581       46.0000       35.0000  1294389   23.91%
   8345   326    infeasible             46.0000       35.0000  1344153   23.91%
   8362   325       35.0000   745       46.0000       35.0000  1326954   23.91%
   8379   346    infeasible             46.0000       35.0000  1447160   23.91%
   8395   347       35.0000   507       46.0000       35.0000  1448340   23.91%
Elapsed time = 93.93 sec. (62811.16 ticks, tree = 0.79 MB, solutions = 7)
   8438   377       40.0000   347       46.0000       35.0000  1503161   23.91%
   8471   378       35.0000   457       46.0000       35.0000  1523900   23.91%
   8514   400       43.0000   252       46.0000       35.0000  1549303   23.91%
   8570   404    infeasible             46.0000       35.0000  1576020   23.91%
   8584   448       35.0000   646       46.0000       35.0000  1596111   23.91%
   8595   451       35.0000   575       46.0000       35.0000  1602593   23.91%
   8601   471       32.0000   890       46.0000       35.0000  1655448   23.91%
   8604   487       35.0000   699       46.0000       35.0000  1678526   23.91%
   8608   487       38.0000   699       46.0000       35.0000  1683450   23.91%
   8618   489       32.0000   892       46.0000       35.0000  1713701   23.91%
Elapsed time = 108.04 sec. (73017.40 ticks, tree = 1.25 MB, solutions = 7)
   8624   491       45.0000   598       46.0000       35.0000  1701163   23.91%
   8629   491       32.0000   939       46.0000       35.0000  1729898   23.91%
   8633   491       35.0000   954       46.0000       35.0000  1737749   23.91%
   8638   499       38.0000   846       46.0000       35.0000  1838126   23.91%
   8643   499       44.0000   639       46.0000       35.0000  1844524   23.91%
   8654   502       38.0000   833       46.0000       35.0000  1869519   23.91%
   8660   508       45.0000   625       46.0000       35.0000  1956915   23.91%
   8667   508       35.0000   576       46.0000       35.0000  1944371   23.91%
   8672   511       45.0000   498       46.0000       35.0000  1967631   23.91%
   8688   516       45.0000   492       46.0000       35.0000  1992169   23.91%
Elapsed time = 121.79 sec. (84680.88 ticks, tree = 1.29 MB, solutions = 7)
   8705   508       35.0000   832       46.0000       35.0000  1977189   23.91%
   8723   507    infeasible             46.0000       35.0000  1982334   23.91%
   8732   532       45.0000   422       46.0000       35.0000  2091795   23.91%
   8740   554       42.0000   500       46.0000       35.0000  2125847   23.91%
   8750   556       42.0000   488       46.0000       35.0000  2133086   23.91%
   8754   565       35.0000   744       46.0000       35.0000  2179798   23.91%
   8758   557       42.0000   496       46.0000       35.0000  2135384   23.91%
   8769   585       45.0000   327       46.0000       35.0000  2231308   23.91%
   8783   566       36.0000   748       46.0000       35.0000  2194395   23.91%
   8803   564       35.0000   883       46.0000       35.0000  2216267   23.91%
Elapsed time = 136.81 sec. (96016.82 ticks, tree = 1.46 MB, solutions = 7)
   8815   592       42.0000   287       46.0000       35.0000  2239404   23.91%
   8821   588       41.0000   708       46.0000       35.0000  2261564   23.91%
   8826   590       35.0000   502       46.0000       35.0000  2301882   23.91%
   8835   589       37.0000   770       46.0000       35.0000  2316450   23.91%
   8842   619       42.0000   404       46.0000       35.0000  2340932   23.91%
   8849   627       42.0000   235       46.0000       35.0000  2436264   23.91%
   8858   626       32.0000   950       46.0000       35.0000  2451260   23.91%
   8864   648       35.0000   373       46.0000       35.0000  2492546   23.91%
   8869   648       44.0000   631       46.0000       35.0000  2516039   23.91%
   8878   653       35.0000   322       46.0000       35.0000  2505034   23.91%
Elapsed time = 149.84 sec. (106502.79 ticks, tree = 1.81 MB, solutions = 7)
   8885   657       35.0000   375       46.0000       35.0000  2511933   23.91%
   8892   669       35.0000   328       46.0000       35.0000  2615102   23.91%
   8897   671       35.0000   338       46.0000       35.0000  2621149   23.91%
   8902   668    infeasible             46.0000       35.0000  2657782   23.91%
   8907   657       35.0000   663       46.0000       35.0000  2589246   23.91%
   8912   669       35.0000   828       46.0000       35.0000  2650994   23.91%
   8918   685       35.0000   344       46.0000       35.0000  2755497   23.91%
   8921   687       36.0000   506       46.0000       35.0000  2761222   23.91%
   8927   681       40.0000   776       46.0000       35.0000  2792352   23.91%
   8944   690       35.5078   956       46.0000       35.0000  2896854   23.91%
Elapsed time = 167.82 sec. (120705.26 ticks, tree = 1.96 MB, solutions = 7)
   8974   697       41.0000   622       46.0000       35.0000  3004722   23.91%
   9037   728       45.0000   368       46.0000       35.0000  3085903   23.91%
   9095   728       43.0000   578       46.0000       35.0000  3163694   23.91%
   9162   769       39.0000   833       46.0000       35.0000  3270495   23.91%
   9228   813       34.0000   954       46.0000       35.0000  3431090   23.91%
   9313   901    infeasible             46.0000       35.0000  3623276   23.91%
   9450   982    infeasible             46.0000       35.0000  3657775   23.91%
   9560  1043       43.0000   302       46.0000       35.0000  3683602   23.91%
   9650   982       43.6736   718       46.0000       35.0000  3711602   23.91%
   9665  1143       35.0000   713       46.0000       35.0000  3778489   23.91%
Elapsed time = 222.58 sec. (160230.83 ticks, tree = 7.04 MB, solutions = 7)
   9720  1159       39.5938   781       46.0000       35.0000  3853391   23.91%
   9805  1282       43.0000   267       46.0000       35.0000  4011930   23.91%
   9885  1257    infeasible             46.0000       35.0000  4060350   23.91%
   9918  1345        cutoff             46.0000       35.0000  4169217   23.91%
   9954  1348       39.0000   588       46.0000       35.0000  4177903   23.91%
   9982  1363       45.0000   406       46.0000       35.0000  4245985   23.91%
  10035  1387       36.0000   371       46.0000       35.0000  4308893   23.91%
  10133  1448       36.0000   331       46.0000       35.0000  4417357   23.91%
  10201  1525        cutoff             46.0000       35.0000  4572005   23.91%
  10235  1553       38.0000   420       46.0000       35.0000  4613204   23.91%
Elapsed time = 274.06 sec. (198963.51 ticks, tree = 17.97 MB, solutions = 7)
  10276  1548       35.0000   293       46.0000       35.0000  4670605   23.91%
  10393  1552       43.0000   576       46.0000       35.0000  4638910   23.91%
  10515  1599       36.0000   324       46.0000       35.0000  4725362   23.91%
  10651  1668       43.0000   507       46.0000       35.0000  4847325   23.91%
  10822  1696       43.0000   243       46.0000       35.0000  4900499   23.91%
  10931  1718       39.0000   227       46.0000       35.0000  4909149   23.91%
* 11080+ 1916                           45.0000       35.0000            22.22%
  11135  1635       38.0000   357       45.0000       35.0000  5092913   22.22%
  11261  1657       41.0000   636       45.0000       35.0000  5157071   22.22%
  11320  1680       35.0000   770       45.0000       35.0000  5241659   22.22%
  11385  1716       36.0000   636       45.0000       35.0000  5286527   22.22%
Elapsed time = 330.35 sec. (237757.24 ticks, tree = 32.71 MB, solutions = 8)
  11449  1778        cutoff             45.0000       35.0000  5450330   22.22%
  11535  1837       43.0000   133       45.0000       35.0000  5508865   22.22%
* 11545+ 1840                           44.0000       35.0000            20.45%
  11597  1828       39.0000   433       44.0000       35.0000  5569629   20.45%
  11626  1770       38.4725   589       44.0000       35.0000  5727225   20.45%
  11680  1806       36.0000   471       44.0000       35.0000  5873562   20.45%
  11748  1811       38.0000   358       44.0000       35.0000  5908857   20.45%
  11824  1836       42.0000   385       44.0000       35.0000  5968046   20.45%
  11842  1829       42.0000   943       44.0000       35.0000  6021167   20.45%
  11879  1886       43.0000   823       44.0000       35.0000  6165324   20.45%
  11910  1875       35.0000   956       44.0000       35.0000  6125144   20.45%
Elapsed time = 383.60 sec. (276616.60 ticks, tree = 37.12 MB, solutions = 9)
  11937  1916       36.0000   883       44.0000       35.0000  6317968   20.45%
  11999  1926       43.0000   734       44.0000       35.0000  6357780   20.45%
  12020  1931       38.0000   805       44.0000       35.0000  6460406   20.45%
  12058  1937    infeasible             44.0000       35.0000  6472701   20.45%
  12076  1925       35.6012   680       44.0000       35.0000  6449741   20.45%
  12106  1983       38.0000   512       44.0000       35.0000  6629558   20.45%
  12134  1971       35.0000   988       44.0000       35.0000  6571573   20.45%
  12197  2048       42.0000    97       44.0000       35.0000  6828896   20.45%
  12237  2007        cutoff             44.0000       35.0000  6786506   20.45%
  12258  2059       36.0000   444       44.0000       35.0000  6930493   20.45%
Elapsed time = 434.61 sec. (316237.51 ticks, tree = 40.96 MB, solutions = 9)
  12321  2067       35.0000   491       44.0000       35.0000  6942725   20.45%
  12362  2114       36.0000   354       44.0000       35.0000  7118886   20.45%
  12417  2096    infeasible             44.0000       35.0000  7095720   20.45%
  12484  2167       35.0188   589       44.0000       35.0000  7374853   20.45%
  12540  2127       35.0000   398       44.0000       35.0000  7254702   20.45%
  12593  2191        cutoff             44.0000       35.0000  7463736   20.45%
  12645  2196       36.0642   491       44.0000       35.0000  7480185   20.45%
  12693  2259        cutoff             44.0000       35.0000  7640811   20.45%
  12745  2256       35.0000   542       44.0000       35.0000  7669017   20.45%
  12887  2277       43.0000   422       44.0000       35.0000  7745856   20.45%
Elapsed time = 486.14 sec. (355489.58 ticks, tree = 47.53 MB, solutions = 9)
  13005  2303       36.0000   404       44.0000       35.0000  7881508   20.45%
  13048  2295       35.0000  1042       44.0000       35.0000  7815688   20.45%
  13069  2420        cutoff             44.0000       35.0000  8116312   20.45%
  13130  2463       42.0000   264       44.0000       35.0000  8187528   20.45%
  13177  2541       36.0000   387       44.0000       35.0000  8340299   20.45%
  13249  2456    infeasible             44.0000       35.0000  8233795   20.45%
  13339  2556        cutoff             44.0000       35.0000  8417896   20.45%
  13397  2596       37.0000   541       44.0000       35.0000  8549243   20.45%
  13473  2669       41.0000   212       44.0000       35.0000  8587626   20.45%
  13538  2666       36.0000   401       44.0000       35.0000  8739910   20.45%
Elapsed time = 535.84 sec. (394261.85 ticks, tree = 57.88 MB, solutions = 9)
  13569  2657       35.0000   456       44.0000       35.0000  8660312   20.45%
  13605  2712       38.0000   564       44.0000       35.0000  8835287   20.45%
  13666  2748       35.0103   637       44.0000       35.0000  8932557   20.45%
  13730  2758    infeasible             44.0000       35.0000  8949903   20.45%
  13767  2767    infeasible             44.0000       35.0000  9140451   20.45%
  13810  2803       36.0000   379       44.0000       35.0000  9255048   20.45%
  13882  2768    infeasible             44.0000       35.0000  9165330   20.45%
  13916  2831       36.0000   569       44.0000       35.0000  9404865   20.45%
  13952  2835       36.0000   485       44.0000       35.0000  9391239   20.45%
  13987  2894       36.0000   479       44.0000       35.0000  9615294   20.45%
Elapsed time = 589.09 sec. (433628.79 ticks, tree = 62.71 MB, solutions = 9)
  14018  2847       42.4641   548       44.0000       35.0000  9539718   20.45%
  14048  2931        cutoff             44.0000       35.0000  9773495   20.45%
  14081  2935       36.0000   659       44.0000       35.0000  9808108   20.45%
  14136  2977       37.0000   435       44.0000       35.0000 10063506   20.45%
  14176  2965       35.0376   667       44.0000       35.0000 10042577   20.45%
  14214  3003       36.2562   716       44.0000       35.0000 10224682   20.45%
  14246  3035       35.0000   852       44.0000       35.0000 10331815   20.45%
  14277  3006       35.0000   510       44.0000       35.0000 10278838   20.45%
  14331  3042       39.0000   650       44.0000       35.0000 10352922   20.45%
  14432  3038        cutoff             44.0000       35.0000 10432387   20.45%
Elapsed time = 641.57 sec. (472945.91 ticks, tree = 64.41 MB, solutions = 9)
  14501  3068       36.0000   532       44.0000       35.0000 10725130   20.45%
  14542  3047       35.0000   552       44.0000       35.0000 10623243   20.45%
  14566  3049       35.0000   460       44.0000       35.0000 10544937   20.45%
  14603  3067       35.3165   699       44.0000       35.0000 10756409   20.45%
  14636  3175    infeasible             44.0000       35.0000 11043821   20.45%
  14747  3186    infeasible             44.0000       35.0000 10977301   20.45%
  14788  3253       38.0000   361       44.0000       35.0000 11140088   20.45%
  14846  3296       41.0000   165       44.0000       35.0000 11246261   20.45%
  15022  3355       43.0000    45       44.0000       35.0000 11257510   20.45%
  15167  3261       38.0000   674       44.0000       35.0000 11165838   20.45%
Elapsed time = 692.75 sec. (512262.83 ticks, tree = 73.83 MB, solutions = 9)
  15187  3425       35.0000   535       44.0000       35.0000 11527139   20.45%
  15218  3414       43.0000   779       44.0000       35.0000 11474580   20.45%
  15269  3558       38.3979   723       44.0000       35.0000 11612123   20.45%
  15291  3587       41.0000   500       44.0000       35.0000 11719608   20.45%
  15304  3515       35.0117   818       44.0000       35.0000 11613665   20.45%
  15344  3627       36.0000   770       44.0000       35.0000 11955783   20.45%
  15397  3595       36.0000   708       44.0000       35.0000 11835005   20.45%
  15412  3630       36.0000   658       44.0000       35.0000 11980277   20.45%
  15444  3671       41.0000   488       44.0000       35.0000 12158289   20.45%
  15467  3651        cutoff             44.0000       35.0000 12085921   20.45%
Elapsed time = 741.81 sec. (551604.16 ticks, tree = 92.64 MB, solutions = 9)
  15487  3656       36.0000   464       44.0000       35.0000 12101776   20.45%
  15547  3693       40.0000   418       44.0000       35.0000 12348398   20.45%
  15599  3735    infeasible             44.0000       35.0000 12606931   20.45%
  15630  3738       36.0000   581       44.0000       35.0000 12617374   20.45%
  15708  3762       39.0000   512       44.0000       35.0000 12787961   20.45%
  15746  3739       35.0124   658       44.0000       35.0000 12643924   20.45%
  15783  3777       40.0000   536       44.0000       35.0000 12806160   20.45%
  15829  3755       35.0000   441       44.0000       35.0000 12786679   20.45%
  15852  3808       35.0000   435       44.0000       35.0000 12970017   20.45%
  15889  3850       35.0000   549       44.0000       35.0000 13072667   20.45%
Elapsed time = 793.32 sec. (591239.87 ticks, tree = 95.75 MB, solutions = 9)
  15921  3807       35.0000   438       44.0000       35.0000 12988534   20.45%
  16053  3893       39.0000   508       44.0000       35.0000 13242268   20.45%
* 16061+ 3954                           43.0000       35.0000            18.60%
  16142  3324       40.0000   327       43.0000       35.0000 13372941   18.60%
  16171  3371       39.0000   605       43.0000       35.0000 13509662   18.60%
  16214  3370       36.0000   624       43.0000       35.0000 13565974   18.60%
  16274  3332       36.0000   408       43.0000       35.0000 13414044   18.60%
  16351  3441       40.0000   551       43.0000       35.0000 13732140   18.60%
  16399  3438       36.0000   766       43.0000       35.0000 13819709   18.60%
  16417  3485       35.0000   455       43.0000       35.0000 13922700   18.60%
  16454  3427       36.0000   516       43.0000       35.0000 13721489   18.60%
Elapsed time = 843.61 sec. (630486.31 ticks, tree = 94.05 MB, solutions = 10)
  16482  3511       37.0000   439       43.0000       35.0000 14015589   18.60%
  16533  3508       39.0000   702       43.0000       35.0000 14135069   18.60%
  16607  3515       37.0000   655       43.0000       35.0000 14075171   18.60%
  16656  3495       41.0000   667       43.0000       35.0000 14101464   18.60%
  16696  3518       35.0000   587       43.0000       35.0000 14282162   18.60%
  16745  3516       40.5833   712       43.0000       35.0000 14295013   18.60%
  16769  3630       35.0000   482       43.0000       35.0000 14638408   18.60%
  16786  3633    infeasible             43.0000       35.0000 14775566   18.60%
  16836  3643        cutoff             43.0000       35.0000 14751063   18.60%
  16860  3647       38.0000   521       43.0000       35.0000 14764360   18.60%
Elapsed time = 893.89 sec. (669805.17 ticks, tree = 100.51 MB, solutions = 10)
  16884  3672       37.0000   548       43.0000       35.0000 14955370   18.60%
  16919  3677       37.0000   565       43.0000       35.0000 14968808   18.60%
  16963  3666       41.0000   725       43.0000       35.0000 14917872   18.60%
  16983  3695       35.0266   739       43.0000       35.0000 15125738   18.60%
  17028  3720       35.0000   532       43.0000       35.0000 15246819   18.60%
  17064  3745       35.0000   482       43.0000       35.0000 15414722   18.60%
  17100  3726       36.0000   836       43.0000       35.0000 15372662   18.60%
  17157  3730       36.0000   553       43.0000       35.0000 15339648   18.60%
  17185  3757       40.0000   469       43.0000       35.0000 15449545   18.60%
  17254  3864       36.0000   348       43.0000       35.0000 15894206   18.60%
Elapsed time = 943.00 sec. (709279.77 ticks, tree = 109.42 MB, solutions = 10)
  17297  3803        cutoff             43.0000       35.0000 15710560   18.60%
  17354  3869       36.0702   510       43.0000       35.0000 15951093   18.60%
  17394  3802       35.0000   470       43.0000       35.0000 15738202   18.60%
  17437  3808       35.0000   416       43.0000       35.0000 15799450   18.60%
  17487  3885       36.0000   297       43.0000       35.0000 15988294   18.60%
  17574  3926        cutoff             43.0000       35.0000 16318159   18.60%
  17630  3908       39.0000   139       43.0000       35.0000 16105261   18.60%
  17696  3940       38.3939   659       43.0000       35.0000 16303105   18.60%
  17721  3897       36.0000   769       43.0000       35.0000 16168734   18.60%
  17749  4059       36.0000   555       43.0000       35.0000 16555572   18.60%
Elapsed time = 992.51 sec. (748336.50 ticks, tree = 116.45 MB, solutions = 10)
  17769  4082       36.0000   554       43.0000       35.0000 16699073   18.60%
  17819  4088        cutoff             43.0000       35.0000 16713174   18.60%
  17846  4118       42.0000   528       43.0000       35.0000 16778936   18.60%
  17892  4097       35.0000   524       43.0000       35.0000 16740325   18.60%
  17919  4123        cutoff             43.0000       35.0000 16875567   18.60%
  17940  4137       36.0000   493       43.0000       35.0000 16974286   18.60%
  17963  4180       38.0000   631       43.0000       35.0000 17142546   18.60%
  17982  4203       36.0000   423       43.0000       35.0000 17201846   18.60%
  18005  4224       36.0000   573       43.0000       35.0000 17385993   18.60%
  18024  4183       36.0000   754       43.0000       35.0000 17170498   18.60%
Elapsed time = 1043.73 sec. (787735.83 ticks, tree = 120.74 MB, solutions = 10)
  18056  4235        cutoff             43.0000       35.0000 17513526   18.60%
  18071  4209       36.0000   699       43.0000       35.0000 17272948   18.60%
  18107  4245       36.0000   814       43.0000       35.0000 17591300   18.60%
  18141  4257       35.0000   460       43.0000       35.0000 17703497   18.60%
  18194  4263       39.0000   450       43.0000       35.0000 17767885   18.60%
  18222  4232       35.0000   489       43.0000       35.0000 17491844   18.60%
  18244  4269       36.0000   771       43.0000       35.0000 17927021   18.60%
  18288  4289       37.0000   701       43.0000       35.0000 18074533   18.60%
  18354  4276       35.0000   500       43.0000       35.0000 17947963   18.60%
  18389  4292       39.0000   651       43.0000       35.0000 18053889   18.60%
Elapsed time = 1092.66 sec. (826748.36 ticks, tree = 122.97 MB, solutions = 10)
  18439  4379    infeasible             43.0000       35.0000 18381274   18.60%
  18468  4424       39.0000   557       43.0000       35.0000 18561606   18.60%
  18490  4395        cutoff             43.0000       35.0000 18464516   18.60%
  18503  4417       42.0000   683       43.0000       35.0000 18517526   18.60%
  18538  4380       36.0000   795       43.0000       35.0000 18412322   18.60%
  18591  4419    infeasible             43.0000       35.0000 18632420   18.60%
  18611  4439       36.0000   711       43.0000       35.0000 18753815   18.60%
  18639  4457       35.0000   531       43.0000       35.0000 18949337   18.60%
  18709  4459       39.0000   559       43.0000       35.0000 18963979   18.60%
  18747  4495       38.0000   415       43.0000       35.0000 19020265   18.60%
Elapsed time = 1142.76 sec. (866710.40 ticks, tree = 130.51 MB, solutions = 10)
  18781  4529       37.0000   693       43.0000       35.0000 19153138   18.60%
  18808  4505        cutoff             43.0000       35.0000 19046861   18.60%
  18816  4508       35.0000   566       43.0000       35.0000 19055568   18.60%
  18839  4569       41.0000   487       43.0000       35.0000 19314300   18.60%
  18898  4546    infeasible             43.0000       35.0000 19202018   18.60%
  18916  4583        cutoff             43.0000       35.0000 19378998   18.60%
  18929  4541       35.0000   640       43.0000       35.0000 19288470   18.60%
  18943  4534       35.0000   573       43.0000       35.0000 19245582   18.60%
  18972  4585       35.0000   851       43.0000       35.0000 19398670   18.60%
  18988  4624       40.0000   855       43.0000       35.0000 19602820   18.60%
Elapsed time = 1192.99 sec. (906253.01 ticks, tree = 134.69 MB, solutions = 10)
  19003  4624       35.0000   678       43.0000       35.0000 19657795   18.60%
  19083  4665    infeasible             43.0000       35.0000 19856984   18.60%
  19101  4627       35.0853   754       43.0000       35.0000 19684942   18.60%
  19112  4631       35.0000   481       43.0000       35.0000 19697980   18.60%
  19129  4635    infeasible             43.0000       35.0000 19712931   18.60%
  19149  4718       39.0000   534       43.0000       35.0000 20060983   18.60%
  19182  4717        cutoff             43.0000       35.0000 20214436   18.60%
  19223  4745       36.0000   731       43.0000       35.0000 20373289   18.60%
  19307  4744    infeasible             43.0000       35.0000 20326426   18.60%
  19390  4734    infeasible             43.0000       35.0000 20190507   18.60%
Elapsed time = 1241.58 sec. (946110.92 ticks, tree = 139.62 MB, solutions = 10)
  19431  4749       36.0000   735       43.0000       35.0000 20345629   18.60%
  19477  4796       36.6705   670       43.0000       35.0000 20576870   18.60%
  19527  4819       37.0000   502       43.0000       35.0000 20656920   18.60%
  19560  4825       35.0000   906       43.0000       35.0000 20783169   18.60%
  19606  4826       39.0000   821       43.0000       35.0000 20792504   18.60%
  19673  4768       39.0000   553       43.0000       35.0000 20544860   18.60%
  19713  4865       37.0000   569       43.0000       35.0000 20887816   18.60%
  19801  4884       42.0000   396       43.0000       35.0000 21049959   18.60%
  19831  4836    infeasible             43.0000       35.0000 20840939   18.60%
  19883  4882       38.0000   628       43.0000       35.0000 20967218   18.60%
Elapsed time = 1291.78 sec. (985894.19 ticks, tree = 144.98 MB, solutions = 10)
  19934  4945    infeasible             43.0000       35.0000 21399236   18.60%
  19980  4950       35.0000   512       43.0000       35.0000 21411419   18.60%
  20017  4946       41.0000   573       43.0000       35.0000 21333982   18.60%
  20062  4917       40.0000   553       43.0000       35.0000 21282108   18.60%
  20104  4992       36.0000   615       43.0000       35.0000 21571570   18.60%
  20139  5058       42.0000   524       43.0000       35.0000 21841692   18.60%
  20196  5062    infeasible             43.0000       35.0000 21858262   18.60%
  20237  5018       38.0000   420       43.0000       35.0000 21757227   18.60%
  20275  5034       35.2759   682       43.0000       35.0000 21656706   18.60%
  20301  5020       36.0000   719       43.0000       35.0000 21778132   18.60%
Elapsed time = 1343.73 sec. (1026578.50 ticks, tree = 153.41 MB, solutions = 10)
  20329  5064       35.0000  1006       43.0000       35.0000 21886771   18.60%
  20362  5135       41.0000   967       43.0000       35.0000 22323842   18.60%
  20406  5142       41.0000   908       43.0000       35.0000 22330932   18.60%
  20451  5163       36.0000   364       43.0000       35.0000 22451876   18.60%
  20520  5164       36.0000   704       43.0000       35.0000 22406960   18.60%
  20564  5121       35.0000   649       43.0000       35.0000 22222898   18.60%
  20597  5179       41.0000   658       43.0000       35.0000 22672803   18.60%
  20639  5192       35.0000   618       43.0000       35.0000 22488668   18.60%
  20697  5191       40.0000   901       43.0000       35.0000 22497904   18.60%
  20730  5208       38.0000   448       43.0000       35.0000 22702447   18.60%
Elapsed time = 1398.21 sec. (1066273.08 ticks, tree = 157.61 MB, solutions = 10)
  20765  5193       35.2409   610       43.0000       35.0000 22813930   18.60%
  20795  5269       35.0000   648       43.0000       35.0000 23027794   18.60%
  20828  5240       38.0000   549       43.0000       35.0000 22971178   18.60%
  20859  5298       39.0000   800       43.0000       35.0000 23096805   18.60%
  20877  5273        cutoff             43.0000       35.0000 23029956   18.60%
  20891  5278       35.0000   592       43.0000       35.0000 23052858   18.60%
  20930  5357       35.0009   852       43.0000       35.0000 23339711   18.60%
  20945  5361       37.5714   581       43.0000       35.0000 23353262   18.60%
  20978  5388       41.0000   498       43.0000       35.0000 23506787   18.60%
  20994  5355       38.0000   597       43.0000       35.0000 23295620   18.60%
Elapsed time = 1449.08 sec. (1105691.31 ticks, tree = 166.04 MB, solutions = 10)
  21016  5410       37.0000   876       43.0000       35.0000 23633532   18.60%
  21052  5372       40.0000   495       43.0000       35.0000 23394530   18.60%
  21091  5402       35.0000   593       43.0000       35.0000 23596030   18.60%
  21114  5465       41.0000   841       43.0000       35.0000 23873013   18.60%
  21151  5424       35.0000   552       43.0000       35.0000 23717890   18.60%
  21176  5439       35.0000   780       43.0000       35.0000 23782044   18.60%
  21195  5437       35.0000   503       43.0000       35.0000 23740860   18.60%
  21223  5445       36.0000   501       43.0000       35.0000 23746910   18.60%
  21262  5564       35.0000   534       43.0000       35.0000 24239490   18.60%
  21290  5493       36.0000   659       43.0000       35.0000 24077522   18.60%
Elapsed time = 1502.91 sec. (1145654.52 ticks, tree = 171.45 MB, solutions = 10)
  21311  5591       38.0000   657       43.0000       35.0000 24421511   18.60%
  21333  5547       36.0000   388       43.0000       35.0000 24206308   18.60%
  21360  5567    infeasible             43.0000       35.0000 24295893   18.60%
  21385  5552       36.2269   757       43.0000       35.0000 24227425   18.60%
  21419  5597       35.0000   710       43.0000       35.0000 24524576   18.60%
  21435  5625       35.0000   477       43.0000       35.0000 24807035   18.60%
  21464  5599       36.0000   834       43.0000       35.0000 24543617   18.60%
  21478  5640       38.0000   393       43.0000       35.0000 24828187   18.60%
  21542  5617        cutoff             43.0000       35.0000 24739352   18.60%
  21599  5607       38.0000   738       43.0000       35.0000 24632840   18.60%
Elapsed time = 1555.63 sec. (1185789.83 ticks, tree = 171.97 MB, solutions = 10)
  21626  5657       38.0000   659       43.0000       35.0000 25105764   18.60%
  21667  5660    infeasible             43.0000       35.0000 25114568   18.60%
  21739  5659       40.0000   528       43.0000       35.0000 25035389   18.60%
  21788  5777       39.0000   562       43.0000       35.0000 25247262   18.60%
  21829  5776       36.0028   558       43.0000       35.0000 25318788   18.60%
  21867  5779       35.0000   583       43.0000       35.0000 25325596   18.60%
  21904  5705       41.0000   568       43.0000       35.0000 25158950   18.60%
  21924  5781       35.0103   658       43.0000       35.0000 25352198   18.60%
  21986  5790       38.0000   622       43.0000       35.0000 25419811   18.60%
  22024  5795       40.0000   363       43.0000       35.0000 25378282   18.60%
Elapsed time = 1606.74 sec. (1225326.09 ticks, tree = 180.47 MB, solutions = 10)
  22069  5919       39.0000   415       43.0000       35.0000 25755432   18.60%
  22141  5994       42.0000   241       43.0000       35.0000 25941823   18.60%
  22217  5937       35.0000   480       43.0000       35.0000 25764010   18.60%
  22241  5993       38.0296   668       43.0000       35.0000 26006338   18.60%
  22267  5957       36.0000   787       43.0000       35.0000 25902055   18.60%
Starting limited solution polishing.
* 22310+ 5943                           42.0000       35.0000            16.67%
  22328  6014       35.1612   614       42.0000       35.0000 26100794   16.67%
  22394  6012       42.0000   627       42.0000       35.0000 25978936   16.67%
  22481  5591       35.0000   820       42.0000       35.0000 26277330   16.67%
  22512  6023       35.0000   833       42.0000       35.0000 26120032   16.67%
  22559  5586       40.0000   590       42.0000       35.0000 26234627   16.67%
Elapsed time = 1659.55 sec. (1264343.30 ticks, tree = 183.61 MB, solutions = 11)
  22582  6024       35.0000   738       42.0000       35.0000 26130528   16.67%
  22606  5668       35.0278   869       42.0000       35.0000 26506106   16.67%
  22641  5642    infeasible             42.0000       35.0000 26449792   16.67%
  22703  5644       37.0000   562       42.0000       35.0000 26461474   16.67%
  22731  5680        cutoff             42.0000       35.0000 26544715   16.67%
  22769  5650    infeasible             42.0000       35.0000 26471149   16.67%
  22797  5738        cutoff             42.0000       35.0000 26854617   16.67%
  22823  5713       38.0000   405       42.0000       35.0000 26618203   16.67%
  22851  5752       38.9631   709       42.0000       35.0000 26940940   16.67%
  22884  5743       40.0000   739       42.0000       35.0000 26825592   16.67%
Elapsed time = 1707.46 sec. (1303280.03 ticks, tree = 192.33 MB, solutions = 11)
  22925  5758       40.0000   556       42.0000       35.0000 26838372   16.67%
  22951  5815       35.0000   464       42.0000       35.0000 27193881   16.67%
  22987  5822    infeasible             42.0000       35.0000 27208498   16.67%
  23017  5767       39.0000   508       42.0000       35.0000 26988226   16.67%
  23055  5835       41.0000   579       42.0000       35.0000 27352829   16.67%
  23087  5900    infeasible             42.0000       35.0000 27708941   16.67%
  23113  5833       35.1625   678       42.0000       35.0000 27347018   16.67%
  23135  5881       36.0000   752       42.0000       35.0000 27550528   16.67%
  23161  5882       36.0000   667       42.0000       35.0000 27643387   16.67%
  23183  5885       36.0000   490       42.0000       35.0000 27655065   16.67%
Elapsed time = 1756.09 sec. (1342824.32 ticks, tree = 200.46 MB, solutions = 11)
  23205  5839       40.0000   825       42.0000       35.0000 27416200   16.67%
  23233  5890       37.0000   679       42.0000       35.0000 27592221   16.67%
  23275  5915       40.0000   545       42.0000       35.0000 27843227   16.67%
  23298  5915       35.0000   474       42.0000       35.0000 27850238   16.67%
  23313  5947       35.0000   694       42.0000       35.0000 27993603   16.67%
  23334  5979        cutoff             42.0000       35.0000 28306511   16.67%
  23366  5958       41.0000   569       42.0000       35.0000 28136003   16.67%
  23394  5965       41.0000   458       42.0000       35.0000 28023937   16.67%

GUB cover cuts applied:  2142
Clique cuts applied:  81
Cover cuts applied:  1740
Implied bound cuts applied:  888
Flow cuts applied:  27
Mixed integer rounding cuts applied:  1191
Zero-half cuts applied:  70
Gomory fractional cuts applied:  51

Root node processing (before b&c):
  Real time             =    1.04 sec. (653.18 ticks)
Parallel b&c, 8 threads:
  Real time             = 1798.97 sec. (1379047.03 ticks)
  Sync time (average)   =  190.24 sec.
  Wait time (average)   =    0.04 sec.
                          ------------
Total (root+branch&cut) = 1800.01 sec. (1379700.21 ticks)
! --------------------------------------------------------
! Status: FEASIBLE (time limit or other stopping criterion reached)
! Best span = 42
! Labeling: 18 40 18 35 1 39 37 38 27 3 36 42 29 11 1 28 26 1 1 23 14 36 1 18 18 31 2 1 36 2 20 36 1 42 19 1 36 19 36 8 18 5 30 42 24 4 35 25 1 42 17 38 15 1 18 18 1 42 19 40 6 1 18 42 1 1 32 12 4 10 19 24 22 18 35 1 40 22 25 42 25 2 19 21 16 34 1 13 36 19 7 18 1 39 1 9 41 23 33 36 
! --------------------------------------------------------
! All verification passed
