! Solving for graph /home/truongxuanhieu/CPLEX-MIP-for-MinSpanLabeling/benchmarks/abp/N-bcsstk07.mtx.rnd
! Target value is set to 17
! Lower bound is set to 18
! Upper bound is set to 210
! Time limit is set to 1800
! Vertices mode is set to No hole
! Target value mode is set to Antibandwidth
Version identifier: 22.2.0.0 | 2026-05-04 | 5dff98e58
CPXPARAM_TimeLimit                               1800
Tried aggregator 2 times.
MIP Presolve eliminated 3722 rows and 945 columns.
MIP Presolve modified 176208 coefficients.
Aggregator did 8700 substitutions.
Reduced MIP has 17191 rows, 104236 columns, and 308757 nonzeros.
Reduced MIP has 92235 binaries, 4141 generals, 0 SOSs, and 7860 indicators.
Presolve time = 0.34 sec. (778.08 ticks)
Probing time = 0.50 sec. (233.73 ticks)
Tried aggregator 2 times.
Detecting symmetries...
Aggregator did 4 substitutions.
Reduced MIP has 17187 rows, 104232 columns, and 308753 nonzeros.
Reduced MIP has 92235 binaries, 4557 generals, 0 SOSs, and 7860 indicators.
Presolve time = 0.26 sec. (250.41 ticks)
Probing time = 0.06 sec. (24.45 ticks)
Clique table members: 8636.
MIP emphasis: balance optimality and feasibility.
MIP search method: dynamic search.
Parallel mode: deterministic, using up to 8 threads.
Root relaxation solution time = 0.53 sec. (452.34 ticks)

        Nodes                                         Cuts/
   Node  Left     Objective  IInf  Best Integer    Best Bound    ItCnt     Gap

      0     0       18.0000  2228                     18.0000     4423         
      0     0       18.0000  4991                  Cuts: 4396     8222         
      0     0       18.0000  4580                  Cuts: 4396    10603         
      0     0       18.0000  4706                  Cuts: 4396    13513         
      0     2       18.0000  3984                     18.0000    13513         
Elapsed time = 13.60 sec. (14730.33 ticks, tree = 0.02 MB, solutions = 0)
     10     3       18.0000  3980                     18.0000    13515         
     14    16       18.0365  4897                     18.0000    17373         
     30    20       18.0000  4325                     18.0000    20736         
     62    43       18.0000  4037                     18.0000    35952         
     95    82       18.0000  3980                     18.0000    47792         
    130    90       18.0000  3905                     18.0000    47828         
    172   126       35.0000  2836                     18.0000    50951         
    201   142       36.0000  2956                     18.0000    54170         
    291   224       19.0000  3793                     18.0000    54806         
    537   437       35.0000  2753                     18.0000    77011         
Elapsed time = 17.78 sec. (18103.32 ticks, tree = 11.35 MB, solutions = 0)
    783   664       50.0000  3087                     18.0000   107087         
    881   864       52.0000  2685                     18.0000   131853         
    895   867       52.0000  2683                     18.0000   133223         
   1045   925       35.0000  3390                     18.0000   141364         
   1274   766       67.0000  2863                     18.0000   125588         
   1455  1327       86.0000  2070                     18.0000   167032         
   1647  1495       52.0000  3130                     18.0000   175172         
   1839  1627       69.0000  2251                     18.0000   185891         
   1967  1788       52.0000  3943                     18.0000   203563         
   2073  1956       69.0000  3118                     18.0000   222450         
Elapsed time = 34.38 sec. (28017.85 ticks, tree = 72.71 MB, solutions = 0)
   2159  2038       69.0000  3082                     18.0000   225578         
   2262  2117       69.0000  2914                     18.0000   241785         
   2327  2179      103.0000  1667                     18.0000   246548         
   2364  2256      103.0000  1612                     18.0000   253679         
   2421  2298       86.0000  2872                     18.0000   268686         
   2451  2317       86.0000  2152                     18.0000   282588         
   2509  2353      104.0000  1598                     18.0000   284343         
   2549  2403      104.0000  1597                     18.0000   310020         
   2592  2444      104.0000  1607                     18.0000   311252         
   2665  2499      104.0000  1760                     18.0000   313624         
Elapsed time = 46.23 sec. (37666.56 ticks, tree = 96.01 MB, solutions = 0)
   2689  2523      104.0000  1563                     18.0000   327249         
   2719  2547      104.0000  1534                     18.0000   337503         
   2753  2571       52.0000  3196                     18.0000   344078         
   2804  2679      152.0000  2651                     18.0000   374639         
   2833  2706       86.0000  2514                     18.0000   376341         
   2872  2737       35.0000  3240                     18.0000   378556         
   2877  2742       35.0000  3073                     18.0000   381574         
   2883  2746       67.0000  2680                     18.0000   385247         
   2915  2776       69.0000  2449                     18.0000   386723         
   2965  2839       69.0000  2267                     18.0000   420560         
Elapsed time = 58.29 sec. (47926.86 ticks, tree = 130.17 MB, solutions = 0)
   2986  2863       86.0000  2187                     18.0000   441437         
   2987  2762      207.0000  2706                     18.0000   403891         
   2990  2867      206.0000  2625                     18.0000   453722         
   2994  2864      208.0000  3182                     18.0000   453985         
   2999  2589      209.0000  3242                     18.0000   384066         
   3004  2499      209.0000  3326                     18.0000   356385         
   3008  2889      206.0000  2810                     18.0000   582662         
   3011  2771      208.0000  3023                     18.0000   447197         
   3013  2892    infeasible                           18.0000   586005         
   3026  2909       86.0000  2084                     18.0000   648854         
Elapsed time = 84.39 sec. (67987.36 ticks, tree = 137.48 MB, solutions = 0)
   3070  2902      204.0000  2500                     18.0000   627173         
   3128  2970       86.0000  2267                     18.0000   656392         
   3191  3031       86.0000  2116                     18.0000   690588         
   3250  3076      103.0000  2241                     18.0000   692125         
   3264  3029      208.0000  2363                     18.0000   695277         
   3274  2920      205.0000  2798                     18.0000   692315         
   3276  2905      207.0000  3175                     18.0000   676021         
   3277  2901      207.0000  3261                     18.0000   668384         
   3278  2886      208.0000  3669                     18.0000   595384         

Performing restart 1

Repeating presolve.
Tried aggregator 1 time.
Reduced MIP has 17187 rows, 104232 columns, and 308753 nonzeros.
Reduced MIP has 92235 binaries, 4557 generals, 0 SOSs, and 7860 indicators.
Presolve time = 0.12 sec. (133.11 ticks)
Tried aggregator 1 time.
Reduced MIP has 17187 rows, 104232 columns, and 308753 nonzeros.
Reduced MIP has 92235 binaries, 4557 generals, 0 SOSs, and 7860 indicators.
Presolve time = 0.21 sec. (200.43 ticks)
Represolve time = 1.08 sec. (732.61 ticks)
   3279     0       18.0000  5670                  Cuts: 4396   807451         
   3279     0       18.0000  5564                  Cuts: 4396   812276         
   3279     0       18.0000  5534                  Cuts: 4396   815539         
   3279     0       18.0000  5885                  Cuts: 4396   819153         
   3279     0       18.0000  6050                  Cuts: 4396   823178         
   3279     0       18.1467  6461                  Cuts: 4396   831725         
   3279     0       19.0000  5912                  Cuts: 4396   837054         
   3279     0       19.3228  6168                  Cuts: 4396   840254         
   3279     0       21.5157  6136                  Cuts: 4396   842900         
   3279     0       22.2500  6524                  Cuts: 4396   848907         
   3279     0       22.2543  6502                  Cuts: 4396   858382         
   3279     0       22.2580  6446                  Cuts: 4396   865186         
   3279     0       22.2580  6434                  Cuts: 4396   870682         
   3279     2       22.2580  5204                     22.2580   870682         
Elapsed time = 341.67 sec. (404327.51 ticks, tree = 0.02 MB, solutions = 0)
   3286     8       23.0000  4127                     23.0000   873369         
   3293    13       35.0000  4200                     23.0000   875660         
   3306    26       35.0000  4146                     23.0000   877664         
   3319    37       35.0000  4194                     23.0000   879669         
   3347    59       35.0000  3948                     23.0000   881408         
   3372    80       37.0000  3684                     23.0000   882595         
   3398   106       37.0000  3511                     23.0000   884755         
   3430   138       37.0000  3421                     23.0000   885928         
   3474   182       37.0000  3379                     23.0000   885974         
   3510   214       35.0000  4217                     23.0000   888024         
Elapsed time = 357.19 sec. (414229.41 ticks, tree = 8.46 MB, solutions = 0)
   3538   240       35.0000  3945                     23.0000   890815         
   3560   262       36.0000  3749                     23.0000   892773         
   3591   277       44.0000  3394                     23.0000   893676         
   3624   308       46.0000  3297                     23.0000   894387         
   3687   371       46.0000  3238                     23.0000   894469         
   3721   405       70.0000  3033                     23.0000   897515         
   3747   431       80.0000  2845                     23.0000   899823         
   3765     4       23.0000  4242                     23.0000   871436         
   3777   456       23.0000  4856                     23.0000   905393         
   3795   471       35.0000  4443                     23.0000   910048         
Elapsed time = 381.62 sec. (431117.00 ticks, tree = 17.71 MB, solutions = 0)
   3817   493       35.0000  3730                     23.0000   912446         
   3818   494       52.0000  3417                     23.0000   913509         
   3819   495       69.0000  3145                     23.0000   914701         
   3856   530       52.0000  3193                     23.0000   915928         
   3914   588       61.0000  3119                     23.0000   916977         
   3942   616       52.0000  3243                     23.0000   919093         
   3973   643       62.0000  3135                     23.0000   920917         
   3996   664       99.0000  2959                     23.0000   923457         
   3998   448      210.0000  3393                     23.0000   940741         
   4001   654       35.0000  4090                     23.0000   961425         
Elapsed time = 426.44 sec. (465156.44 ticks, tree = 25.20 MB, solutions = 0)
   4016   669       35.0000  3874                     23.0000   963295         
   4042   688       38.0000  3513                     23.0000   964442         
   4063   701       40.0000  3579                     23.0000   966603         
   4082   718       40.0000  3391                     23.0000   967794         
   4096   730    infeasible                           23.0000   968047         
   4097   665      210.0000  3135                     23.0000   953634         
   4099   729    infeasible                           23.0000   968315         
   4100   745       35.0000  4244                     23.0000  1005502         
   4101   746       35.0000  4158                     23.0000  1006019         
   4122   767       43.0000  3705                     23.0000  1010757         
Elapsed time = 459.51 sec. (484530.01 ticks, tree = 31.21 MB, solutions = 0)
   4194   838       53.0000  3192                     23.0000  1015318         
   4311   953       66.0000  2909                     23.0000  1021379         
   4317   745       23.0000  4688                     23.0000  1000108         
   4325   956       23.0000  3474                     23.0000  1033968         
   4331   962       39.0000  4355                     23.0000  1044319         
   4334   963       35.0000  4737                     23.0000  1052931         
   4339   968       35.0000  4728                     23.0000  1075508         
   4343     8       23.0000  3997                     23.0000   872414         
   4345   970       35.0000  4823                     23.0000  1093373         
   4347   966       35.0000  4956                     23.0000  1081417         
Elapsed time = 534.73 sec. (535856.50 ticks, tree = 38.05 MB, solutions = 0)
   4351   974       35.0000  4572                     23.0000  1104731         
   4353     2       26.5000  4897                     23.0000   871324         
   4355   972       35.0000  4922                     23.0000  1114804         
   4358   981       35.5447  4700                     23.0000  1147415         
   4359   971       35.0000  4805                     23.0000  1128206         
   4361   980       24.7925  6219                     23.0000  1136358         
   4362   986       35.0000  4775                     23.0000  1216999         
   4364   991       35.0000  5249                     23.0000  1326282         
   4366   989       35.0000  4165                     23.0000  1286025         
   4368   991       52.0000  3981                     23.0000  1347340         
Elapsed time = 672.00 sec. (625870.41 ticks, tree = 34.52 MB, solutions = 0)
   4369   990       35.5447  4757                     23.0000  1309401         
   4371   985       27.0000  5823                     23.0000  1188118         
   4373  1000       35.0000  4418                     23.0000  1525347         
   4379   997       35.0000  4936                     23.0000  1458538         
   4381  1004       36.0000  4518                     23.0000  1576057         
   4383  1003       35.0000  4836                     23.0000  1533531         
   4386  1005       36.0000  4772                     23.0000  1585606         
   4390  1007       35.8324  4786                     23.0000  1625239         
   4392   986       35.0000  4907                     23.0000  1232705         
   4394  1006       36.0000  3962                     23.0000  1594504         
Elapsed time = 739.64 sec. (676663.17 ticks, tree = 34.55 MB, solutions = 0)
   4395  1011       35.0000  4606                     23.0000  1648275         
   4399  1016       35.0000  4623                     23.0000  1712912         
   4403  1024       48.0000  4454                     23.0000  1763418         
   4410  1029       35.8324  4810                     23.0000  1817731         
   4414  1029       35.0000  4965                     23.0000  1771379         
   4416  1032       35.8324  4810                     23.0000  1824262         
   4418  1017       35.5447  4660                     23.0000  1723861         
   4423  1025       35.5447  4719                     23.0000  1795349         
   4437  1053       40.0000  4612                     23.0000  1895962         
   4453  1034       35.8324  4837                     23.0000  1836634         
Elapsed time = 806.54 sec. (721841.61 ticks, tree = 36.53 MB, solutions = 0)
   4456  1053       65.0000  3412                     23.0000  1962438         
   4469  1072       40.0000  3485                     23.0000  1903317         
   4512  1106    infeasible                           23.0000  1990920         
   4533  1075       65.0000  3563                     23.0000  1967972         
   4559  1100       65.0000  3614                     23.0000  1973987         
   4580  1178       65.0000  3636                     23.0000  2037008         
   4591  1110       37.0000  4249                     23.0000  2012774         
   4616  1208       65.0000  3638                     23.0000  2047388         
   4654  1242       75.0000  3440                     23.0000  2051592         
   4700  1285       82.0000  3523                     23.0000  2056738         
Elapsed time = 871.81 sec. (764102.74 ticks, tree = 79.18 MB, solutions = 0)
   4768  1346       92.0000  3183                     23.0000  2060234         
   4844  1415       94.0000  3169                     23.0000  2138056         
   4873  1187       40.0000  4497                     23.0000  2095837         
   4879  1177       36.0000  5025                     23.0000  2118766         
   4884  1395       35.0000  4842                     23.0000  2174356         
   4904  1401       35.0000  5044                     23.0000  2181092         
   4943  1443       52.0000  3929                     23.0000  2226792         
   5003  1410       38.0000  4046                     23.0000  2207904         
   5050  1413       38.0000  4890                     23.0000  2212125         
   5118  1544       54.0000  4125                     23.0000  2238135         
Elapsed time = 926.77 sec. (803674.07 ticks, tree = 146.21 MB, solutions = 0)
   5145  1434       35.0000  5014                     23.0000  2203020         
   5156  1530    infeasible                           23.0000  2365275         
   5166  1445       43.5212  4620                     23.0000  2269460         
   5172  1473       53.0000  3826                     23.0000  2322417         
   5184  1475       53.0000  3972                     23.0000  2322901         
   5191  1563       53.0000  4258                     23.0000  2419201         
   5201  1565       53.0000  4266                     23.0000  2419838         
   5213  1705       61.0000  4129                     23.0000  2497685         
   5269  1741       61.0000  3507                     23.0000  2501034         
   5346  1608       62.0000  3867                     23.0000  2425439         
Elapsed time = 1006.76 sec. (846455.22 ticks, tree = 157.54 MB, solutions = 0)
   5445  1811       69.0000  3431                     23.0000  2509296         
   5601  1870       62.0000  3708                     23.0000  2589565         
   5701  1779       35.0000  4975                     23.0000  2576829         
   5789  1889       44.5000  5314                     23.0000  2618305         
   5884  2010       90.0000  3544                     23.0000  2598087         
   6026  1916       47.0000  4418                     23.0000  2626672         
   6154  2100       54.0000  3883                     23.0000  2660671         
   6370  2208       94.0000  3490                     23.0000  2687715         
   6574  1994       72.0000  3630                     23.0000  2640932         
   6753  2327       83.0000  3338                     23.0000  2698643         
Elapsed time = 1058.18 sec. (884864.20 ticks, tree = 298.77 MB, solutions = 0)
   6833  2439       72.0000  3448                     23.0000  2735581         
   6852  2453       90.0000  3550                     23.0000  2739946         
   6886  2477       90.0000  3444                     23.0000  2741496         
   6918  2492       90.0000  3270                     23.0000  2743006         
   6951  2736       35.0000  4451                     23.0000  2793954         
   6965  2780       54.0000  4417                     23.0000  2823924         
   6996  2801       84.0000  4230                     23.0000  2828578         
   7028  2828       84.0000  4051                     23.0000  2833555         
   7073  2749       35.0000  5121                     23.0000  2808094         
   7087  3108       35.0000  5120                     23.0000  2898679         
Elapsed time = 1115.14 sec. (924944.83 ticks, tree = 473.62 MB, solutions = 0)
   7107  3127       52.0000  4111                     23.0000  2905177         
   7121  3122       51.1910  4451                     23.0000  2907582         
   7134  3135       45.0218  5039                     23.0000  2913301         
   7141  3142       49.0093  4782                     23.0000  2919205         
   7158  3165       41.0000  4835                     23.0000  2928931         
   7193  3189       52.0000  4042                     23.0000  2934577         
   7260  3211       54.0000  3837                     23.0000  2937773         
   7314  3245       55.0000  3865                     23.0000  2942856         
   7437  3315       97.0000  3616                     23.0000  2946689         
   7457  3276       56.6742  4153                     23.0000  2945346         
Elapsed time = 1173.35 sec. (965387.80 ticks, tree = 517.55 MB, solutions = 0)
   7489  3308       57.0000  3817                     23.0000  2950938         
   7573  3385       81.0000  3232                     23.0000  2954232         
   7612  2865       84.0000  3710                     23.0000  2837243         
   7681  3460       84.0000  3545                     23.0000  2971754         
   7722  3499      181.0000  3645                     23.0000  2976972         
   7771  3546      181.0000  3374                     23.0000  2980558         
   7817  3591      181.0000  3564                     23.0000  2984382         
   7853  3625      181.0000  3336                     23.0000  2988073         
   7867  3412       23.0000  6209                     23.0000  2969127         
   7869  2588       23.0000  6350                     23.0000  2773381         
Elapsed time = 1483.04 sec. (1233210.80 ticks, tree = 393.79 MB, solutions = 0)
   7870  2326       23.0000  6364                     23.0000  2708105         
   7871  2053       23.0000  6391                     23.0000  2658869         

Performing restart 2

Repeating presolve.
Tried aggregator 1 time.
Reduced MIP has 17187 rows, 104232 columns, and 326022 nonzeros.
Reduced MIP has 92235 binaries, 4557 generals, 0 SOSs, and 7860 indicators.
Presolve time = 0.14 sec. (141.24 ticks)
Tried aggregator 1 time.
MIP Presolve modified 4 coefficients.
Reduced MIP has 17187 rows, 104232 columns, and 326022 nonzeros.
Reduced MIP has 92235 binaries, 4557 generals, 0 SOSs, and 7860 indicators.
Presolve time = 0.25 sec. (208.13 ticks)
Represolve time = 4.94 sec. (5078.09 ticks)

GUB cover cuts applied:  7726
Clique cuts applied:  69
Cover cuts applied:  357
Implied bound cuts applied:  4084
Flow cuts applied:  264
Mixed integer rounding cuts applied:  6493
Zero-half cuts applied:  35
Lift and project cuts applied:  1
Gomory fractional cuts applied:  13

Root node processing (before b&c):
  Real time             =   13.42 sec. (14609.25 ticks)
Parallel b&c, 8 threads:
  Real time             = 1786.63 sec. (1625264.08 ticks)
  Sync time (average)   =  134.89 sec.
  Wait time (average)   =    0.37 sec.
                          ------------
Total (root+branch&cut) = 1800.05 sec. (1639873.33 ticks)
! --------------------------------------------------------
! Problem is UNKNOWN
! CPLEX Status = AbortTimeLim
! --------------------------------------------------------
