! Solving for graph /home/truongxuanhieu/CPLEX-MIP-for-MinSpanLabeling/benchmarks/abp/P-can__445.mtx.rnd
! Target value is set to 45
! Lower bound is set to 46
! Upper bound is set to 222
! Time limit is set to 1800
! Vertices mode is set to Has hole
! Target value mode is set to Antibandwidth
Version identifier: 22.2.0.0 | 2026-05-04 | 5dff98e58
CPXPARAM_TimeLimit                               1800
Tried aggregator 2 times.
MIP Presolve eliminated 1683 rows and 1001 columns.
MIP Presolve modified 99124 coefficients.
Aggregator did 4699 substitutions.
Reduced MIP has 8955 rows, 106743 columns, and 219865 nonzeros.
Reduced MIP has 100806 binaries, 2128 generals, 0 SOSs, and 3809 indicators.
Presolve time = 0.38 sec. (517.58 ticks)
Probing time = 0.85 sec. (231.34 ticks)
Tried aggregator 1 time.
Detecting symmetries...
Reduced MIP has 8955 rows, 106743 columns, and 219865 nonzeros.
Reduced MIP has 100806 binaries, 2573 generals, 0 SOSs, and 3809 indicators.
Presolve time = 0.33 sec. (162.19 ticks)
Probing time = 0.09 sec. (23.67 ticks)
Clique table members: 7218.
MIP emphasis: balance optimality and feasibility.
MIP search method: dynamic search.
Parallel mode: deterministic, using up to 8 threads.
Root relaxation solution time = 0.40 sec. (208.88 ticks)

        Nodes                                         Cuts/
   Node  Left     Objective  IInf  Best Integer    Best Bound    ItCnt     Gap

      0     0       46.0000  1216                     46.0000     1881         
      0     0       46.0000  3035                  Cuts: 2338     4419         
      0     0       46.0000  2792                  Cuts: 2338     5595         
      0     0       46.0000  2712                  Cuts: 2338     7279         
      0     0       46.0000  2866                  Cuts: 2338     9034         
Detecting symmetries...
      0     2       46.0000  2866                     46.0000     9034         
Elapsed time = 17.20 sec. (14369.04 ticks, tree = 0.02 MB, solutions = 0)
      9     8       51.0000  2734                     46.0000     9914         
     59    27       46.0000  2842                     46.0000    12011         
    131    98       46.0000  2781                     46.0000    16214         
    205   173       46.0000  2653                     46.0000    17198         
    255   212       91.0000  1986                     46.0000    21082         
    334   264       46.1692  3073                     46.0000    23550         
    412   352       91.0000  1836                     46.0000    29074         
    446   333       91.0000  2039                     46.0000    29745         
    470   417       91.0000  1976                     46.0000    34096         
    499   490      136.0000  1748                     46.0000    59298         
Elapsed time = 25.25 sec. (17561.29 ticks, tree = 52.11 MB, solutions = 0)
    655   589       91.0000  1890                     46.0000    68447         
    842   732      181.0000  1490                     46.0000    77618         
   1060   856      181.0000  1263                     46.0000    89099         
   1268  1086      181.0000  1233                     46.0000   106510         
   1445  1284      181.0000  1234                     46.0000   127180         
   1642  1403      136.0000  1710                     46.0000   137458         
   1837  1619    infeasible                           46.0000   149249         
   2096  1779      136.0000  1377                     46.0000   166466         
   2264  2002      136.0000  1582                     46.0000   185196         
   2417  2114      136.0000  1564                     46.0000   202105         
Elapsed time = 45.21 sec. (27133.30 ticks, tree = 292.12 MB, solutions = 0)
   2671  2325      136.0000  1440                     46.0000   222388         
   2956  2577       46.0000  2345                     46.0000   234812         
   3127  2830       91.0000  1988                     46.0000   255212         
   3412  3001       91.0000  1954                     46.0000   265276         
   3749  3256      136.0000  1576                     46.0000   275331         
   4026  3636      136.0000  1661                     46.0000   284315         
   4427  4000      215.0000  1311                     46.0000   290542         
   4591  4118      136.0000  1564                     46.0000   298666         
   4812  4281      136.0000  1731                     46.0000   327237         
   5092  4593      136.0000  1394                     46.0000   345060         
Elapsed time = 63.94 sec. (36696.72 ticks, tree = 671.36 MB, solutions = 0)
   5514  4893      136.0000  1329                     46.0000   353162         
   5926  5357      138.0000  1473                     46.0000   355873         
   6247  5669      138.0000  1324                     46.0000   356462         
   6454  5954      138.0000  1317                     46.0000   366926         
   6666  6242      136.0000  1414                     46.0000   398312         
   7078  6398      136.0000  1411                     46.0000   406318         
   7603  7000      136.0000  1447                     46.0000   412835         
   7927  7393      136.0000  1339                     46.0000   413646         
   8099  7683      136.0000  1648                     46.0000   435346         
   8348  7861      136.0000  1517                     46.0000   453028         
Elapsed time = 82.30 sec. (46266.46 ticks, tree = 1178.13 MB, solutions = 0)
   8740  8021      136.0000  1434                     46.0000   461516         
   9226  8571      136.0000  1300                     46.0000   463440         
   9624  9059      136.0000  1781                     46.0000   468041         
   9965  9417      136.0000  1635                     46.0000   481527         
  10417  9666      136.0000  1400                     46.0000   486756         
  10610  9919      136.0000  1627                     46.0000   491942         
  10947 10433      136.0000  1216                     46.0000   493843         
  11246 10678      136.0000  1620                     46.0000   505393         
  11479 10959      136.0000  1533                     46.0000   522358         
  11898 11155      136.0000  1350                     46.0000   531649         
Elapsed time = 103.36 sec. (55842.25 ticks, tree = 1695.18 MB, solutions = 0)
  12425 11504      136.0000  1251                     46.0000   533868         
  12804 12203      136.0000  1204                     46.0000   538639         
  13164 12603      136.0000  1659                     46.0000   554306         
  13703 12767      136.0000  1587                     46.0000   561768         
  14206 13418      136.0000  1427                     46.0000   563320         
  14430 13534      136.0000  1625                     46.0000   567779         
  14623 14102      136.0000  1545                     46.0000   586452         
  15064 14203      136.0000  1769                     46.0000   606134         
  15529 14744      136.0000  1649                     46.0000   615266         
  15959 15157      136.0000  1905                     46.0000   622670         
Elapsed time = 123.74 sec. (65400.52 ticks, tree = 2324.94 MB, solutions = 0)
Nodefile size = 266.83 MB (179.63 MB after compression)
  16266 15001      136.0000  1918                     46.0000   619396         
  16811 15916      136.0000  1431                     46.0000   640073         
  17282 16103      136.0000  1638                     46.0000   644607         
  17629 16589      136.0000  1165                     46.0000   646344         
  17851 16878      136.0000  1739                     46.0000   655852         
  18254 17219      136.0000  1527                     46.0000   671395         
  18729 17592      136.0000  1560                     46.0000   685620         
  19245 17884      136.0000  1551                     46.0000   693521         
  19528 18609      136.0000  1395                     46.0000   697335         
  20019 19111      136.0000  1434                     46.0000   718533         
Elapsed time = 146.54 sec. (74957.99 ticks, tree = 2950.27 MB, solutions = 0)
Nodefile size = 891.04 MB (602.70 MB after compression)
  20516 19695      137.0000  1669                     46.0000   726861         
  20875 19838      136.0000  1507                     46.0000   727393         
  21122 20267      136.0000  1661                     46.0000   743468         
  21587 20756      136.0000  1662                     46.0000   762337         
  22087 21114      136.0000  1431                     46.0000   767152         
  22464 21222      136.0000  1553                     46.0000   772209         
  22617 21923      136.0000  1341                     46.0000   779118         
  22904 22002      136.0000  1964                     46.0000   785783         
  23395 22413      136.0000  1647                     46.0000   826814         
  23930 23042      136.0000  1650                     46.0000   830003         
Elapsed time = 170.80 sec. (84521.83 ticks, tree = 3576.79 MB, solutions = 0)
Nodefile size = 1516.31 MB (1028.25 MB after compression)
  24181 23292      136.0000  1392                     46.0000   832328         
  24398 23661      136.0000  1917                     46.0000   847224         
  24832 23739      136.0000  1381                     46.0000   852898         
  25357 24158      136.0000  1342                     46.0000   873558         
  25731 24684      136.0000  1618                     46.0000   881686         
  26104 25303      136.0000  1604                     46.0000   896167         
  26612 25173      136.0000  1382                     46.0000   893043         
  27131 25904      136.0000  1438                     46.0000   905525         
  27440 26513      136.0000  1419                     46.0000   913311         
  27781 26655      136.0000  1568                     46.0000   922394         
Elapsed time = 194.21 sec. (94086.21 ticks, tree = 4157.38 MB, solutions = 0)
Nodefile size = 2088.48 MB (1419.18 MB after compression)
  28237 26859      136.0000  1295                     46.0000   930097         
  28395 27216      181.0000  1341                     46.0000   942558         
  28642 28011      137.0000  1250                     46.0000   951855         
  28923 28175      136.0000  1340                     46.0000   954139         
  29346 28148      136.0000  1800                     46.0000   956597         
  29813 28563      136.0000  1428                     46.0000   967550         
  30336 28702      136.0000  1491                     46.0000   971732         
  30551 29058      136.0000  1652                     46.0000   987612         
  30954 30067      136.0000  1591                     46.0000   996792         
  32557 31499      136.0000  1708                     46.0000  1037393         
Elapsed time = 231.43 sec. (106525.96 ticks, tree = 4861.46 MB, solutions = 0)
Nodefile size = 2789.55 MB (1887.14 MB after compression)
  34132 32651      137.0000  1729                     46.0000  1071174         
  35717 34611      136.0000  1476                     46.0000  1125578         
  37305 35785      136.0000  1560                     46.0000  1151759         
  38852 38029      136.0000  1282                     46.0000  1206578         
  40377 39247      136.0000  1466                     46.0000  1244129         
  42036 40746      136.0000  1948                     46.0000  1285950         

Performing restart 1

Repeating presolve.
Tried aggregator 1 time.
Reduced MIP has 8955 rows, 106743 columns, and 219865 nonzeros.
Reduced MIP has 100806 binaries, 2573 generals, 0 SOSs, and 3809 indicators.
Presolve time = 0.16 sec. (110.53 ticks)
Tried aggregator 1 time.
Reduced MIP has 8955 rows, 106743 columns, and 219865 nonzeros.
Reduced MIP has 100806 binaries, 2573 generals, 0 SOSs, and 3809 indicators.
Presolve time = 0.32 sec. (166.85 ticks)
Represolve time = 2.05 sec. (667.58 ticks)
  42480     0       46.0000  3464                  Cuts: 2338  1315709         
  42480     0       46.0000  3702                  Cuts: 2338  1318264         
  42480     0       46.0000  3956                  Cuts: 2338  1320508         
  42480     0       46.0000  4221                  Cuts: 2338  1322987         
  42480     2       46.0000  4221                     46.0000  1322987         
  42749   220       91.0000  2525                     46.0000  1344697         
  43533   917    infeasible                           46.0000  1364623         
  43643  1028      136.0000  2171                     46.0000  1400977         
Elapsed time = 406.52 sec. (195876.02 ticks, tree = 116.55 MB, solutions = 0)
  44544  1772      136.0000  2059                     46.0000  1450872         
  45225  2434      136.0000  1866                     47.0216  1491965         
  45688  2870      136.0000  2760                     53.6128  1528229         
  46284  3438      136.0000  2061                     53.6128  1583288         
  46903  4012      181.0000  1807                     53.6128  1627169         
  47623  4704      182.0000  1631                     68.5000  1657164         
  48216  5178      119.0000  1824                     68.5000  1693251         
  48842  5555      138.0000  1816                     69.0000  1728950         
  49211  6254      204.0000  1832                     69.0000  1766814         
  49613  6558      136.0000  2071                     69.0000  1795686         
Elapsed time = 503.57 sec. (235539.16 ticks, tree = 965.72 MB, solutions = 0)
  50461  7123      137.0000  1871                     69.0000  1822794         
  51264  7815      136.0000  2564                     69.0000  1851427         

Performing restart 2

Repeating presolve.
Tried aggregator 1 time.
Reduced MIP has 8955 rows, 106743 columns, and 261016 nonzeros.
Reduced MIP has 100806 binaries, 2573 generals, 0 SOSs, and 3809 indicators.
Presolve time = 0.19 sec. (124.47 ticks)
Tried aggregator 1 time.
Reduced MIP has 8955 rows, 106743 columns, and 261016 nonzeros.
Reduced MIP has 100806 binaries, 2573 generals, 0 SOSs, and 3809 indicators.
Presolve time = 0.42 sec. (190.18 ticks)
Represolve time = 3.41 sec. (1257.01 ticks)
  51454     0       46.0558  4667                  Cuts: 2338  1898337         
  51454     0       47.0000  4110                  Cuts: 2338  1902063         
  51454     0       47.0000  4218                  Cuts: 2338  1904496         
  51454     0       47.0000  4204                  Cuts: 2338  1908072         
  51454     0       47.0000  4068                  Cuts: 2338  1910101         
  51454     0       47.0000  4041                  Cuts: 2338  1911601         
  51454     0       47.0000  4141                  Cuts: 2338  1912875         
  51454     0       47.0000  4031                  Cuts: 2338  1916570         
  51454     0       47.0000  4025                  Cuts: 2338  1918438         
  51454     0       47.0000  3911                  Cuts: 2338  1919950         
  51454     0       47.0000  4108                  Cuts: 2338  1921849         
  51454     0       47.0000  4110                  Cuts: 2338  1925727         
  51454     2       47.0000  2944                     70.0000  1925727         
  51619   122      136.0000  1598                     70.0000  1931549         
  52206   699      139.0000  1587                     70.0000  1948308         
  52912  1343      167.0000  1361                     70.0000  1960353         
  53607  1992      211.0000  1171                     70.0000  1974623         
  54062  2457      181.0000  1308                     70.0000  1982567         
  54457  2810      158.0000  1629                     70.0000  1989231         
  54791  3120       97.0000  3108                     70.0000  2021078         
Elapsed time = 932.04 sec. (526035.93 ticks, tree = 347.28 MB, solutions = 0)
  55076  3432      158.0000  1695                     70.0000  2038617         
  55328  3615      136.0000  2246                     70.0000  2058433         
  55602  3851      159.0000  2126                     70.0000  2078563         
  55868  4185      203.0000  1290                     70.0000  2105773         
  56061  4402      136.0000  2929                     70.0000  2131266         
  56245  4534       91.0000  3679                     70.0000  2184302         
  56598  4837      153.0000  2056                     70.0000  2222504         
  57372  5433      203.0000  1437                     70.0000  2254213         
  57836  5951      142.6128  3525                     70.0000  2295888         
  57941  6161      161.0000  2291                     70.0000  2352654         
Elapsed time = 1038.94 sec. (564339.35 ticks, tree = 759.01 MB, solutions = 0)
  58148  6304      136.0000  2790                     83.0000  2394636         
  58461  6493      137.0000  2331                     83.0000  2420542         
  59194  7096      180.0000  1903                     83.0000  2443122         
  59372  7396      100.0000  3191                     83.0000  2474391         
  59606  7645      136.0000  2352                     83.0000  2512336         
  59861  7949      146.0000  2182                     83.0000  2549890         
  60404  8237      181.0000  1896                     83.0000  2574286         
  60867  9011      145.0000  2287                     83.0000  2628099         
  61126  9128      181.0000  2177                     83.0000  2655939         
  61458  9331      181.0000  1791                     83.0000  2683680         
Elapsed time = 1144.28 sec. (602564.35 ticks, tree = 1212.07 MB, solutions = 0)
  61777  9800      153.0000  2136                     83.0000  2715813         
  62193  9969      159.0000  2349                     91.0000  2740926         
  62467 10476      136.0000  2621                     91.0000  2795844         
  62883 10790      181.0000  2034                     91.0000  2821661         
  63725 10975      181.0000  2042                     91.0000  2837522         
  63874 11870      136.0000  2573                     91.0000  2910540         
  64112 12052      182.0000  2289                     91.0000  2951680         
  64369 12168      168.0000  2167                     91.0000  2970614         
  64519 12318      168.0000  1928                     91.0000  2982112         
  64689 12504      168.0000  1770                     91.0000  3016365         
Elapsed time = 1249.80 sec. (640795.27 ticks, tree = 1682.77 MB, solutions = 0)
  64864 12746      159.0000  2349                     91.0000  3084276         
  65060 12943      164.0000  3010                     91.0000  3142285         
  65274 13072      197.0000  2077                     91.0000  3160614         
  65513 13198      136.0000  2495                     91.0000  3190394         
  65721 13437      159.0000  2074                     91.0000  3210445         
  65942 13655      171.0000  2279                     91.0000  3242225         
  66210 13737      181.0000  2950                     91.0000  3262692         
  66481 14087      181.0000  1820                     91.0000  3300864         
  66699 14448      216.0000  1596                     91.0000  3328077         
  66759 14490      170.0000  2245                     91.0000  3354424         
Elapsed time = 1359.91 sec. (679037.82 ticks, tree = 2001.64 MB, solutions = 0)
  66888 14584      136.0000  3248                     91.0000  3388201         
  67080 14866      170.0000  2209                     91.0000  3460451         
  67289 14947      213.0000  1999                     91.0000  3466620         
  67524 15181      195.0000  2239                     91.0000  3508295         
  67729 15444      182.0000  1934                     91.0000  3547016         
  67930 15571      183.0000  1796                     91.0000  3569708         
  68121 15742      171.0000  1961                     91.0000  3590224         
  68316 15838      136.0000  2783                     91.0000  3607450         
  68522 16187      139.0000  2550                     91.0000  3653528         
  68680 16360      205.0000  1714                     91.0000  3677828         
Elapsed time = 1469.40 sec. (717323.28 ticks, tree = 2310.84 MB, solutions = 0)
Nodefile size = 250.69 MB (179.64 MB after compression)
  68774 16491      182.0000  1766                     91.0000  3691661         
  68894 16576      141.4774  2959                     91.0000  3750177         
  69019 16746      182.0000  2308                     91.0000  3786528         
  69184 16747      217.0000  2114                     91.0000  3783218         
  69406 16838      171.0000  2730                     91.0000  3839117         
  69563 17048      178.0000  2271                     91.0000  3879287         
  69748 17377      214.0000  1690                     91.0000  3952250         
  69954 17426      216.0000  2359                     91.0000  3962767         
  70140 17527      181.0000  2588                     91.0000  3985999         
  70347 17745    infeasible                           91.0000  4011829         
Elapsed time = 1580.09 sec. (755731.92 ticks, tree = 2544.08 MB, solutions = 0)
Nodefile size = 480.91 MB (353.52 MB after compression)
  70463 17940      175.0000  2487                     91.0000  4037096         
  70575 18231      136.0000  3289                     91.0000  4124850         
  70765 18264      172.0000  3188                     91.0000  4148415         
  71010 18291      172.0000  2487                     91.0000  4152935         
  71305 18642      160.0000  2207                     91.0000  4223619         
  71548 18910      172.0000  2072                     91.0000  4241517         
  71740 19298      172.0000  1969                     91.0000  4299666         
  71943 19337      215.0000  1746                     91.0000  4302945         
  72159 19438      219.0000  1622                     91.0000  4306707         
  72373 19620      212.0000  2155                     91.0000  4349296         
Elapsed time = 1690.13 sec. (794088.23 ticks, tree = 2860.28 MB, solutions = 0)
Nodefile size = 793.45 MB (591.24 MB after compression)
  72584 19906      159.0000  2169                     91.0000  4387496         
  72789 20004      140.0000  2630                     91.0000  4408799         
  72975 20143      181.0000  2316                     91.0000  4447756         
  73159 20556      219.0000  1757                     91.0000  4512879         
  73356 20496      193.0000  2305                     91.0000  4517392         
  73542 20970    infeasible                           91.0000  4582322         
  73716 20900      193.0000  1833                     91.0000  4553576         
  73880 21235      221.0000  1902                     91.0000  4607598         
  74006 21284      221.0000  1593                     91.0000  4609162         
  74071 21314      147.0000  3159                     91.0000  4671059         
Elapsed time = 1801.16 sec. (832444.63 ticks, tree = 3147.16 MB, solutions = 0)
Nodefile size = 1085.54 MB (813.34 MB after compression)

GUB cover cuts applied:  3535
Clique cuts applied:  65
Cover cuts applied:  200
Implied bound cuts applied:  1926
Flow cuts applied:  77
Mixed integer rounding cuts applied:  2172
Zero-half cuts applied:  79
Gomory fractional cuts applied:  6

Root node processing (before b&c):
  Real time             =   16.90 sec. (14291.03 ticks)
Parallel b&c, 8 threads:
  Real time             = 1784.77 sec. (822157.60 ticks)
  Sync time (average)   =  293.26 sec.
  Wait time (average)   =    0.43 sec.
                          ------------
Total (root+branch&cut) = 1801.67 sec. (836448.63 ticks)
! --------------------------------------------------------
! Problem is UNKNOWN
! CPLEX Status = AbortTimeLim
! --------------------------------------------------------
