! Solving for graph /home/truongxuanhieu/CPLEX-MIP-for-MinSpanLabeling/benchmarks/abp/Q-494_bus.mtx.rnd
! Target value is set to 113
! Lower bound is set to 114
! Upper bound is set to 247
! Time limit is set to 1800
! Vertices mode is set to No hole
! Target value mode is set to Antibandwidth
Version identifier: 22.2.0.0 | 2026-05-04 | 5dff98e58
CPXPARAM_TimeLimit                               1800
Tried aggregator 2 times.
MIP Presolve eliminated 588 rows and 1111 columns.
MIP Presolve modified 243904 coefficients.
Aggregator did 2654 substitutions.
Reduced MIP has 5062 rows, 125722 columns, and 376216 nonzeros.
Reduced MIP has 122975 binaries, 1081 generals, 0 SOSs, and 1666 indicators.
Presolve time = 0.36 sec. (555.32 ticks)
Probing time = 0.62 sec. (269.61 ticks)
Tried aggregator 2 times.
Detecting symmetries...
Aggregator did 146 substitutions.
Reduced MIP has 4916 rows, 125576 columns, and 376070 nonzeros.
Reduced MIP has 122975 binaries, 1429 generals, 0 SOSs, and 1666 indicators.
Presolve time = 0.34 sec. (336.87 ticks)
Probing time = 0.06 sec. (28.00 ticks)
Clique table members: 8730.
MIP emphasis: balance optimality and feasibility.
MIP search method: dynamic search.
Parallel mode: deterministic, using up to 8 threads.
Root relaxation solution time = 0.97 sec. (546.27 ticks)

        Nodes                                         Cuts/
   Node  Left     Objective  IInf  Best Integer    Best Bound    ItCnt     Gap

      0     0      114.0000   683                    114.0000     2824         
      0     0      114.0000  1390                  Cuts: 1329     4841         
      0     0      114.0000  1213                  Cuts: 1329     7032         
      0     0      114.0000  1117                  Cuts: 1329     8913         
      0     0      114.0000  1013                   Cuts: 403    10700         
      0     0      114.0000  1186                  Cuts: 1329    14125         
      0     2      114.0000  1186                    114.0000    14125         
Elapsed time = 21.29 sec. (27525.15 ticks, tree = 0.02 MB, solutions = 0)
      4     4      114.0000  1156                    114.0000    14213         
      7     8      114.0000  1208                    114.0000    15693         
     11    12      114.0000  1160                    114.0000    16984         
     16    14      114.0000  1128                    114.0000    18075         
     17     7      114.0000  1176                    114.0000    15751         
     21    18      114.2272  2230                    114.0000    22547         
     24    22      114.0000  1074                    114.0000    23584         
     29    29      114.0000  1048                    114.0000    29822         
     38    25      227.0000  1463                    114.0000    29883         
     65    52      114.0000   949                    114.0000    43750         
Elapsed time = 25.65 sec. (31674.56 ticks, tree = 2.72 MB, solutions = 0)
    130   103      227.0000  1356                    114.0000    49663         
    145   126      227.0000  1377                    114.0000    55173         
    148   106      227.0000  1458                    114.0000    57948         
    151   148      227.0000  1393                    114.0000    68335         
    175   164      227.0000  1307                    114.0000    88160         
    179   164      227.0000  1444                    114.0000    89365         
    219   179      114.0000   717                    114.0000    94692         
    282   178      227.0000  1372                    114.0000    95486         
    310   260      227.0000  1267                    114.0000   109322         
    340   271      227.0000  1361                    114.0000   113786         
Elapsed time = 42.62 sec. (42057.50 ticks, tree = 17.62 MB, solutions = 0)
    372   303      227.0000  1226                    114.0000   116024         
    409   361      227.0000  1236                    114.0000   124921         
    456   373      227.0000  1240                    114.0000   131735         
    503   444      227.0000  1219                    114.0000   148305         
    523   424      227.0000  1250                    114.0000   148271         
    538   477      227.0000  1225                    114.0000   155351         
    568   493      227.0000  1253                    114.0000   161666         
    595   517      227.0000  1240                    114.0000   163345         
    622   545      227.0000  1331                    114.0000   173379         
    656   553      227.0000  1295                    114.0000   173976         
Elapsed time = 54.66 sec. (51888.71 ticks, tree = 45.15 MB, solutions = 0)
    687   561      227.0000  1295                    114.0000   174553         
    715   644      227.0000  1267                    114.0000   185019         
    737   605      227.0000  1333                    114.0000   180571         
    750   675      227.0000  1298                    114.0000   189204         
    762   425      227.0000  1224                    114.0000   148335         
    788   697      227.0000  1214                    114.0000   192331         
    827   707      227.0000  1195                    114.0000   193638         
    877   746      227.0000  1180                    114.0000   196456         
    909   780      227.0000  1135                    114.0000   200733         
    943   801      227.0000  1207                    114.0000   203427         
Elapsed time = 66.01 sec. (61878.17 ticks, tree = 71.32 MB, solutions = 0)
    970   856      227.0000  1150                    114.0000   209242         
   1007   864      227.0000  1127                    114.0000   209951         
   1049   923      227.0000  1242                    114.0000   218219         
   1083   926      227.0000  1242                    114.0000   218864         
   1134   955      227.0000  1105                    114.0000   222475         
   1187   985      227.0000  1149                    114.0000   232888         
   1223  1038      227.0000  1141                    114.0000   238399         
   1276  1022      227.0000  1180                    114.0000   236823         
   1311  1196      227.0000  1088                    114.0000   262381         
   1350  1202      227.0000  1074                    114.0000   263146         
Elapsed time = 75.49 sec. (71561.04 ticks, tree = 114.39 MB, solutions = 0)
   1370  1208      227.0000  1075                    114.0000   263838         
   1394  1242      227.0000  1081                    114.0000   274565         
   1418  1284      227.0000  1077                    114.0000   288540         
   1426  1294      227.0000  1132                    114.0000   291935         
   1449  1303      227.0000  1094                    114.0000   295230         
   1472  1309      228.0000  1214                    114.0000   296088         
   1495  1370      227.0000  1125                    114.0000   319154         
   1519  1359      227.0000  1108                    114.0000   318072         
   1529  1339      227.0000  1087                    114.0000   307932         
   1537  1384      246.0000  1316                    114.0000   344575         
Elapsed time = 89.66 sec. (82426.72 ticks, tree = 133.94 MB, solutions = 0)
   1539  1410    infeasible                          114.0000   341668         
   1542  1379      227.0000  1354                    114.0000   339641         
   1543  1409    infeasible                          114.0000   341805         
   1548  1441      227.0000  1394                    114.0000   372194         
   1557  1446      227.0000  1335                    114.0000   373450         
   1560  1438    infeasible                          114.0000   374259         
   1562  1448      227.0000  1312                    114.0000   373497         
   1567  1426      247.0000  1044                    114.0000   367396         
   1578  1443    infeasible                          114.0000   389241         
   1639  1465      227.0000  1271                    114.0000   391707         
Elapsed time = 110.03 sec. (93673.30 ticks, tree = 143.78 MB, solutions = 0)
   1680  1469      247.0000  1058                    114.0000   403314         
   1714  1487      227.0000  1239                    114.0000   437497         
   1741  1472      227.0000  1176                    114.0000   419874         
   1784  1508      227.0000  1194                    114.0000   439321         
   1845  1610      227.0000  1342                    114.0000   460084         
   1908  1646      228.0000  1298                    114.0000   468528         
   1953  1588      227.0000  1167                    114.0000   453147         
   1979  1663      227.0000  1184                    114.0000   469905         
   2008  1739      227.0000  1185                    114.0000   482125         
   2035  1689      227.0000  1264                    114.0000   480296         
Elapsed time = 122.41 sec. (103520.09 ticks, tree = 168.25 MB, solutions = 0)
   2071  1853      247.0000  1017                    114.0000   506256         
   2114  1758      227.0000  1185                    114.0000   490524         
   2151  1902      227.0000  1159                    114.0000   513807         
   2200  1917      227.0000  1177                    114.0000   514349         
   2250  1907      228.0000  1267                    114.0000   512505         
   2287  1996      228.0000  1266                    114.0000   541153         
   2306  2024      227.0000  1107                    114.0000   563929         
   2340  2051    infeasible                          114.0000   569597         
   2367  1943      227.0000  1187                    114.0000   537618         
   2393  2102      228.0000  1259                    114.0000   578832         
Elapsed time = 134.16 sec. (113548.08 ticks, tree = 213.53 MB, solutions = 0)
   2421  2130      227.0000  1087                    114.0000   581369         
   2443  2095      227.0000  1117                    114.0000   574767         
   2464  2099      227.0000  1126                    114.0000   575954         
   2496  2147      227.0000  1106                    114.0000   584103         
   2513  2164      227.0000  1120                    114.0000   586581         
   2536  2190      247.0000  1042                    114.0000   594153         
   2581  2206      247.0000  1010                    114.0000   594705         
   2609  2240      247.0000   979                    114.0000   602760         
   2617  2259    infeasible                          114.0000   611985         
   2632  2370      227.0000  1351                    114.0000   650974         
Elapsed time = 162.24 sec. (127435.71 ticks, tree = 243.92 MB, solutions = 0)
   2695  2399      227.0000  1259                    114.0000   664567         
   2913  2410      227.0000  1224                    114.0000   697203         
   3082  2679      247.0000  1189                    114.0000   765312         
   3248  2731      228.0000  1283                    114.0000   763542         
   3352  2842      227.0000  1186                    114.0000   790686         
   3381  2874      228.0000  1277                    114.0000   792054         

Performing restart 1

Repeating presolve.
Tried aggregator 1 time.
MIP Presolve eliminated 0 rows and 408 columns.
Reduced MIP has 4916 rows, 125168 columns, and 374846 nonzeros.
Reduced MIP has 122567 binaries, 1429 generals, 0 SOSs, and 1666 indicators.
Presolve time = 0.15 sec. (159.48 ticks)
Tried aggregator 1 time.
Reduced MIP has 4916 rows, 125168 columns, and 374846 nonzeros.
Reduced MIP has 122567 binaries, 1429 generals, 0 SOSs, and 1666 indicators.
Presolve time = 0.29 sec. (255.25 ticks)
Represolve time = 1.49 sec. (957.09 ticks)
   3382     0      114.0000  1714                  Cuts: 1329   833736         
   3382     0      114.0000  2086                  Cuts: 1329   839287         
   3382     0      114.0000  2326                  Cuts: 1329   843731         
   3382     0      114.0000  2688                  Cuts: 1329   848319         
   3382     2      114.0000  2686                    114.0000   848319         
   3386     6      114.0000  2427                    114.0000   848570         
   3389     4      115.0000  2511                    114.0000   851654         
   3409    16      114.0000  2512                    114.0000   857684         
Elapsed time = 233.78 sec. (214731.58 ticks, tree = 0.36 MB, solutions = 0)
   3424    28      227.0000  1932                    114.0000   860388         
   3436    39      131.7841  2417                    114.0000   896310         
   3446    42      227.0000  1839                    114.0000   907387         
   3456    55      227.0000  1856                    114.0000   930995         
   3478    65      227.0000  1836                    114.0000   931856         
   3546    97      227.0000  1580                    114.0000   936549         
   3651   113      227.0000  1602                    114.0000   939998         
   3782   187      226.0000  1723                    114.0000   955759         
   3950   230      237.0000  1474                    114.0000   957932         
   3968   284    infeasible                          114.0000   970446         
Elapsed time = 281.55 sec. (254003.32 ticks, tree = 16.69 MB, solutions = 0)
   3979   351      247.0000  1479                    114.0000   986290         
   3993   362      228.0000  1508                    114.0000  1004589         
   4057   383      228.0000  1506                    114.0000  1005605         
   4152   399      243.0000  1417                    114.0000  1014408         
   4302   470      227.0000  1494                    114.0000  1019088         
   4471   563      247.0000  1270                    114.0000  1025636         
   4642   739      243.0000  1143                    114.0000  1034360         
   4790   818      247.0000  1187                    114.0000  1040931         
   4897  1016      227.0000  1455                    114.0000  1062463         
   5038  1231      247.0000  1133                    114.0000  1083810         
Elapsed time = 333.26 sec. (293952.53 ticks, tree = 106.17 MB, solutions = 0)
   5181  1242      244.0000  1100                    114.0000  1093463         
   5306  1369      246.0000  1274                    114.0000  1102293         
   5459  1505      247.0000  1082                    114.0000  1111386         
   5617  1678      247.0000  1065                    114.0000  1122511         
   5764  1744      227.0000  1764                    114.0000  1125080         
   5909  1828      229.0000  1339                    114.0000  1130856         
   6022  1931      227.0000  1589                    114.0000  1138788         
   6176  2019      229.0000  1136                    114.0000  1144378         
   6314  2234      247.0000   974                    114.0000  1162520         
   6440  2334      229.0000  1059                    114.0000  1169895         
Elapsed time = 375.15 sec. (332360.26 ticks, tree = 217.70 MB, solutions = 0)
   6603  2362      247.0000   786                    114.0000  1172602         
   6659  2465      241.0000  1186                    114.0000  1182337         
   6731  2624      247.0000  1136                    114.0000  1201558         
   6833  2632      141.0530  2190                    114.0000  1211994         
   6914  2715      247.0000  1042                    114.0000  1225586         
   6990  2809      247.0000  1002                    114.0000  1236138         
   7122  2907      227.0000  1494                    114.0000  1246390         
   7358  2979      227.0000  1431                    114.0000  1252226         
   7547  3112      240.0000  1445                    114.0000  1258143         
   7737  3118      227.0000  1789                    114.0000  1265553         
Elapsed time = 415.47 sec. (370737.05 ticks, tree = 301.33 MB, solutions = 0)
   7845  3311      245.0000  1045                    114.0000  1270943         
   7883  3475      227.0000  1219                    114.0000  1288696         
   7886  3393      227.0000  1868                    114.0000  1294358         
   7892  3603      227.0000  1687                    114.0000  1330000         
   7898  3602      227.0000  1951                    114.0000  1306096         
   7912  3608      227.0000  1813                    114.0000  1379240         
   7925  3613      149.6676  2306                    114.0000  1379893         
   7951  3635      228.0000  1803                    114.0000  1388070         
   8076  3667      228.0000  1520                    114.0000  1389578         
   8279  3734      231.0000  1380                    114.0000  1407848         
Elapsed time = 484.51 sec. (415746.53 ticks, tree = 364.83 MB, solutions = 0)
   8365  3763      211.0000  1973                    114.0000  1419348         

Performing restart 2

Repeating presolve.
Tried aggregator 1 time.
MIP Presolve modified 124 coefficients.
Reduced MIP has 4916 rows, 125168 columns, and 468129 nonzeros.
Reduced MIP has 122567 binaries, 1429 generals, 0 SOSs, and 1666 indicators.
Presolve time = 0.18 sec. (201.63 ticks)
Tried aggregator 1 time.
Reduced MIP has 4916 rows, 125168 columns, and 468129 nonzeros.
Reduced MIP has 122567 binaries, 1429 generals, 0 SOSs, and 1666 indicators.
Presolve time = 0.33 sec. (271.55 ticks)
Represolve time = 1.69 sec. (1251.97 ticks)
   8368     0      114.0000  2304                  Cuts: 1329  1480560         
   8368     0      114.0000  2222                  Cuts: 1329  1488801         
   8368     0      114.0000  2522                  Cuts: 1329  1501327         
   8368     0      114.0000  2472                  Cuts: 1304  1524042         
   8368     0      114.0000  2905                  Cuts: 1329  1567808         
   8368     0      114.0817  3807                  Cuts: 1329  1659254         
   8368     0      114.2189  3788                  Cuts: 1329  1672863         
   8368     0      114.3355  3786                  Cuts: 1329  1747582         
   8368     0      114.4016  3788                  Cuts: 1329  1800515         
   8368     0      114.4950  3741                  Cuts: 1329  1864707         
   8368     0      115.8266  3586                  Cuts: 1329  1880357         
   8368     0      118.6496  3623                  Cuts: 1329  1894521         
   8368     0      120.2590  3676                  Cuts: 1329  1901676         
   8368     0      121.9320  3725                  Cuts: 1329  1910208         
   8368     0      123.3126  3762                  Cuts: 1329  1918117         
   8368     0      124.0309  3829                  Cuts: 1329  1979502         
   8368     0      124.5927  3877                  Cuts: 1329  1984328         
   8368     0      124.8356  4024                  Cuts: 1329  1988208         
   8368     0      125.1143  4127                  Cuts: 1276  1991682         
   8368     0      129.7759  3666                   Cuts: 891  2027433         
   8368     0      129.8439  3322                  Cuts: 1329  2053138         
   8368     0      136.6000  3255                  Cuts: 1329  2062631         
   8368     0      149.1896  3046                  Cuts: 1329  2071150         
   8368     0      149.4015  3079                  Cuts: 1329  2077538         
   8368     0      149.8515  3164                  Cuts: 1329  2086731         
   8368     0      151.0942  3291                  Cuts: 1329  2094112         
   8368     0      151.3847  3227                  Cuts: 1329  2103944         
   8368     0      151.3847  3290                  Cuts: 1329  2112187         
   8368     0      151.3847  3096                  Cuts: 1240  2119870         
   8368     0      151.4985  3142                  Cuts: 1329  2128050         
   8368     0      151.4985  3200                  Cuts: 1329  2134676         
   8368     0      151.4985  2950                  Cuts: 1301  2143084         
   8368     0      151.4985  2974                  Cuts: 1329  2148064         
   8368     0      151.5030  2909                  Cuts: 1263  2155255         
   8368     0      151.5030  3030                  Cuts: 1329  2160780         
   8368     0      151.5030  2927                  Cuts: 1065  2168276         
   8368     0      151.5030  2950                  Cuts: 1329  2172899         
   8368     2      151.5030  2313                    151.5030  2172899         
   8369     2      225.6667  2141                    157.0301  2175343         
   8370     3      226.0000  1845                    157.0301  2175369         
   8371     3      227.0000  1885                    157.0301  2175775         
   8373     6      227.0000  1754                    226.0000  2178970         
   8375     7      227.0000  1714                    226.0000  2179054         
   8377     4      227.0000  1790                    226.0000  2175514         
   8403    17      227.0000  1769                    227.0000  2182398         
   8437    18      227.0000  1713                    227.0000  2182121         
Elapsed time = 1670.95 sec. (2227097.92 ticks, tree = 0.41 MB, solutions = 0)
   8475    41      227.0000  1537                    227.0000  2188183         
   8577    36      228.0000  1700                    227.0000  2189768         
   8609   168      227.0000  1533                    227.0000  2201591         
   8621   233      227.0000  1460                    227.0000  2210933         
   8643   251      227.0000  1530                    227.0000  2213657         
   8721   280      227.0000  1341                    227.0000  2219399         
   8834   354      240.0000  1301                    227.0000  2229004         
   8971   457      227.0000  1468                    227.0000  2241351         
   9134   595      227.0000  1281                    227.0000  2262164         
   9235   693      230.0000  1329                    227.0000  2267074         
Elapsed time = 1735.36 sec. (2266394.65 ticks, tree = 54.35 MB, solutions = 0)
   9342   827      243.0000  1084                    227.0000  2286970         
   9447   959      227.0000  1089                    227.0000  2306685         
   9559   990      243.0000  1194                    227.0000  2315403         
   9653  1062      240.0000  1221                    227.0000  2331840         
   9695  1262      232.0000   905                    227.0000  2363878         
   9708  1284      238.0000  1140                    227.0000  2372357         
   9794  1300      247.0000   939                    227.0000  2375755         
   9916  1341      243.0000  1175                    227.0000  2383574         
  10018  1408      247.0000   808                    227.0000  2396995         
  10101  1582      242.0000  1181                    227.0000  2436796         
Elapsed time = 1796.94 sec. (2305943.07 ticks, tree = 139.99 MB, solutions = 0)

GUB cover cuts applied:  813
Clique cuts applied:  81
Cover cuts applied:  81
Implied bound cuts applied:  290
Flow cuts applied:  80
Mixed integer rounding cuts applied:  626
Zero-half cuts applied:  41
Gomory fractional cuts applied:  1

Root node processing (before b&c):
  Real time             =   21.05 sec. (27342.63 ticks)
Parallel b&c, 8 threads:
  Real time             = 1779.00 sec. (2282872.60 ticks)
  Sync time (average)   =  178.27 sec.
  Wait time (average)   =    0.16 sec.
                          ------------
Total (root+branch&cut) = 1800.05 sec. (2310215.23 ticks)
! --------------------------------------------------------
! Problem is UNKNOWN
! CPLEX Status = AbortTimeLim
! --------------------------------------------------------
