! Solving for graph /home/truongxuanhieu/CPLEX-MIP-for-MinSpanLabeling/benchmarks/abp/S-sherman4.mtx.rnd
! Target value is set to 130
! Lower bound is set to 131
! Upper bound is set to 273
! Time limit is set to 1800
! Vertices mode is set to Has hole
! Target value mode is set to Antibandwidth
Version identifier: 22.2.0.0 | 2026-05-04 | 5dff98e58
CPXPARAM_TimeLimit                               1800
Tried aggregator 2 times.
MIP Presolve eliminated 1342 rows and 1228 columns.
MIP Presolve modified 149468 coefficients.
Aggregator did 4320 substitutions.
Reduced MIP has 8096 rows, 155925 columns, and 317509 nonzeros.
Reduced MIP has 150809 binaries, 1888 generals, 0 SOSs, and 3228 indicators.
Presolve time = 0.52 sec. (739.80 ticks)
Probing time = 1.12 sec. (309.53 ticks)
Tried aggregator 1 time.
Detecting symmetries...
Reduced MIP has 8096 rows, 155925 columns, and 317509 nonzeros.
Reduced MIP has 150809 binaries, 2434 generals, 0 SOSs, and 3228 indicators.
Presolve time = 0.49 sec. (246.42 ticks)
Probing time = 0.12 sec. (31.94 ticks)
Clique table members: 8302.
MIP emphasis: balance optimality and feasibility.
MIP search method: dynamic search.
Parallel mode: deterministic, using up to 8 threads.
Root relaxation solution time = 0.55 sec. (249.09 ticks)

        Nodes                                         Cuts/
   Node  Left     Objective  IInf  Best Integer    Best Bound    ItCnt     Gap

      0     0      131.0000  1069                    131.0000     1514         
      0     0      131.0000  2980                  Cuts: 2124     4238         
      0     0      131.0000  2238                  Cuts: 2124     5807         
      0     0      131.0000  2032                  Cuts: 2124     7408         
      0     0      131.0000  2208                  Cuts: 2124     8995         
Detecting symmetries...
      0     2      131.0000  2208                    131.0000     8995         
Elapsed time = 28.63 sec. (24076.80 ticks, tree = 0.02 MB, solutions = 0)
      6     3      131.0000  2198                    131.0000     8998         
     21    17      131.0000  2235                    131.0000    10955         
     61    49      131.0000  2093                    131.0000    17163         
    132    88      261.0000  1778                    131.0000    18844         
    207   187      261.0000  1938                    131.0000    22619         
    265   232      131.0000  1619                    131.0000    26058         
    336   306      261.0000  1819                    131.0000    27704         
    382   348      261.0000  1773                    131.0000    28641         
    414   386      261.0000  1576                    131.0000    33894         
    450   438      261.0000  1764                    131.0000    49535         
Elapsed time = 38.81 sec. (27363.42 ticks, tree = 47.68 MB, solutions = 0)
    462   444      261.0000  1504                    131.0000    52769         
    597   490      261.0000  1456                    131.0000    58513         
    784   665    infeasible                          131.0000    63690         
    930   771      261.0000  1424                    131.0000    82305         
   1118   843      261.0000  1391                    131.0000    99116         
   1363  1043    infeasible                          131.0000   112369         
   1446  1139      261.0000  1595                    131.0000   123398         
   1648  1271      261.0000  1352                    131.0000   150761         
   1846  1364      261.0000  1455                    131.0000   158601         
   2046  1588      261.0000  1531                    131.0000   172086         
Elapsed time = 58.67 sec. (36956.40 ticks, tree = 225.87 MB, solutions = 0)
   2249  1678      261.0000  1471                    131.0000   185103         
   2401  1840      261.0000  1685                    131.0000   205626         
   2512  1966      261.0000  1750                    131.0000   238807         
   2719  2021      261.0000  1298                    131.0000   246193         
   2793  2098    infeasible                          131.0000   251582         
   2834  2213      261.0000  1800                    131.0000   262227         
   3009  2259      261.0000  1543                    131.0000   279468         
   3219  2467      261.0000  1225                    131.0000   291164         

Performing restart 1

Repeating presolve.
Tried aggregator 1 time.
MIP Presolve eliminated 0 rows and 738 columns.
Reduced MIP has 8096 rows, 155187 columns, and 316033 nonzeros.
Reduced MIP has 150071 binaries, 2434 generals, 0 SOSs, and 3228 indicators.
Presolve time = 0.23 sec. (164.39 ticks)
Tried aggregator 1 time.
Reduced MIP has 8096 rows, 155187 columns, and 316033 nonzeros.
Reduced MIP has 150071 binaries, 2434 generals, 0 SOSs, and 3228 indicators.
Presolve time = 0.49 sec. (251.86 ticks)
Represolve time = 2.54 sec. (924.53 ticks)
   3316     0      131.0000  2724                  Cuts: 2124   314006         
   3316     0      131.0000  3609                  Cuts: 2124   317295         
   3316     0      131.0000  3913                  Cuts: 2124   320349         
   3316     0      131.0000  4162                  Cuts: 2124   324280         
   3316     2      131.0000  4162                    131.0000   324280         
   3326    11      195.7380  3108                    131.0000   328351         
Elapsed time = 149.88 sec. (102031.69 ticks, tree = 0.29 MB, solutions = 0)
   3339    23      131.0000  2844                    131.0000   330961         
   3347     4      131.0000  3840                    131.0000   324994         
   3366    42      134.9036  3863                    131.0000   340880         
   3376    50      136.0715  3790                    131.0000   352492         
   3386    55      131.0000  4163                    131.0000   367090         
   3405    76      163.0000  3026                    131.0000   405276         
   3447    90      172.5183  3051                    131.0000   407134         
   3454    82      261.0000  2204                    131.0000   412385         
   3459   115      261.0000  2280                    131.0000   429140         
   3462   116      261.0000  2161                    131.0000   429562         
Elapsed time = 181.97 sec. (114804.08 ticks, tree = 8.63 MB, solutions = 0)
   3464   135      261.0000  2278                    131.0000   440690         
   3498   134      131.0000  3849                    131.0000   438567         
   3557   150      145.0000  3176                    131.0000   453995         
   3640   221      261.0000  1227                    131.0000   453933         
   3773   312      261.0000  1125                    131.0000   470485         
   3876   340      261.0000  1025                    131.0000   470841         
   4013   398      137.0000  3036                    131.0000   483824         
   4176   625      270.0000  1184                    131.0000   495276         
   4305   525      137.0000  2764                    131.0000   494301         
   4420   739      137.0000  2610                    131.0000   511865         
Elapsed time = 208.05 sec. (125322.12 ticks, tree = 88.51 MB, solutions = 0)
   4564   915      261.0000  1462                    131.0000   517256         
   4684   928      158.0000  2601                    131.0000   524724         
   4755  1091      157.0000  2571                    131.0000   531237         
   4836  1250      162.0000  2096                    131.0000   548254         
   4895  1283      157.0000  2344                    131.0000   550117         
   4963  1322      175.0000  2583                    131.0000   554730         
   5081  1394      261.0000  1815                    131.0000   575833         
   5191  1602      261.0000  1626                    131.0000   595402         
   5335  1671      157.0000  3138                    131.0000   614424         
   5471  1679      196.0000  1941                    131.0000   612247         
Elapsed time = 228.98 sec. (134962.12 ticks, tree = 227.75 MB, solutions = 0)
   5612  1800      267.0000  1290                    131.0000   618495         
   5767  2113      259.0000  2099                    131.0000   651345         
   5943  2195      261.0000  1395                    131.0000   657533         
   6132  2261      270.0000  1136                    131.0000   664498         
   6316  2318      262.0000  1356                    131.0000   667335         
   6462  2739      272.0000  1812                    131.0000   698890         
   6532  2757      272.0000  1882                    131.0000   699340         
   6621  2807      157.0000  3060                    131.0000   707866         
   6712  2971      261.0000  2105                    131.0000   728026         
   6803  2999      261.0000  1697                    131.0000   728976         
Elapsed time = 250.94 sec. (144571.31 ticks, tree = 438.78 MB, solutions = 0)
   6830  3025    infeasible                          131.0000   737083         
   6832  3064      261.0000  1942                    131.0000   745021         
   6835  3201    infeasible                          131.0000   760627         
   6836  3204      272.0000  1646                    131.0000   761941         
   6838  3175      261.0000  2649                    131.0000   765866         
   6841  3206      261.0000  2346                    131.0000   764180         
   6843  3204      261.0000  2176                    131.0000   769677         
   6844  3204      253.0000  2519                    131.0000   770796         
   6899  3210      253.0000  2525                    131.0000   784899         
   6998  3258      261.0000  1758                    131.0000   786437         
Elapsed time = 286.60 sec. (157231.04 ticks, tree = 479.82 MB, solutions = 0)
   7121  3374      261.0000  1699                    131.0000   800210         
   7266  3413      261.0000  1776                    131.0000   801196         
   7361  3577      261.0000  2023                    131.0000   805584         
   7434  3478      139.4786  3656                    131.0000   805729         
   7566  3684      261.0000  1978                    131.0000   812823         
   7675  3683      261.0000  2153                    131.0000   822432         
   7820  3895      157.0000  2770                    131.0000   845899         
   7980  3964      224.0000  2553                    131.0000   857613         
   8081  4280      263.0000  1157                    131.0000   868914         
   8207  4185      139.4786  3632                    131.0000   863836         
Elapsed time = 307.32 sec. (166836.58 ticks, tree = 624.28 MB, solutions = 0)
   8325  4348      196.0000  2255                    131.0000   878088         
   8456  4524      245.0000  1931                    131.0000   894569         
   8607  4653      261.0000  2047                    131.0000   904771         
   8722  4877      245.0000  1763                    131.0000   911450         
   8864  4811    infeasible                          131.0000   908221         
   9026  5058      262.0000  1431                    131.0000   928635         
   9199  5151      263.0000  1275                    131.0000   931130         
   9361  5330      262.0000  1259                    131.0000   946260         
   9473  5358      263.0000  1169                    131.0000   946651         
   9520  5684    infeasible                          131.0000   960375         
Elapsed time = 339.19 sec. (179480.20 ticks, tree = 859.26 MB, solutions = 0)
   9527  5739      262.0000  2333                    131.0000   970680         

Performing restart 2

Repeating presolve.
Tried aggregator 1 time.
MIP Presolve modified 137 coefficients.
Reduced MIP has 8096 rows, 155187 columns, and 456527 nonzeros.
Reduced MIP has 150071 binaries, 2434 generals, 0 SOSs, and 3228 indicators.
Presolve time = 0.33 sec. (219.37 ticks)
Tried aggregator 1 time.
Reduced MIP has 8096 rows, 155187 columns, and 456527 nonzeros.
Reduced MIP has 150071 binaries, 2434 generals, 0 SOSs, and 3228 indicators.
Presolve time = 0.72 sec. (321.12 ticks)
Represolve time = 4.31 sec. (1548.13 ticks)
   9531     0      131.0000  4083                  Cuts: 2124  1001609         
   9531     0      131.0000  4094                  Cuts: 2124  1006536         
   9531     0      131.0000  2997                  Cuts: 2124  1011653         
   9531     0      131.0000  4036                  Cuts: 1285  1015796         
   9531     0      131.0000  2915                  Cuts: 1013  1019434         
   9531     0      131.0000  3602                  Cuts: 2124  1025535         
   9531     0      131.0000  2111                   Cuts: 622  1029454         
   9531     0      131.0000   622                   Cuts: 188  1033233         
*  9531     0      integral     0      131.0000     Cuts: 288  1033266    0.00%
   9531     0        cutoff            131.0000      131.0000  1033266    0.00%

GUB cover cuts applied:  679
Clique cuts applied:  139
Cover cuts applied:  422
Implied bound cuts applied:  1529
Flow cuts applied:  55
Mixed integer rounding cuts applied:  3614
Zero-half cuts applied:  212
Gomory fractional cuts applied:  4

Root node processing (before b&c):
  Real time             =   28.31 sec. (23997.33 ticks)
Parallel b&c, 8 threads:
  Real time             =  585.53 sec. (426004.96 ticks)
  Sync time (average)   =   49.26 sec.
  Wait time (average)   =    0.11 sec.
                          ------------
Total (root+branch&cut) =  613.84 sec. (450002.28 ticks)
! --------------------------------------------------------
! Status: OPTIMAL
! Best span = 131
! Labeling: 131 131 1 1 1 131 131 131 131 131 1 131 131 1 131 131 131 1 1 1 131 1 1 131 1 1 131 131 131 1 1 1 1 1 131 131 1 131 1 131 131 1 131 1 1 1 1 1 1 1 1 1 131 131 1 131 131 1 1 1 1 1 1 1 1 131 1 131 1 131 1 131 131 131 131 131 131 1 131 131 1 1 131 1 131 131 1 131 131 131 131 131 1 1 131 1 131 1 1 1 1 131 131 1 1 1 1 131 1 131 1 131 131 131 131 1 1 1 1 1 131 1 1 1 1 1 1 131 1 1 131 1 1 1 1 131 131 1 131 1 1 1 131 131 131 131 131 131 1 131 131 1 131 131 1 1 1 1 131 131 131 131 1 131 1 1 131 1 131 131 131 131 1 1 131 1 1 1 131 131 131 131 131 131 131 1 1 1 1 131 131 1 131 1 1 1 131 131 131 1 131 131 131 1 1 1 131 131 1 131 131 1 131 1 131 131 1 131 1 1 1 1 131 131 131 1 131 1 1 131 1 131 131 1 1 1 1 131 131 131 1 1 131 131 1 1 1 1 131 131 131 131 1 1 1 1 131 1 1 131 131 1 131 131 1 1 1 1 1 1 131 1 1 131 131 131 1 131 1 1 1 131 1 131 1 1 131 1 1 131 131 1 1 1 1 1 131 131 1 1 131 131 131 131 131 1 131 131 131 131 1 1 131 1 131 1 131 131 1 131 1 1 131 131 1 131 131 1 1 131 131 131 1 1 1 1 1 1 131 131 1 1 131 1 1 131 1 131 1 131 131 131 1 131 1 131 131 131 131 131 131 131 131 1 131 1 1 1 1 131 1 131 131 131 131 1 131 131 1 131 131 131 1 1 1 131 1 131 131 131 131 1 131 1 1 1 131 131 131 1 1 1 131 131 1 131 1 131 131 1 131 1 1 1 1 131 131 131 1 131 131 131 131 1 1 1 131 131 131 131 1 131 131 1 1 1 1 131 1 1 131 131 1 131 131 131 1 131 131 1 131 1 1 1 1 131 131 131 131 131 1 1 131 131 1 131 1 1 1 1 131 1 1 131 131 1 131 1 131 1 1 131 131 1 131 131 131 131 1 131 131 131 131 1 131 1 131 1 131 131 1 131 1 1 1 1 1 1 131 1 1 1 1 1 1 1 131 1 131 1 131 131 131 1 131 131 1 1 1 131 1 131 131 1 1 131 131 131 1 131 131 131 131 131 1 1 
! --------------------------------------------------------
! All verification passed
