! Solving for graph /home/truongxuanhieu/CPLEX-MIP-for-MinSpanLabeling/benchmarks/abp/U-662_bus.mtx.rnd
! Target value is set to 110
! Lower bound is set to 111
! Upper bound is set to 331
! Time limit is set to 1800
! Vertices mode is set to Has hole
! Target value mode is set to Antibandwidth
Version identifier: 22.2.0.0 | 2026-05-04 | 5dff98e58
CPXPARAM_TimeLimit                               1800
Tried aggregator 2 times.
MIP Presolve eliminated 907 rows and 1489 columns.
MIP Presolve modified 219619 coefficients.
Aggregator did 3798 substitutions.
Reduced MIP has 6936 rows, 224568 columns, and 453838 nonzeros.
Reduced MIP has 220525 binaries, 1569 generals, 0 SOSs, and 2474 indicators.
Presolve time = 0.75 sec. (1012.56 ticks)
Probing time = 1.40 sec. (401.28 ticks)
Tried aggregator 2 times.
Detecting symmetries...
Aggregator did 76 substitutions.
Reduced MIP has 6860 rows, 224492 columns, and 453762 nonzeros.
Reduced MIP has 220525 binaries, 2155 generals, 0 SOSs, and 2474 indicators.
Presolve time = 0.88 sec. (452.16 ticks)
Probing time = 0.16 sec. (43.82 ticks)
Clique table members: 10030.
MIP emphasis: balance optimality and feasibility.
MIP search method: dynamic search.
Parallel mode: deterministic, using up to 8 threads.
Root relaxation solution time = 0.81 sec. (303.10 ticks)

        Nodes                                         Cuts/
   Node  Left     Objective  IInf  Best Integer    Best Bound    ItCnt     Gap

      0     0      111.0000   814                    111.0000     1016         
      0     0      111.0000  1845                  Cuts: 1815     2804         
      0     0      111.0000  1723                  Cuts: 1815     3952         
      0     0      111.0000  1699                  Cuts: 1815     5669         
      0     0      111.0000  1538                  Cuts: 1785     7217         
      0     0      111.0000  1705                  Cuts: 1182     8392         
      0     2      111.0000  1705                    111.0000     8392         
Elapsed time = 30.13 sec. (20388.22 ticks, tree = 0.02 MB, solutions = 0)
      8    10      111.0000  1415                    111.0000     8501         
     10     3      111.0000  1703                    111.0000     8395         
     21    19      111.0000  1608                    111.0000     8928         
     64    45      111.0000  1354                    111.0000    10668         
    108    79      111.0000  1138                    111.0000    13683         
    169   138      124.0000  1807                    111.0000    14085         
    223   177      111.0000  1226                    111.0000    16893         
    250   216      221.0000  1482                    111.0000    17737         
    286   265      111.0000   989                    111.0000    27772         
    454   388      111.0000  1182                    111.0000    40010         
Elapsed time = 37.87 sec. (23619.81 ticks, tree = 44.25 MB, solutions = 0)
    519   481      111.0000  1346                    111.0000    58678         
    560   543      221.0000  1388                    111.0000    83701         
    637   610      221.0000  1437                    111.0000   114649         
    755   685      221.0000  1515                    111.0000   118937         
    903   800      331.0000  1007                    111.0000   121311         
   1048   938      331.0000  1000                    111.0000   139541         
   1224  1035      331.0000   930                    111.0000   140345         
   1372  1234      331.0000   935                    111.0000   150425         
   1498  1297      221.0000  1381                    111.0000   159661         
   1646  1465      331.0000  1023                    111.0000   174517         
Elapsed time = 60.12 sec. (33216.15 ticks, tree = 221.61 MB, solutions = 0)

Performing restart 1

Repeating presolve.
Tried aggregator 1 time.
MIP Presolve eliminated 0 rows and 378 columns.
Reduced MIP has 6860 rows, 224114 columns, and 453006 nonzeros.
Reduced MIP has 220147 binaries, 2155 generals, 0 SOSs, and 2474 indicators.
Presolve time = 0.32 sec. (234.93 ticks)
Tried aggregator 1 time.
Reduced MIP has 6860 rows, 224114 columns, and 453006 nonzeros.
Reduced MIP has 220147 binaries, 2155 generals, 0 SOSs, and 2474 indicators.
Presolve time = 0.78 sec. (362.31 ticks)
Represolve time = 3.56 sec. (1276.05 ticks)
   1700     0      111.0000  2467                  Cuts: 1815   192391         
   1700     0      111.0000  2553                  Cuts: 1815   195660         
   1700     0      111.0000  3070                  Cuts: 1815   198845         
   1700     0      111.0000  3415                  Cuts: 1815   202247         
   1700     2      111.0000  1608                    111.0000   202247         
   1715    15      221.0000  1479                    111.0000   204794         
   1776    46      221.0000  1399                    111.0000   214792         
   1928   176      221.0000  1339                    111.0000   226691         
   2218   394      221.0000  1339                    111.0000   229075         
   2442   624      221.0000  1383                    111.0000   235581         
   2694   857      112.0000  1767                    111.0000   235922         
   3001  1175      111.0000  1549                    111.0000   238460         
   3255  1453      221.0000  1269                    111.0000   244184         
   3405  1548      222.0000  1239                    111.0000   251409         
Elapsed time = 171.07 sec. (113309.69 ticks, tree = 186.22 MB, solutions = 0)
   3489  1677      138.3328  1944                    111.0000   259496         
   3637  1753      131.0000   952                    111.0000   261885         
   3796  1916      276.0000  1090                    111.0000   267341         
   3904  2027      221.0000  1177                    111.0000   269853         
   4036  2083      288.0000  1037                    111.0000   271309         
   4215  2208      221.0000  1311                    111.0000   274843         
   4379  2373      139.0000  2111                    111.0000   299525         
   4539  2499      140.0000  2015                    111.0000   301077         
   4735  2696      231.0000  1224                    111.0000   304563         
   4918  2876      231.0000  1154                    111.0000   309620         
Elapsed time = 194.12 sec. (122909.46 ticks, tree = 374.57 MB, solutions = 0)
   5069  3022      331.0000  1093                    111.0000   319873         
   5233  3149      222.0000  1649                    111.0000   322838         
   5411  3241      166.0000  2025                    111.0000   329957         
   5590  3404      221.0000  1657                    111.0000   335266         
   5771  3643      331.0000   699                    111.0000   343821         
   5930  3795      331.0000   668                    111.0000   349641         
   6117  3962      331.0000   707                    111.0000   352551         
   6304  4098      331.0000   746                    111.0000   357569         
   6428  4308      221.0000  1588                    111.0000   375116         
   6543  4401      331.0000  1239                    111.0000   385912         
Elapsed time = 216.33 sec. (132530.27 ticks, tree = 602.12 MB, solutions = 0)
   6666  4487      258.0000  1692                    111.0000   403966         
   6700  4498      331.0000   953                    111.0000   399822         
   6702  4501      221.0000  1663                    111.0000   404750         
   6752  4613      331.0000  1085                    111.0000   415133         
   6899  4658      331.0000   924                    111.0000   417766         
   7031  4842      331.0000   961                    111.0000   425252         
   7182  4970      331.0000   852                    111.0000   432481         
   7347  5094      221.0000  1352                    111.0000   436793         
   7512  5178      331.0000  1450                    111.0000   447567         
   7683  5425      331.0000   771                    111.0000   451596         
Elapsed time = 246.58 sec. (143824.52 ticks, tree = 750.24 MB, solutions = 0)
   7875  5547      331.0000  1101                    111.0000   452614         
   8005  5733      331.0000  1189                    111.0000   455483         
   8121  5919      331.0000  1075                    111.0000   471726         
   8234  5998      276.0000  1477                    111.0000   488420         
   8357  6081      240.0000  1666                    111.0000   495959         
   8502  6164      276.0000  1434                    111.0000   503945         
   8666  6285      240.0000  1506                    111.0000   511623         
   8875  6559      276.0000  1374                    111.0000   530725         
   9068  6586      331.0000   905                    111.0000   532564         
   9212  6753      331.0000  1171                    111.0000   533587         
Elapsed time = 269.91 sec. (153433.68 ticks, tree = 943.09 MB, solutions = 0)
   9322  7047      221.0000  1593                    111.0000   552232         
   9512  7171      221.0000  1716                    111.0000   559839         
   9672  7280      221.0000  1420                    111.0000   568100         
   9843  7461      331.0000  1316                    111.0000   582026         
  10000  7547      276.0000  1650                    111.0000   588468         
  10165  7807      331.0000  1100                    111.0000   600635         
  10376  7982      331.0000   941                    111.0000   601766         
  10557  8007      221.0000  1875                    111.0000   610547         
  10728  8299      221.0000  1769                    111.0000   618505         
  10905  8562      221.0000  1742                    111.0000   625005         
Elapsed time = 290.59 sec. (163009.14 ticks, tree = 1205.61 MB, solutions = 0)
  11038  8590      221.0000  1779                    111.0000   628391         
  11172  8722      331.0000   707                    111.0000   628230         
  11327  8795      331.0000  1222                    111.0000   636976         
  11488  9034      331.0000   915                    111.0000   662983         
  11638  9151      221.1652  2253                    111.0000   670930         
  11820  9284      279.0000  1598                    111.0000   672875         
  12019  9496      331.0000  1023                    111.0000   686838         
  12188  9658      331.0000   793                    111.0000   691299         
  12396  9875      331.0000  1028                    111.0000   694945         
  12546  9956    infeasible                          111.0000   700572         
Elapsed time = 309.40 sec. (172597.98 ticks, tree = 1412.24 MB, solutions = 0)
  12733 10221      331.0000   861                    111.0000   710392         
  12878 10315      331.0000  1077                    111.0000   719054         
  13039 10578      331.0000  1055                    111.0000   737433         
  13230 10533      331.0000   864                    111.0000   732005         
  13445 10823      331.0000  1008                    111.0000   751625         
  13682 11044      331.0000  1024                    111.0000   752604         
  13857 10977      331.0000   816                    111.0000   752762         
  13904 11126      331.0000   725                    111.0000   753410         

Performing restart 2

Repeating presolve.
Tried aggregator 1 time.
MIP Presolve modified 166 coefficients.
Reduced MIP has 6860 rows, 224114 columns, and 549755 nonzeros.
Reduced MIP has 220147 binaries, 2155 generals, 0 SOSs, and 2474 indicators.
Presolve time = 0.45 sec. (281.15 ticks)
Tried aggregator 1 time.
Reduced MIP has 6860 rows, 224114 columns, and 549755 nonzeros.
Reduced MIP has 220147 binaries, 2155 generals, 0 SOSs, and 2474 indicators.
Presolve time = 0.80 sec. (381.74 ticks)
Represolve time = 4.92 sec. (1859.89 ticks)
  13905     0      111.0000  3225                  Cuts: 1815   768205         
  13905     0      111.0000  3249                  Cuts: 1815   770976         
  13905     0      111.0000  3519                  Cuts: 1815   775514         
  13905     0      111.0000  3737                  Cuts: 1815   778752         
  13905     0      111.0000  3861                  Cuts: 1815   782313         
  13905     0      111.0000  3863                  Cuts: 1815   785536         
  13905     2      111.0000  3863                    112.0000   785536         
  13933    24      111.0000  3542                    112.0000   794323         
Elapsed time = 712.76 sec. (589164.02 ticks, tree = 1.20 MB, solutions = 0)
  14005    99      121.0000  3051                    112.0000   846171         
  14129   177      179.0000  2558                    112.0000   888568         
  14313   300      221.0000  1861                    112.0000   930999         
  14509   491      210.0000  2120                    112.0000   954880         
  14782   704      221.0000  1895                    112.0000   980277         
  15259  1234      221.0000  1832                    112.0000   995946         
  15543  1477      288.0000  1039                    112.0000  1006915         
  15863  1719      331.0000   956                    112.0000  1013831         
  16145  2008      331.0000  1096                    112.0000  1019948         
  16436  2165      331.0000   950                    112.0000  1026755         
Elapsed time = 809.89 sec. (627481.12 ticks, tree = 322.18 MB, solutions = 0)
  16737  2383      331.0000   867                    112.0000  1042972         
  17087  2806      331.0000   713                    112.0000  1059720         
  17435  3018      223.0000  2091                    112.0000  1062155         
  17847  3341      331.0000   351                    112.0000  1066275         
  18268  3713      331.0000   266                    112.0000  1072126         
  18649  4110      331.0000   212                    112.0000  1076860         
  19096  4438      221.0000  2213                    112.0000  1088498         
* 19212  4570      integral     0      331.0000      112.0000  1089985   66.16%
  19336  2278      221.0000  2099      331.0000      112.0000  1093285   66.16%
  19390  2314      221.0000  2482      331.0000      112.0000  1135555   66.16%
  19489  2355      129.3333  3737      331.0000      112.0000  1172598   66.16%
Elapsed time = 913.87 sec. (665804.90 ticks, tree = 344.42 MB, solutions = 1)
  19643  2455      221.0000  2178      331.0000      112.0000  1204928   66.16%
  19816  2647      221.0000  2008      331.0000      112.0000  1248111   66.16%
  19997  2807      221.0000  1927      331.0000      112.0000  1267035   66.16%
  20138  2929      221.0000  1807      331.0000      112.0000  1280838   66.16%
  20256  3089      221.0000  2618      331.0000      112.0000  1313271   66.16%
  20400  3185      330.0000  1540      331.0000      112.0000  1331700   66.16%
  20566  3305      222.0000  2068      331.0000      112.0000  1354969   66.16%
  20720  3481      221.0000  2256      331.0000      112.0000  1379820   66.16%
  20861  3628      224.0000  2095      331.0000      112.0000  1407460   66.16%
  21009  3705      138.0184  3755      331.0000      112.0000  1446009   66.16%
Elapsed time = 1018.28 sec. (704079.00 ticks, tree = 579.85 MB, solutions = 1)
  21201  3880      224.0000  2145      331.0000      112.0036  1485213   66.16%
  21391  4004      224.0000  2465      331.0000      114.0000  1497826   65.56%
  21602  4290      304.0000  1683      331.0000      114.0000  1524261   65.56%
  21835  4517      224.0000  2050      331.0000      114.0000  1540982   65.56%
  22028  4653      224.0000  1889      331.0000      114.0000  1552571   65.56%
  22259  4890      221.0000  2300      331.0000      117.8750  1581213   64.39%
  22468  4968      221.0000  2244      331.0000      118.6250  1585962   64.16%
  22704  5220      224.0000  2106      331.0000      118.6250  1601446   64.16%
  22921  5461        cutoff            331.0000      118.6250  1613968   64.16%
  23130  5668      224.0000  2175      331.0000      118.6250  1621058   64.16%
Elapsed time = 1117.36 sec. (742341.17 ticks, tree = 930.99 MB, solutions = 1)
  23352  5766      221.0000  1984      331.0000      118.6250  1626585   64.16%
  23552  6013      221.0000  2372      331.0000      118.6250  1638352   64.16%
  23759  6180      221.0000  2173      331.0000      119.0000  1645786   64.05%
  23943  6472      221.0000  2248      331.0000      119.0000  1665725   64.05%
  24118  6523      221.0000  2429      331.0000      119.0000  1669664   64.05%
  24307  6768      221.0000  2175      331.0000      119.0000  1702690   64.05%
  24503  6814      222.0000  2059      331.0000      119.0000  1706434   64.05%
  24697  7118      221.0000  2294      331.0000      120.0000  1739583   63.75%
  24922  7232      222.0000  2166      331.0000      120.0000  1744029   63.75%
  25129  7449      222.0000  2156      331.0000      120.0000  1753993   63.75%
Elapsed time = 1225.87 sec. (780656.70 ticks, tree = 1252.54 MB, solutions = 1)
  25298  7613      221.0000  2261      331.0000      120.0000  1772162   63.75%
  25495  7795      221.0000  2141      331.0000      121.0000  1793045   63.44%
  25719  7922      242.0000  1936      331.0000      122.0000  1802403   63.14%
  25958  8094      221.0000  2125      331.0000      122.0000  1817189   63.14%
  26173  8486      232.0000  2122      331.0000      123.5882  1846425   62.66%
  26392  8572      222.0000  2243      331.0000      123.5882  1856552   62.66%
  26610  8740      232.0000  2151      331.0000      126.0000  1868741   61.93%
  26813  8960      232.0000  1926      331.0000      126.0000  1878518   61.93%
  27051  9069      232.0000  2104      331.0000      127.0000  1895496   61.63%
  27280  9268      232.0000  2009      331.0000      132.9496  1910019   59.83%
Elapsed time = 1329.77 sec. (818930.67 ticks, tree = 1586.78 MB, solutions = 1)
  27483  9647      312.0000  1763      331.0000      136.0000  1932934   58.91%
  27685  9802      221.0000  2331      331.0000      137.0000  1951629   58.61%
  27909 10031    infeasible            331.0000      137.0000  1988114   58.61%
  28098  9932      224.0000  1952      331.0000      137.0000  1983364   58.61%
  28281 10366      221.0000  2190      331.0000      137.0000  2005262   58.61%
  28478 10493      221.0000  2335      331.0000      137.0000  2037497   58.61%
  28718 10642      221.0000  2051      331.0000      137.0000  2046358   58.61%
  28939 10939      221.0000  1828      331.0000      137.8313  2060033   58.36%
  29155 10918      221.0000  2093      331.0000      137.8313  2059559   58.36%
  29377 11119      221.0000  2004      331.0000      138.0184  2066522   58.30%
Elapsed time = 1428.70 sec. (857234.54 ticks, tree = 1932.89 MB, solutions = 1)
  29599 11440      223.0000  1912      331.0000      138.0184  2091475   58.30%
  29829 11701      330.0000  1662      331.0000      138.0184  2106950   58.30%
  30074 11740    infeasible            331.0000      138.0184  2107560   58.30%
  30321 12178      312.0000  1769      331.0000      138.0184  2131510   58.30%
  30563 12238      221.0000  2104      331.0000      138.0184  2134550   58.30%
  30780 12361      221.0000  2067      331.0000      139.0000  2143663   58.01%
  31005 12640      221.0000  2042      331.0000      139.0000  2148632   58.01%
  31238 12749      221.0000  2411      331.0000      139.0000  2169718   58.01%
  31464 12983      221.0000  2261      331.0000      139.0000  2186102   58.01%
  31681 13399      288.0000  2162      331.0000      139.0000  2214665   58.01%
Elapsed time = 1536.70 sec. (895473.13 ticks, tree = 2360.81 MB, solutions = 1)
Nodefile size = 302.52 MB (166.38 MB after compression)
  31902 13716      221.0000  2165      331.0000      140.0000  2227696   57.70%
  32126 13778      221.0000  1903      331.0000      140.0000  2229748   57.70%
  32352 14126      221.0000  2093      331.0000      140.0000  2244843   57.70%
  32584 14196      221.0000  2047      331.0000      140.0000  2248186   57.70%
  32799 14542      237.0000  2232      331.0000      140.0000  2267862   57.70%
  33032 14404      221.0000  2196      331.0000      140.0000  2253984   57.70%
  33223 14623      221.0000  2571      331.0000      142.3441  2279413   57.00%
  33430 15002      221.0000  2453      331.0000      142.3441  2313890   57.00%
Starting limited solution polishing.
  33620 15078      246.0000  1904      331.0000      142.3441  2312578   57.00%
  33823 15158      237.0000  1833      331.0000      143.0000  2314976   56.80%
Elapsed time = 1643.20 sec. (933728.89 ticks, tree = 2692.18 MB, solutions = 1)
Nodefile size = 622.09 MB (345.02 MB after compression)
  33999 15478      221.0000  2475      331.0000      143.0000  2359292   56.80%
  34173 15637      221.0000  2161      331.0000      143.0000  2368197   56.80%
  34385 15621      329.0000  1805      331.0000      143.0000  2364960   56.80%
  34570 15949      221.0000  2349      331.0000      143.0000  2412452   56.80%
  34780 15918      222.0000  2396      331.0000      143.0000  2407448   56.80%
  35002 16498      258.0000  1981      331.0000      143.0000  2460118   56.80%
  35232 16560      221.0000  2523      331.0000      143.0000  2468861   56.80%
  35446 16739      316.0000  1781      331.0000      143.0000  2479875   56.80%
  35686 16646      221.0000  2412      331.0000      143.0000  2475751   56.80%
  35900 17018      221.0000  2585      331.0000      143.0000  2513088   56.80%
Elapsed time = 1751.65 sec. (972038.04 ticks, tree = 3043.23 MB, solutions = 1)
Nodefile size = 977.86 MB (544.43 MB after compression)
  36134 17387      235.0000  2374      331.0000      143.0000  2530027   56.80%
  36359 17416      235.0000  2254      331.0000      143.0000  2530309   56.80%
  36603 17730      235.0000  1833      331.0000      143.0000  2558210   56.80%
  36835 17883      235.0000  2353      331.0000      143.0000  2562918   56.80%
  37055 18121      221.0000  2618      331.0000      143.0000  2577166   56.80%

GUB cover cuts applied:  1358
Clique cuts applied:  481
Cover cuts applied:  432
Implied bound cuts applied:  2312
Flow cuts applied:  37
Mixed integer rounding cuts applied:  2450
Zero-half cuts applied:  196
Gomory fractional cuts applied:  9

Root node processing (before b&c):
  Real time             =   29.65 sec. (20286.55 ticks)
Parallel b&c, 8 threads:
  Real time             = 1772.86 sec. (971652.94 ticks)
  Sync time (average)   =  206.91 sec.
  Wait time (average)   =    0.38 sec.
                          ------------
Total (root+branch&cut) = 1802.51 sec. (991939.49 ticks)
! --------------------------------------------------------
! Status: FEASIBLE (time limit or other stopping criterion reached)
! Best span = 331
! Labeling: 1 318 221 111 221 221 331 1 221 110 111 1 111 331 3 1 221 252 221 155 331 2 221 331 221 1 315 221 1 111 331 1 106 111 283 111 237 221 111 115 111 254 221 222 1 1 331 21 33 331 1 221 111 1 98 111 222 331 3 331 111 111 111 331 1 111 1 221 326 111 172 1 221 331 331 1 1 137 114 221 115 115 221 1 331 221 111 221 115 1 1 331 331 331 1 317 331 223 152 112 220 111 221 1 111 269 111 221 324 221 111 1 331 150 116 143 331 331 1 331 1 111 111 295 111 331 331 111 111 1 331 226 173 221 111 1 1 221 331 111 111 111 111 1 1 111 221 111 142 1 253 112 221 221 331 112 331 220 221 221 111 221 111 1 244 221 173 221 111 111 221 74 221 221 1 331 221 263 111 142 221 221 331 37 111 111 225 331 111 111 111 221 112 1 221 208 111 112 6 62 1 192 230 1 111 1 320 221 111 1 1 331 331 305 1 111 11 221 221 216 1 221 331 1 111 1 229 111 111 221 222 1 1 110 128 330 221 331 221 221 111 134 111 111 111 221 35 111 221 1 111 221 221 331 1 110 111 221 221 114 111 111 111 1 221 1 331 111 221 331 135 1 113 32 221 111 1 143 111 190 22 111 208 331 222 331 321 1 1 221 111 331 221 133 1 115 111 221 1 81 111 221 111 111 111 262 3 226 111 81 221 112 111 1 221 331 153 1 1 111 221 221 1 111 1 111 331 221 1 331 111 305 63 229 221 111 3 1 1 1 1 331 295 111 319 221 2 1 111 221 1 111 1 115 331 1 111 304 123 317 1 254 111 331 111 1 221 221 152 221 5 33 1 37 1 331 1 221 226 221 111 221 221 111 5 111 123 111 111 331 185 1 331 221 111 111 13 145 331 1 331 331 1 222 1 1 111 111 1 1 111 221 331 1 1 111 331 127 115 143 221 111 331 111 221 5 111 111 111 111 111 328 1 111 331 1 221 331 111 221 1 111 111 221 221 221 143 319 331 111 221 220 111 1 221 113 1 127 331 331 221 222 111 1 111 1 1 1 1 331 331 147 111 221 111 111 111 111 331 111 111 111 80 221 221 25 298 221 1 1 1 132 111 222 331 226 142 111 229 24 116 110 1 331 221 111 331 331 111 221 1 111 1 1 331 5 221 111 331 221 331 39 220 111 112 111 1 223 221 111 111 111 330 1 111 1 221 331 221 331 111 114 1 83 111 1 5 111 331 221 111 111 111 123 331 222 237 136 226 113 331 111 284 113 221 331 1 111 111 221 225 1 4 1 221 295 331 38 1 112 119 253 221 1 111 3 26 221 111 331 1 116 153 221 1 221 111 221 111 1 119 221 4 331 13 111 221 111 1 32 1 221 221 191 1 221 331 221 221 1 330 331 5 111 111 111 1 1 331 1 222 1 111 221 111 221 1 1 98 1 9 1 331 111 221 1 221 1 331 111 111 258 221 112 1 111 209 1 331 221 111 221 
! --------------------------------------------------------
! All verification passed
