! Solving for graph /home/truongxuanhieu/CPLEX-MIP-for-MinSpanLabeling/benchmarks/abp/W-685_bus.mtx.rnd
! Target value is set to 68
! Lower bound is set to 69
! Upper bound is set to 342
! Time limit is set to 1800
! Vertices mode is set to No hole
! Target value mode is set to Antibandwidth
Version identifier: 22.2.0.0 | 2026-05-04 | 5dff98e58
CPXPARAM_TimeLimit                               1800
Tried aggregator 2 times.
MIP Presolve eliminated 1284 rows and 1541 columns.
MIP Presolve modified 468267 coefficients.
Aggregator did 4619 substitutions.
Reduced MIP has 8896 rows, 241283 columns, and 722152 nonzeros.
Reduced MIP has 236066 binaries, 1968 generals, 0 SOSs, and 3249 indicators.
Presolve time = 0.74 sec. (1353.17 ticks)
Probing time = 0.86 sec. (429.51 ticks)
Tried aggregator 2 times.
Detecting symmetries...
Aggregator did 28 substitutions.
Reduced MIP has 8868 rows, 241255 columns, and 722124 nonzeros.
Reduced MIP has 236066 binaries, 2625 generals, 0 SOSs, and 3249 indicators.
Presolve time = 0.75 sec. (596.17 ticks)
Probing time = 0.11 sec. (49.25 ticks)
Clique table members: 12297.
MIP emphasis: balance optimality and feasibility.
MIP search method: dynamic search.
Parallel mode: deterministic, using up to 8 threads.
Root relaxation solution time = 0.69 sec. (420.75 ticks)

        Nodes                                         Cuts/
   Node  Left     Objective  IInf  Best Integer    Best Bound    ItCnt     Gap

      0     0       69.0000  1132                     69.0000     1871         
      0     0       69.0000  2920                  Cuts: 2317     4624         
      0     0       69.0000  2413                  Cuts: 2317     6413         
      0     0       69.0000  2160                  Cuts: 2317     9417         
      0     0       69.0000  1733                  Cuts: 2317    11802         
      0     0       69.0000  2026                  Cuts: 1483    13701         
      0     2       69.0000  2026                     69.0000    13701         
Elapsed time = 28.13 sec. (36229.72 ticks, tree = 0.02 MB, solutions = 0)
      4     6       69.0000  1905                     69.0000    13870         
      9    11       69.0000  1824                     69.0000    14027         
     13     4       69.0000  2008                     69.0000    13722         
     17    18       69.0000  1973                     69.0000    15009         
     31    26       69.0000  1699                     69.0000    15808         
     47    37       69.0000  1817                     69.0000    17987         
     75    56       69.0000  1739                     69.0000    24200         
    102    80       69.0000  1701                     69.0000    24803         
    144    90       69.0000  1642                     69.0000    25032         
    287   266      150.0000  1944                     69.0000    32751         
Elapsed time = 32.67 sec. (39642.22 ticks, tree = 29.95 MB, solutions = 0)
    393   336       69.0000  1523                     69.0000    46388         
    524   482      137.0000  1933                     69.0000    60129         
    567   522      137.0000  1987                     69.0000    63375         
    571   483      137.0000  1935                     69.0000    60133         
    586   573      218.0000  1770                     69.0000    74309         
    631   587      218.0000  1757                     69.0000    76285         
    715   635      218.0000  1685                     69.0000    80012         
    785   675      138.0000  1831                     69.0000    85412         
    866   708      137.0000  1792                     69.0000    95356         
    955   878      218.0000  1629                     69.0000   104713         
Elapsed time = 52.25 sec. (50659.16 ticks, tree = 145.65 MB, solutions = 0)
   1088   930      137.0000  1607                     69.0000   113407         
   1198  1036      218.0000  1608                     69.0000   118785         
   1329  1201      205.0000  1559                     69.0000   134278         
   1439  1299      273.0000  1597                     69.0000   142043         
   1554  1401      205.0000  1465                     69.0000   147036         
   1651  1535      273.0000  1538                     69.0000   156492         
   1719  1567      205.0000  1424                     69.0000   157843         

Performing restart 1

Repeating presolve.
Tried aggregator 1 time.
Reduced MIP has 8868 rows, 241255 columns, and 722124 nonzeros.
Reduced MIP has 236066 binaries, 2625 generals, 0 SOSs, and 3249 indicators.
Presolve time = 0.29 sec. (310.95 ticks)
Tried aggregator 1 time.
Reduced MIP has 8868 rows, 241255 columns, and 722124 nonzeros.
Reduced MIP has 236066 binaries, 2625 generals, 0 SOSs, and 3249 indicators.
Presolve time = 0.59 sec. (465.98 ticks)
Represolve time = 2.29 sec. (1581.21 ticks)
   1725     0       69.0000  2940                  Cuts: 2317   178227         
   1725     0       69.0000  3473                  Cuts: 2317   181995         
   1725     0       69.0000  3899                  Cuts: 2317   185906         
   1725     0       69.0000  3713                  Cuts: 2317   191739         
   1725     0       69.0000  3897                  Cuts: 2317   196920         
   1725     2       69.0000  2270                     69.0000   196920         
   1744    21       69.0000  2165                     69.0000   197060         
   1755    32      137.0000  1898                     69.0000   199785         
Elapsed time = 161.35 sec. (194505.57 ticks, tree = 3.52 MB, solutions = 0)
   1834    67       70.0000  2466                     69.0000   211000         
   1911   134      137.0000  2141                     69.0000   220436         
   2009   237      205.0000  1609                     69.0000   239549         
   2137   354      205.0000  1825                     69.0000   245176         
   2301   441      205.0000  1512                     69.0000   247328         
   2456   590      137.0000  1630                     69.0000   249184         
   2524   692      141.0000  1546                     69.0000   250829         
   2605   741      207.0000  1555                     69.0000   251066         
   2625   573      138.0000  1581                     69.0000   249202         
   2647   805      205.0000  1445                     69.0000   252052         
Elapsed time = 177.29 sec. (204580.94 ticks, tree = 103.98 MB, solutions = 0)
   2695   876      205.0000  1587                     69.0000   252571         
   2797   908      205.0000  1393                     69.0000   252669         
   2891  1052      205.0000  1493                     69.0000   257683         
   2998  1085      228.0000  1463                     69.0000   258417         
   3116  1222      228.0000  1452                     69.0000   262456         
   3221  1343      228.0000  1440                     69.0000   265069         
   3330  1444      205.0000  1413                     69.0000   268090         
   3356  1461      205.0000  1454                     69.0000   268823         
   3432  1588      207.0000  1497                     69.0000   274263         
   3546  1592      306.0000  1483                     69.0000   274841         
Elapsed time = 195.45 sec. (216267.24 ticks, tree = 228.94 MB, solutions = 0)
   3680  1775    infeasible                           69.0000   281089         
   3786  1817      183.0000  1535                     69.0000   282647         
   3905  1939      205.0000  1362                     69.0000   288470         
   3997  2110      205.0000  1344                     69.0000   295139         
   4085  2101      222.0000  1370                     69.0000   294730         
   4180  2250      206.0000  1353                     69.0000   299812         
   4272  2278      205.0000  1557                     69.0000   305060         
   4375  2407      205.0000  1590                     69.0000   312257         
   4472  2496      273.0000  1364                     69.0000   324451         
   4572  2558      222.0000  1332                     69.0000   328001         
Elapsed time = 210.75 sec. (225894.17 ticks, tree = 386.29 MB, solutions = 0)
   4688  2712      273.0000  1657                     69.0000   338905         
   4787  2715       86.1259  3618                     69.0000   344039         
   4911  2826      273.0000  1311                     69.0000   342687         
   4999  2948      227.0000  1618                     69.0000   357784         
   5078  3096      281.0000  1299                     69.0000   364571         
   5152  3158      227.0000  1503                     69.0000   368343         
   5200  3224      143.7801  2701                     69.0000   371308         
   5251  3347      205.0000  1470                     69.0000   379655         
   5300  3362      205.0000  1433                     69.0000   379867         
   5348  3403      273.0000  1408                     69.0000   382041         
Elapsed time = 225.19 sec. (235530.09 ticks, tree = 532.88 MB, solutions = 0)
   5399  3436      273.0000  1519                     69.0000   385072         
   5453  3517      341.0000  1501                     69.0000   391395         
   5496  3506      328.0000  1565                     69.0000   389473         
   5553  3565      273.0000  1547                     69.0000   396539         
   5582  3609      331.0000  1511                     69.0000   399550         
   5638  3634      296.0000  1561                     69.0000   401416         
   5686  3695      341.0000  1349                     69.0000   405147         
   5721  3763      341.0000  1311                     69.0000   408493         
   5751  3808      341.0000  1392                     69.0000   412851         
   5777  3808      331.0000  1458                     69.0000   412649         
Elapsed time = 237.93 sec. (245191.74 ticks, tree = 602.24 MB, solutions = 0)
   5806  3845      296.0000  1484                     69.0000   413962         
   5829  3858      331.0000  1451                     69.0000   414839         
   5844  3874      331.0000  1450                     69.0000   421255         
   5864  3878      331.0000  1452                     69.0000   421595         
   5895  3936      296.0000  1445                     69.0000   426203         
   5922  3931      331.0000  1433                     69.0000   426798         
   5937  3971    infeasible                           69.0000   443200         
   5939  3960      296.0000  1492                     69.0000   443492         
   5948  4012      284.3056  2510                     69.0000   450795         
   5980  4026      319.0000  1540                     69.0000   452051         
Elapsed time = 270.04 sec. (260050.95 ticks, tree = 640.08 MB, solutions = 0)
   6013  4039      319.0000  1480                     69.0000   452474         
   6039  4058      296.0000  1393                     69.0000   452895         
   6055  4090      319.0000  1305                     69.0000   460807         
   6088  4082      137.0000  2653                     69.0000   466346         
   6121  4127      319.0000  1262                     69.0000   466987         
   6172  4140      205.0000  2155                     69.0000   490096         
   6224  4180      319.0000  1243                     69.0000   492300         
   6257  4222      341.0000  1339                     69.0000   502877         
   6322  4301      205.0000  1973                     69.0000   507090         
   6529  4478      319.0000  1282                     69.0000   522939         
Elapsed time = 288.27 sec. (272731.90 ticks, tree = 717.39 MB, solutions = 0)
   6565  4568    infeasible                           69.0000   542608         
   6617  4610      213.0000  1817                     69.0000   547998         
   6843  4785      205.0000  1667                     69.0000   562909         
   7115  4977      342.0000  1263                     69.0000   581705         
   7389  5275      281.0000  1381                     69.0000   594198         
   7650  5595      205.0000  1941                     69.0000   626730         
   7889  5784      281.0000  1214                     69.0000   656692         
   8148  6054      273.0000  1850                     69.0000   679723         
   8427  6226      341.0000  1264                     70.0000   690704         
   8642  6453      241.0000  1817                     70.0000   701175         
Elapsed time = 348.25 sec. (311858.72 ticks, tree = 1063.21 MB, solutions = 0)
   8931  6704      341.0000  1226                     70.0000   726710         
   9073  6907    infeasible                           70.0000   747676         
   9212  6975      205.0000  2100                     70.0000   759205         
   9522  7218      273.0000  1659                     70.0000   770289         
   9694  7438      342.0000  1444                     70.0000   782031         
   9850  7628      205.0000  2161                     70.0000   814415         
  10102  7880      273.0000  1817                     70.0000   867467         
  10345  8021      273.0000  1934                     70.0000   879290         
  10514  8236      103.0000  3222                     70.0000   906003         
  10696  8422      307.0000  2019                     70.0000   929278         
Elapsed time = 409.62 sec. (353581.04 ticks, tree = 1414.44 MB, solutions = 0)
  10924  8626      205.0000  1912                     70.0000   956393         
  11140  8778      273.0000  1725                     70.0000   966127         
  11336  8980      341.0000  2059                     70.0000   983052         
  11592  9263      341.0000  1806                     70.0000  1021795         
  11788  9492      217.0000  1945                     70.0000  1050510         
  12004  9575      341.0000  1825                     70.0000  1055786         
  12215  9844      279.7801  2943                     70.0000  1092847         
  12552 10126      341.0000  1707                     70.0000  1113600         
  12922 10306      273.0000  1689                     70.0000  1122174         
  13174 10809      273.0000  1926                     70.0000  1153400         
Elapsed time = 455.98 sec. (391877.92 ticks, tree = 1857.07 MB, solutions = 0)
  13468 10982      273.0000  2083                     70.0000  1179819         
  13670 11251      285.0000  1733                     70.0000  1197473         
  13688 11056      205.0000  2392                     70.0000  1188615         

Performing restart 2

Repeating presolve.
Tried aggregator 1 time.
Reduced MIP has 8868 rows, 241255 columns, and 767003 nonzeros.
Reduced MIP has 236066 binaries, 2625 generals, 0 SOSs, and 3249 indicators.
Presolve time = 0.32 sec. (327.00 ticks)
Tried aggregator 1 time.
Reduced MIP has 8868 rows, 241255 columns, and 767003 nonzeros.
Reduced MIP has 236066 binaries, 2625 generals, 0 SOSs, and 3249 indicators.
Presolve time = 0.55 sec. (463.22 ticks)
Represolve time = 3.06 sec. (2415.49 ticks)
  13689     0       72.7778  4415                  Cuts: 2317  1225009         
  13689     0       78.9563  4440                  Cuts: 2317  1227883         
  13689     0       80.1273  4629                  Cuts: 2317  1231391         
  13689     0       80.3333  4795                  Cuts: 2317  1235271         
  13689     0       80.3333  4881                  Cuts: 2317  1240086         
  13689     0       80.3333  4945                  Cuts: 2317  1245333         
  13689     0       80.3837  4297                  Cuts: 1612  1250605         
  13689     0       80.3837  4477                  Cuts: 2317  1255135         
  13689     0       80.6049  4309                  Cuts: 2176  1260645         
  13689     0       80.6183  4520                  Cuts: 2317  1265630         
  13689     0       80.6302  4664                  Cuts: 2317  1270489         
  13689     0       80.6302  4716                  Cuts: 2317  1275533         
  13689     0       80.6302  4393                  Cuts: 2274  1281626         
  13689     0       80.6302  4516                  Cuts: 2317  1285821         
  13689     0       80.6302  4753                  Cuts: 2317  1290417         
  13689     2       80.6302  3510                     80.6302  1290417         
  13732    35      137.0000  2274                     87.7490  1293196         
  13912   175      205.0000  2095                    137.0000  1299373         
  14090   362      155.0000  2007                    137.0000  1305253         
  14272   496      194.0000  1954                    137.0000  1312281         
  14588   705      202.0000  1911                    137.0000  1317852         
  14991  1065      280.0000  1729                    137.0000  1329033         
Elapsed time = 969.73 sec. (1141646.16 ticks, tree = 155.03 MB, solutions = 0)
  15142  1346      254.0000  1697                    137.0000  1345516         
  15316  1518      247.0000  1898                    137.0000  1356829         
  15501  1672      255.0000  1638                    137.0000  1363283         
  15673  1870      323.0000  1698                    137.0000  1370284         
  15837  2024      323.0000  1644                    137.0000  1381988         
  15988  2190      341.0000  1528                    137.0000  1391287         
  16106  2314      248.0000  1604                    137.0000  1397194         
  16248  2421      323.0000  1597                    137.0000  1411983         
  16398  2505      206.0000  1651                    137.0000  1417917         
  16551  2706      205.0000  1755                    137.0000  1433560         
Elapsed time = 1040.60 sec. (1180028.41 ticks, tree = 440.62 MB, solutions = 0)
  16708  2805      205.0000  1759                    137.0000  1441570         
  16868  2971      205.0000  1741                    137.0000  1461917         
  17025  3156      205.0000  1694                    137.0000  1471109         
  17181  3276      205.0000  1685                    137.0000  1476302         
  17337  3413      139.0000  2075                    137.0000  1493899         
  17503  3480      246.0000  1753                    137.0000  1496652         
  17700  3629      314.0000  1538                    137.0000  1507610         
  17892  3863      206.0000  1682                    137.0000  1515843         
  18083  4127    infeasible                          137.0000  1537694         
  18240  4171      273.0000  1611                    137.0000  1539976         
Elapsed time = 1108.49 sec. (1218275.67 ticks, tree = 696.67 MB, solutions = 0)
  18417  4390    infeasible                          137.0000  1555510         
  18574  4536      205.0000  1714                    137.0000  1568599         
  18736  4669      205.0000  1646                    137.0000  1584542         
  18883  4757      314.0000  1791                    137.0000  1596288         
  19030  4871      205.0000  2572                    137.0000  1610128         
  19183  4991      273.0000  1545                    137.0000  1618567         
  19329  5129      273.0000  1480                    137.0000  1646776         
  19493  5351      314.0000  1554                    137.0000  1673597         
  19682  5442      273.0000  1434                    137.0000  1679650         
  19826  5719      251.0000  1713                    137.0000  1697068         
Elapsed time = 1179.27 sec. (1256691.72 ticks, tree = 969.56 MB, solutions = 0)
  19985  5786      341.0000  1440                    137.0000  1703631         
  20172  5959      274.0000  1748                    137.0000  1724420         
  20336  6085      246.0000  1953                    137.0000  1739150         
  20511  6227      246.0000  1854                    137.0000  1750525         
  20674  6307      321.0000  1688                    137.0000  1758366         
  20824  6531      219.0000  2157                    137.0000  1777430         
  20986  6728      247.0000  2067                    137.0000  1790877         
  21144  6889      247.0000  1754                    137.0000  1801374         
  21297  7089      247.0000  1741                    137.0000  1815428         
  21447  7081      328.0000  1579                    137.0000  1816074         
Elapsed time = 1248.93 sec. (1295127.55 ticks, tree = 1215.54 MB, solutions = 0)
  21601  7250      342.0000  1385                    137.0000  1829303         
  21733  7538      315.0000  1488                    137.0000  1846874         
  21876  7566      246.0000  1990                    137.0000  1856302         
  22004  7645      329.0000  1545                    137.0000  1866608         
  22147  7736      314.0000  2072                    137.0000  1887861         
  22280  8028      273.0000  2121                    137.0000  1924018         
  22383  8012    infeasible                          137.0000  1929858         
  22508  8179      273.0000  2072                    137.0000  1950677         
  22665  8234      314.0000  1819                    137.0000  1951447         
  22813  8464      342.0000  1272                    137.0000  1980128         
Elapsed time = 1317.29 sec. (1333533.96 ticks, tree = 1467.03 MB, solutions = 0)
  22955  8645      342.0000  1271                    137.0000  1993603         
  23105  8709      341.0000  1446                    137.0000  2005268         
  23265  8862      314.0000  1610                    137.0000  2014835         
  23414  9011      314.0000  1477                    137.0000  2029667         
  23557  9073      314.0000  1697                    137.0000  2032044         
  23703  9133      205.0000  2384                    137.0000  2049288         
  23839  9338      314.0000  1487                    137.0000  2060219         
  24001  9545      246.0000  2284                    137.0000  2116203         
  24156  9716      314.0000  1596                    137.0000  2133333         
  24339  9804      273.0000  2073                    137.0000  2152879         
Elapsed time = 1386.43 sec. (1371893.58 ticks, tree = 1713.25 MB, solutions = 0)
  24511  9995      341.0000  1605                    137.0000  2164829         
  24677 10074      273.0000  2036                    137.0000  2183032         
  24836 10117      205.0000  2342                    137.0000  2184980         
  25014 10362      205.0000  1847                    137.0000  2192559         
  25186 10515      275.0000  1558                    137.0000  2220481         
  25359 10603      206.0000  1732                    137.0000  2225606         
  25540 10888      254.0000  2229                    137.0000  2244714         
  25725 10916      254.0000  2000                    137.0000  2245277         
  25889 11048      341.0000  1213                    137.0000  2255917         
  26037 11362      266.0000  1743                    137.0000  2265975         
Elapsed time = 1461.32 sec. (1410187.68 ticks, tree = 1998.64 MB, solutions = 0)
  26187 11606      306.0000  1562                    137.0000  2289650         
  26353 11738      342.0000  1288                    137.0000  2311273         
  26511 11747      273.0000  1950                    137.0000  2310582         
  26666 11873      296.0000  1615                    137.0000  2319835         
  26840 12025      273.0000  1739                    137.0000  2331083         
  27020 12281      273.0000  1822                    137.0000  2358235         
  27199 12484      205.0000  2369                    137.0000  2373605         
  27391 12481      274.0000  1648                    137.0000  2369395         
  27577 12732      273.0000  1495                    137.0000  2385325         
  27758 12887      240.0000  1960                    137.0000  2392278         
Elapsed time = 1530.63 sec. (1448483.07 ticks, tree = 2279.88 MB, solutions = 0)
Nodefile size = 215.40 MB (112.55 MB after compression)
  27940 13033      273.0000  1442                    137.0000  2402032         
  28125 13320      207.0000  1788                    137.0000  2415010         
  28287 13485      205.0000  2177                    137.0000  2433331         
  28428 13562      205.0000  2204                    137.0000  2445209         
  28554 13796      205.0000  1955                    137.0000  2460672         
  28722 13942    infeasible                          137.0000  2479513         
  28901 13896      239.0000  2225                    137.0000  2477439         
  29078 14378      277.0000  1591                    137.0000  2508516         
  29256 14204      341.0000  1711                    137.0000  2500970         
  29449 14631      273.0000  1756                    137.0000  2523762         
Elapsed time = 1601.37 sec. (1486890.52 ticks, tree = 2598.75 MB, solutions = 0)
Nodefile size = 538.42 MB (279.85 MB after compression)
  29611 14740      273.0000  1493                    137.0000  2529793         
  29796 14906      205.0000  2244                    137.0000  2536278         
  29989 14931      273.0000  1905                    137.0000  2537590         
  30144 15219      273.0000  1848                    137.0000  2556343         
  30313 15526      292.0000  1485                    137.0000  2575950         
  30479 15363      330.0000  1792                    137.0000  2560768         
  30625 15703      330.0000  1661                    137.0000  2588264         
  30774 15708      330.0000  1662                    137.0000  2588620         
  30903 15918      292.0000  1416                    137.0000  2605698         
  31048 16177      229.0000  2164                    137.0000  2630666         
Elapsed time = 1676.46 sec. (1525300.29 ticks, tree = 2881.64 MB, solutions = 0)
Nodefile size = 820.13 MB (426.23 MB after compression)
  31219 16247      205.0000  2375                    137.0000  2641150         
  31376 16271      205.0000  2239                    137.0000  2642442         
  31539 16627      341.0000  1556                    137.0000  2674208         
  31698 16714      205.0000  1867                    137.0000  2675191         
  31856 16880      341.0000  1514                    137.0000  2695895         
  32010 16826      266.0000  2052                    137.0000  2686664         
  32158 17139      341.0000  1265                    137.0000  2711710         
  32308 17146      322.0000  1747                    137.0000  2709169         
  32457 17526      341.0000  1228                    137.0000  2742626         
  32603 17545      273.0000  2232                    137.0000  2747810         
Elapsed time = 1747.03 sec. (1563755.40 ticks, tree = 3133.42 MB, solutions = 0)
Nodefile size = 1070.67 MB (557.09 MB after compression)
  32755 17547      341.0000  1581                    137.0000  2742517         
  32915 17799      137.0000  2597                    137.0000  2772144         
  33085 17971      273.0000  1851                    137.0000  2782317         
  33271 18055      273.0000  2109                    137.0000  2796052         
  33468 18290      341.0000  1108                    137.0000  2812912         
  33641 18278      205.0000  1786                    137.0000  2808111         
  33804 18675      296.0000  1726                    137.0000  2836938         
  33935 18790      341.0000  1077                    137.0000  2843753         

GUB cover cuts applied:  467
Clique cuts applied:  200
Cover cuts applied:  114
Implied bound cuts applied:  1402
Flow cuts applied:  44
Mixed integer rounding cuts applied:  1579
Zero-half cuts applied:  23
Gomory fractional cuts applied:  2

Root node processing (before b&c):
  Real time             =   27.81 sec. (36041.03 ticks)
Parallel b&c, 8 threads:
  Real time             = 1773.35 sec. (1558927.58 ticks)
  Sync time (average)   =  306.55 sec.
  Wait time (average)   =    0.35 sec.
                          ------------
Total (root+branch&cut) = 1801.15 sec. (1594968.61 ticks)
! --------------------------------------------------------
! Problem is UNKNOWN
! CPLEX Status = AbortTimeLim
! --------------------------------------------------------
