! Solving for graph /home/truongxuanhieu/CPLEX-MIP-for-MinSpanLabeling/benchmarks/abp/X-can__715.mtx.rnd
! Target value is set to 58
! Lower bound is set to 59
! Upper bound is set to 357
! Time limit is set to 1800
! Vertices mode is set to No hole
! Target value mode is set to Antibandwidth
Version identifier: 22.2.0.0 | 2026-05-04 | 5dff98e58
CPXPARAM_TimeLimit                               1800
Tried aggregator 2 times.
MIP Presolve eliminated 2977 rows and 1608 columns.
MIP Presolve modified 510213 coefficients.
Aggregator did 8095 substitutions.
Reduced MIP has 15833 rows, 269123 columns, and 803974 nonzeros.
Reduced MIP has 258767 binaries, 3691 generals, 0 SOSs, and 6665 indicators.
Presolve time = 0.86 sec. (1967.11 ticks)
Probing time = 0.91 sec. (468.99 ticks)
Tried aggregator 2 times.
Detecting symmetries...
Aggregator did 3 substitutions.
Reduced MIP has 15830 rows, 269120 columns, and 803971 nonzeros.
Reduced MIP has 258767 binaries, 4403 generals, 0 SOSs, and 6665 indicators.
Presolve time = 0.79 sec. (668.90 ticks)
Probing time = 0.13 sec. (54.43 ticks)
Clique table members: 13701.
MIP emphasis: balance optimality and feasibility.
MIP search method: dynamic search.
Parallel mode: deterministic, using up to 8 threads.
Root relaxation solution time = 0.73 sec. (623.64 ticks)

        Nodes                                         Cuts/
   Node  Left     Objective  IInf  Best Integer    Best Bound    ItCnt     Gap

      0     0       59.0000  2082                     59.0000     3557         
      0     0       59.0000  5185                  Cuts: 4057     8336         
      0     0       59.0000  4491                  Cuts: 4057    10747         
      0     0       59.0000  4444                  Cuts: 4057    14197         
      0     0       59.0000  4476                  Cuts: 4057    17753         
      0     2       59.0000  4476                     59.0000    17753         
Elapsed time = 46.68 sec. (55850.47 ticks, tree = 0.02 MB, solutions = 0)
      4     6       59.0000  4439                     59.0000    17956         
      9    11       59.0000  4331                     59.0000    18059         
     12    14       59.0000  4249                     59.0000    18115         
     19     6       59.0000  4519                     59.0000    17878         
     22    20       59.0000  4332                     59.0000    19531         
     29    27       59.0000  4590                     59.0000    21184         
     42    29       59.0000  4341                     59.0000    24989         
     44    38       59.0000  4306                     59.0000    29566         
     51    44       59.0000  4586                     59.0000    30293         
     65    61       59.0000  4616                     59.0000    34781         
Elapsed time = 51.01 sec. (59594.41 ticks, tree = 6.27 MB, solutions = 0)
    113    84       59.0000  4324                     59.0000    40279         
    158   104       59.0000  4211                     59.0000    40458         
    195   147       59.0000  4102                     59.0000    41669         
    297   218       59.0000  4109                     59.0000    45762         
    343   279      117.0000  3554                     59.0000    49830         
    407   348       59.0000  3921                     59.0000    60203         
    477   416       59.0000  4043                     59.0000    86174         
    548   449      159.0000  3187                     59.0000   104053         
    577   556      118.0000  3515                     59.0000   118248         
    621   585      117.0000  3138                     59.0000   125233         
Elapsed time = 64.63 sec. (69251.58 ticks, tree = 126.18 MB, solutions = 0)
    699   638      117.0000  3108                     59.0000   153937         
    775   684      159.0000  3045                     59.0000   158753         
    851   750      147.0000  3198                     59.0000   165543         
    921   856      117.0000  3053                     59.0000   175583         
   1002   840      175.0000  2796                     59.0000   170731         
   1081   950      155.0000  3153                     59.0000   188359         
   1141  1054      159.0000  2987                     59.0000   198960         
   1210  1134      190.0000  2908                     59.0000   205219         
   1299  1149      175.0000  2822                     59.0000   205915         
   1379  1237      132.0000  3420                     59.0000   220625         
Elapsed time = 77.97 sec. (78891.12 ticks, tree = 308.51 MB, solutions = 0)
   1458  1371      175.0000  2882                     59.0000   232840         
   1550  1342      117.0000  3215                     59.0000   230673         
   1630  1531      233.0000  2650                     59.0000   247018         
   1690  1500      233.0000  2853                     59.0000   245557         
   1769  1671      233.0000  2634                     59.0000   259615         
   1826  1703      233.0000  2404                     59.0000   265487         
   1890  1797      349.0000  2452                     59.0000   277768         
   1978  1819      291.0000  2293                     59.0000   279900         
   2043  1917      291.0000  2297                     59.0000   289533         
   2129  1944      291.0000  2255                     59.0000   291283         
Elapsed time = 90.51 sec. (88552.50 ticks, tree = 512.35 MB, solutions = 0)
   2221  2100      291.0000  2628                     59.0000   306732         
   2311  2086      291.0000  2252                     59.0000   304200         
   2394  2227      291.0000  2414                     59.0000   315914         
   2456  2271      233.0000  2524                     59.0000   319188         
   2535  2371      291.0000  2394                     59.0000   330621         
   2619  2385      349.0000  2275                     59.0000   333303         
   2659  2432      175.0000  2930                     59.0000   339172         
   2668  2573      233.0000  2843                     59.0000   353020         
   2670  2462      349.0000  2247                     59.0000   340927         
   2671  2495    infeasible                           59.0000   347881         
Elapsed time = 115.13 sec. (101151.28 ticks, tree = 670.66 MB, solutions = 0)
   2674  2574      233.0000  2981                     59.0000   353908         
   2684  2617      175.0000  2960                     59.0000   360288         
   2711  2630      233.0000  2618                     59.0000   361521         
   2750  2644      175.0000  2928                     59.0000   362407         
   2811  2659      175.0000  2896                     59.0000   366261         
   2880  2651      349.0000  2175                     59.0000   365164         
   2928  2630      117.0000  3278                     59.0000   370710         
   3018  2773      349.0000  2110                     59.0000   377997         
   3084  2866      117.0000  3481                     59.0000   401267         
   3159  2970      175.0000  2800                     59.0000   411737         
Elapsed time = 131.66 sec. (111709.32 ticks, tree = 809.33 MB, solutions = 0)
   3197  2974      175.0000  2791                     59.0000   411776         
   3308  3060      132.0000  3135                     59.0000   422541         
   3414  3101      117.0000  3235                     59.0000   425387         
   3506  3119      349.0000  2210                     59.0000   428478         
   3594  3332      349.0000  2197                     59.0000   440058         
   3685  3390      233.0000  2608                     59.0000   441204         
   3789  3492      132.0000  3430                     59.0000   451977         
   3850  3507      175.0000  2941                     59.0000   452586         
   3950  3542      117.0000  3064                     59.0000   459727         
   4029  3695      233.0000  2543                     59.0000   464043         
Elapsed time = 144.60 sec. (121313.54 ticks, tree = 1020.32 MB, solutions = 0)
   4096  3828      349.0000  2737                     59.0000   483496         
   4165  3835      349.0000  2625                     59.0000   483745         
   4258  3958      291.0000  2599                     59.0000   489753         
   4343  3984      349.0000  2082                     59.0000   498334         
   4441  4058      291.0000  2252                     59.0000   502917         
   4554  4149      291.0000  2537                     59.0000   509352         
   4660  4370      291.0000  2527                     59.0000   523292         
   4761  4276      291.0000  2205                     59.0000   518648         
   4839  4610      233.0000  2558                     59.0000   537278         
   4931  4516      291.0000  2421                     59.0000   534813         
Elapsed time = 158.17 sec. (130914.88 ticks, tree = 1260.04 MB, solutions = 0)
   5012  4763      291.0000  2398                     59.0000   550609         
   5116  4641      117.0000  3546                     59.0000   545850         
   5200  4828      291.0000  2106                     59.0000   552680         
   5283  4889      349.0000  1928                     59.0000   558705         
   5365  4984      175.0000  2666                     59.0000   570466         
   5463  5134      349.0000  1902                     59.0000   577976         
   5516  5152      291.0000  2143                     59.0000   578408         
   5613  5343      233.0000  2371                     59.0000   589453         
   5713  5361      233.0000  2335                     59.0000   589798         
   5791  5393      291.0000  2284                     59.0000   591239         
Elapsed time = 172.19 sec. (140514.93 ticks, tree = 1515.77 MB, solutions = 0)
   5875  5613      291.0000  2265                     59.0000   604978         
   5969  5649      175.0000  2740                     59.0000   610460         
   6050  5758      291.0000  2103                     59.0000   613324         
   6131  5850      175.0000  2678                     59.0000   623171         
   6232  5792      291.0000  2040                     59.0000   614349         
   6344  6052      132.0000  3065                     59.0000   641607         
   6451  6055      291.0000  1972                     59.0000   638678         
   6552  6083      132.0000  3008                     59.0000   643114         
   6666  6175      349.0000  2072                     59.0000   647261         
   6962  6559      117.0000  2926                     59.0000   665220         
Elapsed time = 188.45 sec. (153003.18 ticks, tree = 1858.33 MB, solutions = 0)
   7312  7017      291.0000  1857                     59.0000   709251         
   7590  7135      175.0000  2735                     59.0000   722141         
   7844  7491      233.0000  2436                     59.0000   756018         
   8172  7711      117.0000  3123                     59.0000   792978         
   8485  8161      175.0000  2730                     59.0000   833721         
   8822  8326      175.0000  2907                     59.0000   853492         
   9028  8727      175.0000  2696                     59.0000   878492         
   9320  8855      349.0000  1749                     59.0000   895576         
   9665  9149      291.0000  2764                     59.0000   919810         
   9963  9501      292.0000  2901                     59.0000   935767         
Elapsed time = 240.35 sec. (191254.27 ticks, tree = 2721.70 MB, solutions = 0)
Nodefile size = 636.54 MB (379.06 MB after compression)
  10253  9803      117.0000  3179                     59.0000   958130         
  10513 10017      117.0000  3207                     59.0000   973696         
  10719 10340      349.0000  2114                     59.0000  1001584         
  10974 10663      117.0000  2856                     59.0000  1036794         
  11210 10928      117.0000  3597                     59.0000  1060167         
  11425 11047      117.0000  3601                     59.0000  1074451         
  11758 11285      349.0000  1643                     59.0000  1092298         
  12023 11411      159.0000  3276                     59.0000  1107694         
  12270 11941      232.0000  3000                     59.0000  1132434         
  12505 12115      205.0000  3000                     59.0000  1136994         
Elapsed time = 288.79 sec. (229484.16 ticks, tree = 3491.13 MB, solutions = 0)
Nodefile size = 1404.97 MB (834.36 MB after compression)
  12697 12433      117.0000  3150                     59.0000  1183195         
  12915 12512      175.0000  2529                     59.0000  1191927         
  13104 12695      225.0000  2848                     59.0000  1217701         
  13367 12909      117.0000  2828                     59.0000  1238956         
  13572 13153      165.0000  2999                     59.0000  1254537         
  13591 13231    infeasible                           59.0000  1270485         
  13597 13347      175.0000  2877                     59.0000  1287528         
  13651 13412      117.0000  3578                     59.0000  1303835         
  13758 13437      349.0000  1985                     59.0000  1302026         
  13948 13604      235.0000  2701                     59.0000  1326305         
Elapsed time = 357.57 sec. (270502.36 ticks, tree = 3933.13 MB, solutions = 0)
Nodefile size = 1846.34 MB (1094.70 MB after compression)
  14237 13826       59.0000  4086                     59.0000  1359503         
  14533 14071      117.0000  3348                     59.0000  1374541         
  14857 14357      175.0000  2541                     59.0000  1396042         
  15031 14639      117.0000  3311                     59.0000  1423223         
  15368 14639      175.0000  2773                     59.0000  1418767         
  15706 14813      237.0000  2866                     59.0000  1440756         
  16082 15417      206.0000  3167                     59.0000  1477119         
  16466 15996      236.0000  3055                     59.0000  1507045         
  16798 15902      147.0000  3017                     59.0000  1510321         
  17125 16487      175.0000  2674                     59.0000  1577133         
Elapsed time = 402.42 sec. (308728.09 ticks, tree = 4787.81 MB, solutions = 0)
Nodefile size = 2716.83 MB (1605.02 MB after compression)
  17457 16544      175.0000  2633                     59.0000  1580436         
  17744 16980      234.0000  3212                     59.0000  1611773         
  18068 17117      117.0000  3016                     59.0000  1634825         
  18237 17393      175.0000  2720                     59.0000  1656641         
  18480 17691      174.0000  3217                     59.0000  1679165         
  18780 18086      233.0000  2844                     59.0000  1719153         
  19116 18393      117.0000  3174                     59.0000  1784413         
  19394 18700      175.0000  2521                     59.0000  1806832         
  19641 18682      175.0000  2590                     59.0000  1805519         
  19944 19202      117.0000  3271                     59.0000  1870488         
Elapsed time = 446.59 sec. (347060.17 ticks, tree = 5595.35 MB, solutions = 0)
Nodefile size = 3522.12 MB (2078.01 MB after compression)
  20254 19285      175.0000  2468                     59.0000  1884215         
  20521 19721      118.0000  3064                     59.0000  1913561         
  20782 20002      117.0000  3553                     59.0000  1956209         
  21167 20096      203.0000  2967                     59.0000  1953979         
  21338 20281      236.0000  2870                     59.0000  1969475         
  21344 20456      212.0000  2917                     59.0000  1988605         
  21618 20783      357.0000  1623                     59.0000  2011634         
  21883 20892      175.0000  2997                     59.0000  2017701         
  22178 21196    infeasible                           59.0000  2047630         
  22474 21520      178.0000  2687                     59.0000  2080440         
Elapsed time = 503.61 sec. (387500.38 ticks, tree = 6291.82 MB, solutions = 0)
Nodefile size = 4219.89 MB (2487.21 MB after compression)
  22803 21906      117.0000  2968                     59.0000  2114049         
  23025 21880      117.0000  2964                     59.0000  2111037         
  23475 22020      178.0000  2685                     59.0000  2130488         
  23812 22520      237.0000  2972                     59.0000  2177819         
  24084 23013      223.0000  2955                     59.0000  2201469         
  24390 23113      239.0000  2872                     59.0000  2202097         
  24650 23335      117.0000  3118                     59.0000  2261300         
  24970 23785      160.0000  3056                     59.0000  2322705         
  25253 24135      184.0000  2989                     59.0000  2347874         
  25630 24229      237.0000  2799                     59.0000  2348648         
Elapsed time = 549.22 sec. (425789.14 ticks, tree = 7105.12 MB, solutions = 0)
Nodefile size = 4996.99 MB (2946.99 MB after compression)
  26051 24354      350.0000  2003                     59.0000  2399133         
  26389 24824      117.0000  3113                     59.0000  2421257         
  26733 25055      218.0000  2921                     59.0000  2429074         
  26997 25368      117.0000  3159                     59.0000  2464055         
  27240 25892      117.0000  2998                     59.0000  2502969         
  27445 26112      117.0000  2967                     59.0000  2523379         
  27661 26229      175.0000  2512                     59.0000  2541033         
  27934 26470      183.0000  2837                     59.0000  2562998         
  28335 26827      159.0000  3357                     59.0000  2596826         
  28695 27373      236.0000  2952                     59.0000  2618451         
Elapsed time = 594.98 sec. (464032.39 ticks, tree = 8053.89 MB, solutions = 0)
Nodefile size = 5970.32 MB (3518.49 MB after compression)
  29004 27979      117.0000  3087                     59.0000  2650403         
  29254 27947      117.0000  3363                     59.0000  2641256         
  29573 27997    infeasible                           59.0000  2644886         
  29746 28355      175.0000  2680                     59.0000  2705441         
  29824 28364      233.0000  2839                     59.0000  2716485         
  29898 29009      233.0000  2585                     59.0000  2783860         
  30175 29050      233.0000  2984                     59.0000  2784329         
  30509 29135      233.0000  2990                     59.0000  2786674         
  30884 29096      119.0000  3222                     59.0000  2800000         
  31191 29705      175.0000  2701                     59.0000  2862019         
Elapsed time = 654.11 sec. (502884.07 ticks, tree = 8760.20 MB, solutions = 0)
Nodefile size = 6671.28 MB (3930.76 MB after compression)
  31516 30197      117.0000  3274                     59.0000  2912312         
  31878 30016      118.0000  3132                     59.0000  2894950         
  32148 30174      117.0000  3243                     59.0000  2909880         
  32465 30511      175.0000  2573                     59.0000  2955576         
  32878 31161      236.0000  3037                     59.0000  3005939         
  33273 31342      175.0000  2829                     59.0000  3043260         
  33652 32256      232.0000  2901                     59.0000  3122336         
  34064 32164      175.0000  2526                     59.0000  3119778         
  34447 32801      233.0000  2931                     59.0000  3155992         
  34755 32888      117.0000  2794                     59.0000  3176209         
Elapsed time = 699.80 sec. (541119.21 ticks, tree = 9725.32 MB, solutions = 0)
Nodefile size = 7620.50 MB (4493.81 MB after compression)
  35135 33679      117.0000  3256                     59.0000  3256047         
  35491 33736      117.0000  3067                     59.0000  3259652         
  35956 33795      117.0000  2965                     59.0000  3262764         
  36223 34482      117.0000  3219                     59.0000  3325513         
  36588 34428      237.0000  2939                     59.0000  3314732         
  37099 35062      117.0000  3010                     59.0000  3353066         
  37505 35558      117.0000  2895                     59.0000  3410498         
  37824 36474      236.0000  3008                     59.0000  3455057         
  38234 36603      176.0000  2717                     59.0000  3475260         
  38631 36983      117.0000  3024                     59.0000  3516105         
Elapsed time = 747.66 sec. (579334.63 ticks, tree = 10970.51 MB, solutions = 0)
Nodefile size = 8882.48 MB (5241.22 MB after compression)
  38950 36862      117.0000  3358                     59.0000  3490452         
  39263 37802      117.0000  3165                     59.0000  3575543         
  39749 37699      118.0000  3251                     59.0000  3573058         
  40083 38668      236.0000  2803                     59.0000  3643409         
  40395 38776      236.0000  2852                     59.0000  3643619         
  40625 38630      175.0000  2508                     59.0000  3641227         
  40709 38834      118.0000  2945                     59.0000  3656085         
  40867 39223      177.0000  2863                     59.0000  3713648         
  41107 39914      177.0000  2736                     59.0000  3747725         
  41393 39919      188.0000  3277                     59.0000  3750741         
Elapsed time = 812.98 sec. (617629.62 ticks, tree = 11868.17 MB, solutions = 0)
Nodefile size = 9757.09 MB (5759.66 MB after compression)
  41897 39856      132.0000  3472                     59.0000  3769478         
  42394 40132      117.0000  3006                     59.0000  3778801         
  42757 41014      117.0000  3024                     59.0000  3854178         
  43276 40798      175.0000  2507                     59.0000  3843179         
  43799 42089      175.0000  2410                     59.0000  3934191         
  44156 41825      146.0000  3467                     59.0000  3914833         
  44623 42418      176.0000  2942                     59.0000  3973684         
  45103 43153      238.0000  3060                     59.0000  4008044         
  45383 42780      236.0000  3095                     59.0000  3995339         
  45824 43864      117.0000  3284                     59.0000  4062588         
Elapsed time = 864.79 sec. (655837.71 ticks, tree = 13001.83 MB, solutions = 0)
Nodefile size = 10918.56 MB (6430.13 MB after compression)
  46345 44272      175.0000  2690                     59.0000  4074400         
  46765 44364      291.0000  2549                     59.0000  4081505         
  47222 44561      236.0000  2778                     59.0000  4099202         
  47762 45374      118.0000  3051                     59.0000  4179002         
  48261 45082      117.0000  3333                     59.0000  4139148         
  48680 45866      117.0000  3159                     59.0000  4210862         
  49253 46803      206.0000  2915                     59.0000  4253846         
  49749 47306      175.0000  2868                     59.0000  4291524         
  50182 47734      117.0000  2957                     59.0000  4313304         
  50673 48243      117.0000  2918                     59.0000  4344998         
Elapsed time = 922.17 sec. (694063.35 ticks, tree = 14136.32 MB, solutions = 0)
Nodefile size = 12046.03 MB (7054.75 MB after compression)
  51059 48024      117.0000  3374                     59.0000  4327062         
  51440 48700      205.0000  2519                     59.0000  4374263         
  51916 49649      175.0000  3011                     59.0000  4436439         
  52423 49760      175.0000  2746                     59.0000  4436724         
  52797 49981      175.0000  2992                     59.0000  4453729         
  53217 50158      117.0000  2927                     59.0000  4469226         
  53602 51235      175.0000  2585                     59.0000  4548708         
  53884 50919      117.0000  3205                     59.0000  4531946         
  54291 51001      117.0000  3021                     59.0000  4534165         
  54902 52178      175.0000  2950                     59.0000  4606326         
Elapsed time = 986.40 sec. (732318.10 ticks, tree = 14800.63 MB, solutions = 0)
Nodefile size = 12712.67 MB (7313.44 MB after compression)
  55301 52884      178.0000  3173                     59.0000  4653315         
  55557 52939      175.0000  2866                     59.0000  4657754         
  56007 53476      175.0000  2593                     59.0000  4685666         
  56254 53312      117.0000  2993                     59.0000  4682929         
  56381 52511      175.0000  2553                     59.0000  4625185         
  56601 54571      176.0000  2902                     59.0000  4753901         
  56888 54601      178.0000  2952                     59.0000  4761569         
  57230 54778      175.0000  2542                     59.0000  4760339         
  57535 54825      175.0000  2926                     59.0000  4766830         
  58060 55312      175.0000  2428                     59.0000  4802201         
Elapsed time = 1055.71 sec. (770575.23 ticks, tree = 15286.32 MB, solutions = 0)
Nodefile size = 13193.21 MB (7487.19 MB after compression)
  58514 54934      175.0000  3084                     59.0000  4777630         
  58740 55445      205.0000  3162                     59.0000  4808425         
  59140 56753      205.0000  3023                     59.0000  4868895         
  59622 56616      117.0000  2910                     59.0000  4867436         
  60001 56863      117.0000  3328                     59.0000  4878448         
  60422 57401      175.0000  3056                     59.0000  4929225         
  60922 57334      175.0000  2822                     59.0000  4918806         
  61361 58206      178.0000  2921                     59.0000  4973980         
  61802 59028      117.0000  3334                     59.0000  5012914         
  62469 59280      175.0000  2663                     59.0000  5027269         
Elapsed time = 1117.01 sec. (808799.08 ticks, tree = 15956.06 MB, solutions = 0)
Nodefile size = 13857.35 MB (7769.72 MB after compression)
  62911 59380      175.0000  2466                     59.0000  5027841         
  63299 60020      175.0000  2749                     59.0000  5068584         
  63727 60507      175.0000  2407                     59.0000  5099701         
  64066 60823      121.0000  3308                     59.0000  5127752         
  64628 61236      175.0000  2738                     59.0000  5140657         
  65217 61842      175.0000  2942                     59.0000  5205292         
  65583 62233      117.0000  3299                     59.0000  5246969         
  66016 62933      175.0000  2898                     59.0000  5280722         
  66551 62774      117.0000  3499                     59.0000  5264214         
  66963 63444      175.0000  2584                     59.0000  5302715         
Elapsed time = 1183.77 sec. (847001.97 ticks, tree = 16616.61 MB, solutions = 0)
Nodefile size = 14505.92 MB (8001.87 MB after compression)
  67411 63868      175.0000  3040                     59.0000  5322188         
  67936 64707      175.0000  2655                     59.0000  5358926         
  68118 64472      119.0000  3124                     59.0000  5363671         

Performing restart 1

Repeating presolve.
Tried aggregator 1 time.
Reduced MIP has 15830 rows, 269120 columns, and 803971 nonzeros.
Reduced MIP has 258767 binaries, 4403 generals, 0 SOSs, and 6665 indicators.
Presolve time = 0.34 sec. (342.80 ticks)
Tried aggregator 1 time.
Reduced MIP has 15830 rows, 269120 columns, and 803971 nonzeros.
Reduced MIP has 258767 binaries, 4403 generals, 0 SOSs, and 6665 indicators.
Presolve time = 0.65 sec. (526.52 ticks)
Represolve time = 2.56 sec. (1706.06 ticks)
  68143     0       59.0000  5561                  Cuts: 4057  5463240         
  68143     0       59.0000  5608                  Cuts: 4057  5467594         
  68143     0       59.0000  5813                  Cuts: 4057  5471129         
  68143     0       59.0000  5811                  Cuts: 4057  5475324         
  68143     2       59.0000  5220                     59.0000  5475324         
  68220    60    infeasible                           59.0000  5491000         
  68401   202      146.0000  3598                     59.0000  5523053         
  68506   293      175.0000  3424                     59.0000  5580150         
  68729   420      233.0000  3016                     59.0000  5594234         
  68886   558      175.0000  2920                     59.0000  5616813         
  69575   870      117.0000  3538                     59.0000  5623587         
Elapsed time = 1363.35 sec. (1046648.75 ticks, tree = 173.53 MB, solutions = 0)
  70076  1700      163.0000  3165                     59.0000  5634780         
  70530  2182      259.0000  2666                     59.0000  5648944         
  70875  2462      176.0000  2589                     59.0000  5671581         
  71171  2847      260.0000  2585                     59.0000  5708051         
  71496  3065      127.0000  3443                     59.0000  5726644         
  71841  3359      143.0000  3213                     59.0000  5746290         
  72064  3588       88.0000  4983                     59.0000  5776483         
  72267  3855      117.0000  4448                     59.0000  5810346         
  72503  4099      177.0000  3343                     59.0000  5842205         
  72852  4304      177.0000  3173                     59.0000  5850486         
Elapsed time = 1421.04 sec. (1084885.01 ticks, tree = 1055.73 MB, solutions = 0)
  73155  4614      210.0000  3144                     59.0000  5874418         
  73606  5027      176.0000  3114                     59.0000  5894953         
  73873  5284      348.0000  2291                     59.0000  5903256         
  74081  5573      348.0000  2259                     59.0000  5948479         
  74318  5752      117.0000  4624                     59.0000  5966341         
  74429  6009    infeasible                           59.0000  5992314         
  74492  6034      175.0000  3319                     59.0000  5995649         
  74588  6102      117.0000  5126                     59.0000  6018656         
  74653  6192      117.0000  4478                     59.0000  6027044         
  74728  6249      125.1256  5244                     59.0000  6033567         
Elapsed time = 1487.98 sec. (1127744.56 ticks, tree = 1577.98 MB, solutions = 0)
  74898  6368      233.0000  2963                     59.0000  6053158         
  75121  6564      126.0000  4469                     59.0000  6076027         

Performing restart 2

Repeating presolve.
Tried aggregator 1 time.
Reduced MIP has 15830 rows, 269120 columns, and 849269 nonzeros.
Reduced MIP has 258767 binaries, 4403 generals, 0 SOSs, and 6665 indicators.
Presolve time = 0.39 sec. (358.90 ticks)
Tried aggregator 1 time.
Reduced MIP has 15830 rows, 269120 columns, and 849269 nonzeros.
Reduced MIP has 258767 binaries, 4403 generals, 0 SOSs, and 6665 indicators.
Presolve time = 0.65 sec. (509.44 ticks)
Represolve time = 4.40 sec. (3609.92 ticks)

Root node processing (before b&c):
  Real time             =   46.31 sec. (55600.01 ticks)
Parallel b&c, 8 threads:
  Real time             = 1754.17 sec. (1640369.12 ticks)
  Sync time (average)   =  418.84 sec.
  Wait time (average)   =    0.17 sec.
                          ------------
Total (root+branch&cut) = 1800.48 sec. (1695969.13 ticks)
! --------------------------------------------------------
! Problem is UNKNOWN
! CPLEX Status = AbortTimeLim
! --------------------------------------------------------
