! Solving for graph /home/truongxuanhieu/CPLEX-MIP-for-MinSpanLabeling/benchmarks/abp/V-nos6.mtx.rnd
! Target value is set to 164
! Lower bound is set to 165
! Upper bound is set to 337
! Time limit is set to 1800
! Vertices mode is set to Has hole
! Target value mode is set to Antibandwidth
Version identifier: 22.2.0.0 | 2026-05-04 | 5dff98e58
CPXPARAM_TimeLimit                               1800
Tried aggregator 2 times.
MIP Presolve eliminated 1291 rows and 1518 columns.
MIP Presolve modified 227982 coefficients.
Aggregator did 4605 substitutions.
Reduced MIP has 8537 rows, 234493 columns, and 474879 nonzeros.
Reduced MIP has 229272 binaries, 1966 generals, 0 SOSs, and 3255 indicators.
Presolve time = 0.76 sec. (1152.04 ticks)
Probing time = 1.78 sec. (422.54 ticks)
Tried aggregator 1 time.
Detecting symmetries...
Reduced MIP has 8537 rows, 234493 columns, and 474879 nonzeros.
Reduced MIP has 229272 binaries, 2641 generals, 0 SOSs, and 3255 indicators.
Presolve time = 0.71 sec. (364.66 ticks)
Probing time = 0.16 sec. (45.25 ticks)
Clique table members: 13393.
MIP emphasis: balance optimality and feasibility.
MIP search method: dynamic search.
Parallel mode: deterministic, using up to 8 threads.
Root relaxation solution time = 1.03 sec. (343.15 ticks)

        Nodes                                         Cuts/
   Node  Left     Objective  IInf  Best Integer    Best Bound    ItCnt     Gap

      0     0      165.0000  1083                    165.0000     1444         
      0     0      165.0000  3063                  Cuts: 2234     4625         
      0     0      165.0000  2411                  Cuts: 2234     6239         
      0     0      165.0000  2378                  Cuts: 2234     7696         
      0     0      165.0000  2343                  Cuts: 1828     8984         
      0     0      165.0000  2409                  Cuts: 1190     9997         
Detecting symmetries...
Detecting symmetries...
      0     2      165.0000  1654                    165.0000     9997         
Elapsed time = 45.08 sec. (36340.42 ticks, tree = 0.02 MB, solutions = 0)
      7     9      165.0000  1613                    165.0000    10049         
     12     5      165.0000  1642                    165.0000    10023         
     29    24      165.0000  1614                    165.0000    12178         
     48    45      165.0000  1604                    165.0000    15041         
     88    43      165.0000  1627                    165.0000    16414         
    153    97      165.0000  1577                    165.0000    22552         
    218   178      165.0000  1593                    165.0000    24626         
    259   224      165.0000  1585                    165.0000    27297         
    289   253      329.0000  1589                    165.0000    27427         
    380   351      165.0000  1549                    165.0000    55041         
Elapsed time = 51.73 sec. (39562.81 ticks, tree = 39.85 MB, solutions = 0)
    407   369      329.0000  1540                    165.0000    56130         
    486   436      329.0000  1606                    165.0000    83840         
    604   521      329.0000  1432                    165.0000    88624         
    724   639      329.0000  1431                    165.0000    92577         
    850   685      329.0000  1680                    165.0000    98163         
    993   795      329.0000  1292                    165.0000   113191         
   1128   859      329.0000  1634                    165.0000   120569         
   1273  1039      329.0000  1581                    165.0000   152613         
   1411  1173      329.0000  1370                    165.0000   169965         
   1568  1262      329.0000  1425                    165.0000   170878         
Elapsed time = 83.40 sec. (52194.42 ticks, tree = 202.47 MB, solutions = 0)
   1750  1374      329.0000  1340                    165.0000   178094         
   1963  1601      329.0000  1179                    165.0000   185868         
   2202  1787      329.0000  1143                    165.0000   190631         
   2439  2052      329.0000  1385                    165.0000   192483         
   2689  2191      329.0000   929                    165.0000   192898         
   2950  2533      329.0000  1228                    165.0000   193903         
   3277  2817      329.0000   962                    165.0000   194703         
   3488  2931      329.0000  1184                    165.0000   196055         
   3695  3041      329.0000   839                    165.0000   205082         
   3958  3176      329.0000  1440                    165.0000   205718         
Elapsed time = 101.61 sec. (61759.87 ticks, tree = 558.82 MB, solutions = 0)
   4176  3452      329.0000  1402                    165.0000   213600         
   4405  3570      329.0000   787                    165.0000   221614         
   4659  3718      329.0000   787                    165.0000   229106         
   4882  3843    infeasible                          165.0000   232357         
   4991  3886      329.0000  1107                    165.0000   232865         

Performing restart 1

Repeating presolve.
Tried aggregator 1 time.
MIP Presolve eliminated 0 rows and 636 columns.
Reduced MIP has 8537 rows, 233857 columns, and 473607 nonzeros.
Reduced MIP has 228636 binaries, 2641 generals, 0 SOSs, and 3255 indicators.
Presolve time = 0.33 sec. (245.28 ticks)
Tried aggregator 1 time.
Reduced MIP has 8537 rows, 233857 columns, and 473607 nonzeros.
Reduced MIP has 228636 binaries, 2641 generals, 0 SOSs, and 3255 indicators.
Presolve time = 0.76 sec. (373.38 ticks)
Represolve time = 3.58 sec. (1330.54 ticks)
   4994     0      165.0000  2775                  Cuts: 2234   246016         
   4994     0      165.0000  3105                  Cuts: 2234   249728         
   4994     0      165.0000  3708                  Cuts: 2234   253110         
   4994     0      165.0000  3956                  Cuts: 2234   256904         
   4994     2      165.0000  3953                    165.0000   256904         
   5010    17      165.0000  3516                    165.0000   257412         
   5014    21      165.0000  3473                    165.0000   261610         
   5069    53      329.0000  2104                    165.0000   270784         
   5149    98      165.0000  4002                    165.0000   285148         
Elapsed time = 202.97 sec. (137834.75 ticks, tree = 6.98 MB, solutions = 0)
   5190   157      165.0000  3844                    165.0000   299993         
   5227   197      165.0000  3237                    165.0000   309100         
   5281   234      165.0000  3716                    165.0000   316966         
   5352   243      165.0000  3598                    165.0000   324172         
   5389   351      329.0000  1841                    165.0000   330220         
   5396   372      329.0000  2453                    165.0000   346689         
   5397   376      329.0000  1638                    165.0000   343427         
   5400   384      329.0000  1876                    165.0000   358157         
   5445   407      329.0000  1683                    165.0000   367256         
   5525   405      290.0000  2334                    165.0000   371448         
Elapsed time = 239.41 sec. (151268.84 ticks, tree = 45.95 MB, solutions = 0)
   5609   493      329.0000  1345                    165.0000   372659         
   5734   531      329.0000  1632                    165.0000   373070         
   5863   600      329.0000  1307                    165.0000   374795         
   6009   687      329.0000  1469                    165.0000   376072         
   6149   846      330.0000  1078                    165.0000   384455         
   6267   938    infeasible                          165.0000   385931         
   6353  1165      329.0000  1213                    165.0000   402902         
   6484  1207      329.0000  1280                    165.0000   403680         
   6566  1244      288.0000  1928                    165.0000   405716         
   6650  1348      329.0000  2175                    165.0000   417357         
Elapsed time = 260.56 sec. (160874.47 ticks, tree = 203.98 MB, solutions = 0)
   6782  1504    infeasible                          165.0000   441953         
   6881  1570      333.0000  1229                    165.0000   444428         
   6975  1689      332.0000  1131                    165.0000   451631         
   7094  1724      329.0000  1627                    165.0000   453097         
   7212  1829      329.0000  1580                    165.0000   462192         
   7322  1891      329.0000  2014                    165.0000   479472         
   7458  2009      333.0000  1677                    165.0000   481663         
   7560  2161      329.0000  1253                    165.0000   507478         
   7591  2195    infeasible                          165.0000   508100         
   7593  2346    infeasible                          165.0000   525653         
Elapsed time = 286.41 sec. (171668.51 ticks, tree = 382.92 MB, solutions = 0)
   7596  2194    infeasible                          165.0000   508381         
   7601  2344    infeasible                          165.0000   525861         
   7602  2365    infeasible                          165.0000   527026         
   7606  2368      329.0000  2508                    165.0000   527391         
   7648  2383      329.0000  2068                    165.0000   530147         
   7710  2370      329.0000  2637                    165.0000   543510         
   7784  2487      329.0000  2109                    165.0000   545970         
   7866  2507      329.0000  1864                    165.0000   546570         
   7960  2570      329.0000  1460                    165.0000   547987         
   8074  2593      329.0000  1342                    165.0000   548651         
Elapsed time = 318.25 sec. (183329.73 ticks, tree = 429.61 MB, solutions = 0)
   8203  2699      330.0000  1676                    165.0000   569343         
   8325  2716      330.0000  1464                    165.0000   569731         
   8461  2888      329.0000  1296                    165.0000   584852         
   8609  3072      329.0000   987                    165.0000   594247         
   8734  3249    infeasible                          165.0000   596795         
   8849  3309      329.0000  1291                    165.0000   597603         
   8980  3509      335.0000  1624                    165.0000   606356         
   9088  3530      335.0000  1419                    165.0000   606591         
   9131  3613      330.0000  1076                    165.0000   608054         
   9156  3634      330.0000  1010                    165.0000   608472         
Elapsed time = 341.57 sec. (192981.64 ticks, tree = 623.95 MB, solutions = 0)
   9160  3735    infeasible                          165.0000   613916         
   9162  3684    infeasible                          165.0000   613199         
   9164  3738      329.0000  2317                    165.0000   622036         
   9167  3808      329.0000  2610                    165.0000   629987         
   9168  3822      219.6667  3395                    165.0000   651854         
   9169  3823      219.6667  3430                    165.0000   657013         
   9222  3830      329.0000  2390                    165.0000   660667         
   9309  3864      329.0000  2171                    165.0000   655552         
   9391  3891      329.0000  2222                    165.0000   679352         
   9902  4203      329.0000  1498                    165.0000   701042         
Elapsed time = 376.43 sec. (207184.76 ticks, tree = 728.33 MB, solutions = 0)
  10444  4754      288.0000  2258                    165.0000   727257         
  10547  4809    infeasible                          165.0000   734678         
  10555  5090      329.0000  1828                    165.0000   745818         
  10806  5137      329.0000  2033                    165.0000   763140         
  11240  5514      329.0000  1851                    165.0000   792054         
  11718  5766      249.0000  2272                    165.0000   813690         

Performing restart 2

Repeating presolve.
Tried aggregator 1 time.
MIP Presolve modified 169 coefficients.
Reduced MIP has 8537 rows, 233857 columns, and 637924 nonzeros.
Reduced MIP has 228636 binaries, 2641 generals, 0 SOSs, and 3255 indicators.
Presolve time = 0.47 sec. (313.28 ticks)
Tried aggregator 1 time.
Reduced MIP has 8537 rows, 233857 columns, and 637924 nonzeros.
Reduced MIP has 228636 binaries, 2641 generals, 0 SOSs, and 3255 indicators.
Presolve time = 0.80 sec. (427.92 ticks)
Represolve time = 4.91 sec. (2047.65 ticks)
  11766     0      165.0000  4279                  Cuts: 2234   859258         
  11766     0      165.0000  4376                  Cuts: 2234   862790         
  11766     0      165.0000  4416                  Cuts: 2234   866823         
  11766     0      165.0000  4366                  Cuts: 2234   871090         
  11766     0      165.0000  4464                  Cuts: 2234   875773         
  11766     0      165.0000  4665                  Cuts: 2234   881884         
  11766     0      165.0000  4406                  Cuts: 2234   888347         
  11766     0      165.0000  4690                  Cuts: 2234   894068         
  11766     2      165.0000  4690                    165.0000   894068         
  11781    17      329.0000  2480                    165.0000   899901         
  11808     5      165.0000  4301                    165.0000   894262         
  11824    51      165.0000  3523                    165.0000   934226         
Elapsed time = 1111.95 sec. (947312.65 ticks, tree = 3.57 MB, solutions = 0)
  11857    77      165.0000  3534                    165.0000   958633         
  11910   109      329.0000  2149                    165.0000   980865         
  11924   108      165.0622  4665                    165.0000  1003368         
  11952   163      322.0000  2804                    165.0000  1035872         
  12037   186      303.3626  3043                    165.0000  1052214         
  12161   275      329.0000  2145                    165.0000  1070292         
  12293   429      325.0000  2227                    165.0000  1102387         
  12439   582      263.0000  2052                    165.0000  1144182         
  12595   701      331.0000  1277                    165.0000  1153946         
  12755   798      167.0000  3189                    165.0000  1182377         
Elapsed time = 1202.97 sec. (986145.91 ticks, tree = 117.54 MB, solutions = 0)
  12877   878      330.0000  1934                    165.0000  1183312         
  12985  1050      330.0000  1857                    165.0000  1199802         
  13104  1207      333.0000  1720                    165.0000  1224903         
  13256  1270      329.0000  2187                    165.0000  1229722         
  13384  1408      329.0000  2115                    165.0000  1295190         
  13521  1608      333.0000  1394                    165.0000  1343784         
  13661  1749      238.0000  2835                    165.0000  1375538         
  13833  1799      334.0000  1167                    165.0000  1374894         
  14024  2023      329.0000  1796                    165.0000  1412739         
  14216  2204      330.0000  1911                    165.0000  1425904         
Elapsed time = 1291.39 sec. (1024516.75 ticks, tree = 378.77 MB, solutions = 0)
  14367  2434      329.0000  1601                    165.0000  1434987         
  14533  2584      330.0000  1397                    165.0000  1443805         
  14699  2683      336.0000  1002                    165.0000  1451959         
  14885  2828      186.0000  3770                    165.0000  1476570         
  15091  3140      331.0000  2401                    165.0000  1489329         
  15218  3205      178.0918  4380                    165.0000  1506817         
  15357  3342      328.0000  2895                    165.0000  1534989         
  15550  3461    infeasible                          165.0000  1570795         
  15705  3593      329.0000  2062                    165.0000  1594476         
  15866  3678      329.0000  1963                    165.0000  1606681         
Elapsed time = 1379.75 sec. (1062906.05 ticks, tree = 665.92 MB, solutions = 0)
  16032  3924      330.0000  1676                    165.0000  1639129         
  16159  4152      179.5620  4398                    165.0000  1665213         
  16307  4348      329.0000  2016                    165.0000  1678867         
  16497  4389      329.0000  2599                    165.0000  1706909         
  16671  4499      330.0000  1808                    165.0000  1719117         
  16845  4831      330.0000  2320                    165.0000  1727930         
  17047  4933      330.0000  1656                    165.0000  1744379         
  17216  5028      329.0000  1271                    165.0000  1747089         
  17341  5248      329.0000  1150                    165.0000  1757621         
  17487  5491      330.0000  1725                    165.0000  1802170         
Elapsed time = 1470.28 sec. (1101276.20 ticks, tree = 1021.55 MB, solutions = 0)
  17627  5636      329.0000  1021                    165.0000  1831543         
  17736  5684      330.0000  1664                    165.0000  1845708         
  17849  5868      330.0000  1565                    165.0000  1885983         
  17973  5820      231.0000  2681                    165.0000  1876748         
  18098  6016      328.0000  2627                    165.0000  1951592         
  18261  6203      329.0000  2145                    165.0000  1976674         
  18438  6334      330.0000  1706                    165.0000  2003583         
  18613  6455      329.0000  1933                    165.0000  2008137         
  18780  6618      330.0000  1579                    165.0000  2011594         
  18939  6714      329.0000  2303                    165.0000  2027295         
Elapsed time = 1562.13 sec. (1139576.10 ticks, tree = 1262.67 MB, solutions = 0)
  19098  6946      329.0000  2331                    165.0000  2044941         
  19246  7053      325.0000  2901                    165.0000  2061325         
  19430  7206      329.0000  2130                    165.0000  2073211         
  19592  7411      329.0000  1990                    165.0000  2091167         
  19783  7521      331.0000  2206                    165.0000  2104686         
  19949  7808      331.0000  2062                    165.0000  2123848         
  20119  7861      329.0000  2234                    165.0000  2125112         
  20312  8190      329.0000  1873                    165.0000  2158145         
  20480  8216      329.0000  1670                    165.0000  2158895         
  20655  8404      329.0000  1914                    165.0000  2168665         
Elapsed time = 1651.69 sec. (1178054.02 ticks, tree = 1600.81 MB, solutions = 0)
  20800  8508      174.5867  4385                    165.0000  2182077         
  20972  8737      329.0000  2740                    165.0000  2217936         
  21171  9042      329.0000  2472                    165.0000  2246883         
  21393  9101      337.0000  1779                    165.0000  2254784         
  21585  9243      329.0000  2040                    165.0000  2258702         
  21763  9432      329.0000  2137                    165.0000  2262441         
  21937  9544      331.0000  1707                    165.0000  2263981         
  22090  9777      330.0000  1743                    165.0000  2294519         
  22219  9962      329.0000  2589                    165.0000  2322627         
  22347 10035      329.0000  2490                    165.0000  2342891         
Elapsed time = 1742.31 sec. (1216530.05 ticks, tree = 1927.38 MB, solutions = 0)
  22502 10196      330.0000  1649                    165.0000  2343546         
  22662 10514      329.0000  2262                    165.0000  2426534         
  22842 10679      330.0000  1687                    165.0000  2451239         
  23015 10733      329.0000  2180                    165.0000  2458807         
  23203 10948      329.0000  1441                    165.0000  2465654         
  23386 11007      329.0000  1870                    165.0000  2478403         

GUB cover cuts applied:  1386
Clique cuts applied:  181
Cover cuts applied:  258
Implied bound cuts applied:  1596
Flow cuts applied:  55
Mixed integer rounding cuts applied:  3278
Zero-half cuts applied:  175
Gomory fractional cuts applied:  12

Root node processing (before b&c):
  Real time             =   44.66 sec. (36220.60 ticks)
Parallel b&c, 8 threads:
  Real time             = 1758.61 sec. (1206237.94 ticks)
  Sync time (average)   =  146.72 sec.
  Wait time (average)   =    0.30 sec.
                          ------------
Total (root+branch&cut) = 1803.27 sec. (1242458.54 ticks)
! --------------------------------------------------------
! Problem is UNKNOWN
! CPLEX Status = AbortTimeLim
! --------------------------------------------------------
