! Solving for graph /home/truongxuanhieu/CPLEX-MIP-for-MinSpanLabeling/benchmarks/abp/W-685_bus.mtx.rnd
! Target value is set to 68
! Lower bound is set to 69
! Upper bound is set to 342
! Time limit is set to 1800
! Vertices mode is set to Has hole
! Target value mode is set to Antibandwidth
Version identifier: 22.2.0.0 | 2026-05-04 | 5dff98e58
CPXPARAM_TimeLimit                               1800
Tried aggregator 2 times.
MIP Presolve eliminated 1283 rows and 1541 columns.
MIP Presolve modified 234784 coefficients.
Aggregator did 4619 substitutions.
Reduced MIP has 8555 rows, 241283 columns, and 488465 nonzeros.
Reduced MIP has 236066 binaries, 1968 generals, 0 SOSs, and 3249 indicators.
Presolve time = 0.76 sec. (1187.69 ticks)
Probing time = 1.33 sec. (420.02 ticks)
Tried aggregator 2 times.
Detecting symmetries...
Aggregator did 28 substitutions.
Reduced MIP has 8527 rows, 241255 columns, and 488437 nonzeros.
Reduced MIP has 236066 binaries, 2625 generals, 0 SOSs, and 3249 indicators.
Presolve time = 0.80 sec. (461.27 ticks)
Probing time = 0.17 sec. (46.45 ticks)
Clique table members: 9860.
MIP emphasis: balance optimality and feasibility.
MIP search method: dynamic search.
Parallel mode: deterministic, using up to 8 threads.
Root relaxation solution time = 0.93 sec. (351.42 ticks)

        Nodes                                         Cuts/
   Node  Left     Objective  IInf  Best Integer    Best Bound    ItCnt     Gap

      0     0       69.0000  1084                     69.0000     1411         
      0     0       69.0000  2981                  Cuts: 2231     3609         
      0     0       69.0000  2323                  Cuts: 2231     5062         
      0     0       69.0000  2271                  Cuts: 2231     6624         
      0     0       69.0000  2062                  Cuts: 2231     8811         
      0     0       69.0000  1891                  Cuts: 2231    10844         
      0     0       69.0000  2138                  Cuts: 1528    12377         
      0     2       69.0000  1426                     69.0000    12377         
Elapsed time = 65.26 sec. (52484.60 ticks, tree = 0.02 MB, solutions = 0)
      3     3       69.0000  1414                     69.0000    12379         
      8     9      127.0000  1827                     69.0000    14999         
     18     4       69.0000  1387                     69.0000    12400         
     26    16      127.0000  1819                     69.0000    16016         
     32    26      127.0000  1825                     69.0000    23091         
     40    27      127.0000  1825                     69.0000    23127         
     49    36       69.0000  1472                     69.0000    25072         
     57    48       69.0000  1471                     69.0000    26789         
     74    66       69.0000  1535                     69.0000    26970         
    236   142       69.0000  1443                     69.0000    31334         
Elapsed time = 71.95 sec. (55988.30 ticks, tree = 13.16 MB, solutions = 0)
    398   328      137.0000  1589                     69.0000    39780         
    481   441      195.0000  1585                     69.0000    58329         
    566   529      195.0000  1539                     69.0000    73034         
    631   565      137.0000  1477                     69.0000    80352         
    709   633      205.0000  1628                     69.0000    91803         
    795   717      137.0000  1741                     69.0000   106835         
    878   802      205.0000  1553                     69.0000   124589         
    977   861      205.0000  1675                     69.0000   135241         
   1099   942      341.0000  1307                     69.0000   139249         
   1214  1123      137.0000  1630                     69.0000   156522         
Elapsed time = 92.35 sec. (65619.38 ticks, tree = 187.15 MB, solutions = 0)
   1340  1202      137.0000  1679                     69.0000   160268         
   1483  1292      137.0000  1633                     69.0000   163648         
   1651  1526      137.0000  1611                     69.0000   168913         

Performing restart 1

Repeating presolve.
Tried aggregator 1 time.
Reduced MIP has 8527 rows, 241255 columns, and 488437 nonzeros.
Reduced MIP has 236066 binaries, 2625 generals, 0 SOSs, and 3249 indicators.
Presolve time = 0.33 sec. (249.66 ticks)
Tried aggregator 1 time.
Reduced MIP has 8527 rows, 241255 columns, and 488437 nonzeros.
Reduced MIP has 236066 binaries, 2625 generals, 0 SOSs, and 3249 indicators.
Presolve time = 0.72 sec. (381.58 ticks)
Represolve time = 3.21 sec. (1367.69 ticks)
   1753     0       69.0000  2884                  Cuts: 2231   180221         
   1753     0       69.0000  3657                  Cuts: 2231   184149         
   1753     0       69.0000  3797                  Cuts: 2231   187706         
   1753     0       69.0000  3876                  Cuts: 2231   191238         
   1753     2       69.0000  2199                     69.0000   191238         
   1773    21       80.1721  2850                     69.0000   193112         
   1802    34       71.0000  2326                     69.0000   198650         
   1883   106       70.0000  2401                     69.0000   205411         
   2008   210      137.0000  1586                     69.0000   209933         
   2179   346      103.0000  1966                     69.0000   219105         
   2347   494       77.0000  1958                     69.0000   221981         
Elapsed time = 223.25 sec. (175500.62 ticks, tree = 55.73 MB, solutions = 0)
   2485   608      160.0000  1446                     69.0000   229978         
   2595   682      137.0000  1539                     69.0000   231505         
   2687   743      137.0000  1574                     69.0000   233758         
   2867   898      140.0000  1353                     69.0000   239027         
   2919   976    infeasible                           69.0000   242377         
   2926  1042    infeasible                           69.0000   244765         
   2929  1080    infeasible                           69.0000   249273         
   2930  1079    infeasible                           69.0000   249306         
   2956  1095      168.0000  1691                     69.0000   250398         
   2995  1108      137.0000  1823                     69.0000   253378         
Elapsed time = 266.97 sec. (190177.24 ticks, tree = 151.21 MB, solutions = 0)
   3093  1136      213.0000  1241                     69.0000   256520         
   3175  1249      213.0000  1223                     69.0000   257792         
   3277  1288       70.0000  2347                     69.0000   260726         
   3380  1356      213.0000  1195                     69.0000   259911         
   3481  1420       69.0000  2033                     69.0000   265516         
   3604  1563       72.0000  2167                     69.0000   278055         
   3717  1740      137.0000  1592                     69.0000   286141         
   3849  1838      273.0000  1048                     69.0000   294661         
   4032  1843      137.0000  1588                     69.0000   294515         
   4202  2049      138.0000  1549                     69.0000   305525         
Elapsed time = 289.45 sec. (199771.85 ticks, tree = 299.23 MB, solutions = 0)
   4368  2186      206.0000  1169                     69.0000   308373         
   4557  2390      150.0000  1443                     69.0000   314152         
   4704  2490      145.0000  1303                     69.0000   315637         
   4871  2603       70.0000  2317                     69.0000   325773         
   5066  2882      205.0000  1228                     69.0000   334408         
   5189  3001      206.0000  1152                     69.0000   336470         
   5316  3112      137.0000  1554                     69.0000   341765         
   5473  3249      206.0000  1128                     69.0000   343248         
   5619  3418      273.0000  1017                     69.0000   347687         
   5756  3475      205.0000  1330                     69.0000   348093         
Elapsed time = 309.71 sec. (209378.98 ticks, tree = 531.05 MB, solutions = 0)
   5861  3698      322.0000  1419                     69.0000   352771         
   6008  3776      341.0000  1240                     69.0000   352483         
   6119  3974      137.0000  2237                     69.0000   375427         
   6254  4080      308.0000  1202                     69.0000   386112         
   6362  4182      150.0000  2051                     69.0000   396947         
   6507  4163      103.0000  2839                     69.0000   395575         
   6636  4352      215.3664  2677                     69.0000   410580         
   6788  4384      217.0000  1931                     69.0000   415984         
   6944  4741      308.0000  1111                     69.0000   426196         
   7091  4767      308.0000  1082                     69.0000   426358         
Elapsed time = 329.96 sec. (218964.86 ticks, tree = 743.43 MB, solutions = 0)
   7252  4963      274.0000  1483                     69.0000   429258         
   7381  4921      322.0000  1631                     69.0000   429614         
   7502  5145      205.0000  1940                     69.0000   447046         
   7594  5197      324.0000  1515                     69.0000   446817         
   7688  5390      205.0000  1669                     69.0000   462276         
   7801  5537      273.0000  1563                     69.0000   482909         
   7920  5590      273.0000  1459                     69.0000   484480         
   8042  5611      273.0000  1387                     69.0000   484611         
   8139  5709      273.0000  1613                     69.0000   494831         
   8237  5999      209.0000  1694                     69.0000   513491         
Elapsed time = 352.33 sec. (228561.00 ticks, tree = 949.07 MB, solutions = 0)
   8373  5859      137.0000  2270                     69.0000   507523         
   8492  6098      342.0000  1045                     69.0000   519980         
   8642  6275      277.0000  1444                     69.0000   532557         
   8779  6221      205.0000  1882                     69.0000   529692         
   8897  6393      342.0000   965                     69.0000   536092         
   8999  6526      342.0000  1145                     69.0000   541064         
   9092  6627    infeasible                           69.0000   542489         
   9191  6757      342.0000  1081                     69.0000   549036         
   9300  6720      273.0000  1446                     69.0000   548592         
   9425  6874      274.0000  1388                     69.0000   555533         
Elapsed time = 370.87 sec. (238131.53 ticks, tree = 1098.81 MB, solutions = 0)
   9517  7068      342.0000   976                     69.0000   568961         
   9618  7295    infeasible                           69.0000   597745         
   9710  7235      273.0000  1766                     69.0000   590359         
   9823  7485      273.0000  1706                     69.0000   618292         
   9917  7498      273.0000  2015                     69.0000   626559         
  10054  7478      273.0000  1686                     69.0000   617674         
  10181  7671      273.0000  1717                     69.0000   633005         
  10339  7828      273.0000  1594                     69.0000   645525         
  10479  7974      273.0000  1598                     69.0000   646606         
  10732  8161      273.0000  1915                     69.0000   659835         
Elapsed time = 399.90 sec. (254443.12 ticks, tree = 1325.68 MB, solutions = 0)

Performing restart 2

Repeating presolve.
Tried aggregator 1 time.
Reduced MIP has 8527 rows, 241255 columns, and 546964 nonzeros.
Reduced MIP has 236066 binaries, 2625 generals, 0 SOSs, and 3249 indicators.
Presolve time = 0.42 sec. (269.37 ticks)
Tried aggregator 1 time.
Reduced MIP has 8527 rows, 241255 columns, and 546964 nonzeros.
Reduced MIP has 236066 binaries, 2625 generals, 0 SOSs, and 3249 indicators.
Presolve time = 0.72 sec. (388.47 ticks)
Represolve time = 4.75 sec. (2153.61 ticks)
  10733     0       69.0000  3584                  Cuts: 2231   688543         
  10733     0       69.0000  3717                  Cuts: 2231   691631         
  10733     0       69.0000  4080                  Cuts: 2231   694620         
  10733     0       69.0000  4380                  Cuts: 2231   697842         
  10733     0       69.0000  4434                  Cuts: 2231   701137         
  10733     0       69.0337  5344                  Cuts: 2231   705512         
  10733     0       69.3765  5208                  Cuts: 2231   708280         
  10733     0       71.2390  4812                  Cuts: 2231   711402         
  10733     0       75.8000  4878                  Cuts: 2231   713981         
  10733     0       77.5000  4793                  Cuts: 2231   717126         
  10733     0       77.5000  4740                  Cuts: 2231   720812         
  10733     0       77.5000  4817                  Cuts: 2231   723965         
  10733     2       77.5000  3233                     77.5000   723965         
  10829    85      137.0000  1992                    137.0000   730255         
  11037   280      137.0000  1759                    137.0000   738945         
  11492   552      210.0000  1532                    137.0000   742098         
  11813   931      162.0000  1653                    137.0000   751383         
  12276  1488      243.0000  1433                    137.0000   757663         
  12701  1714      273.0000  1280                    137.0000   760967         
  12969  2167      341.0000  1098                    137.0000   767621         
  13223  2374      273.0000  1229                    137.0000   772200         
  13500  2702      273.0000  1361                    137.0000   777287         
Elapsed time = 990.89 sec. (807271.98 ticks, tree = 432.46 MB, solutions = 0)
  13783  2899      342.0000   908                    137.0000   779534         
  14148  3277      341.0000  1044                    137.0000   784168         
  14435  3592      342.0000   799                    137.0000   788801         
  14733  3819      137.0000  1577                    137.0000   792393         
  15027  4042      341.0000   888                    137.0000   796838         
  15303  4323      205.0000  1388                    137.0000   803313         
  15584  4553      341.0000   825                    137.0000   807107         
  15885  4859      341.0000   739                    137.0000   813199         
  16178  5202      273.0000  1249                    137.0000   818102         
  16495  5492      342.0000   201                    137.0000   821212         
Elapsed time = 1090.52 sec. (845480.34 ticks, tree = 913.50 MB, solutions = 0)
  16789  5761      341.0000   836                    137.0000   823755         
* 17083  6033      integral     0      342.0000      137.0000   827244   59.94%
  17095  6001      296.0000  1225      342.0000      137.0000   827094   59.94%
  17340  5391      273.0000  1173      342.0000      137.0000   833686   59.94%
  17624  5586      273.0000  1008      342.0000      137.0000   840355   59.94%
  17937  5879    infeasible            342.0000      137.0000   844983   59.94%
  18256  6143      341.0000   875      342.0000      137.0000   847704   59.94%
  18537  6455      341.0000   797      342.0000      137.0000   851778   59.94%
  18841  6572      341.0000   753      342.0000      137.0000   855458   59.94%
  19136  6889      341.0000   698      342.0000      137.0000   865573   59.94%
  19445  7119      341.0000   647      342.0000      137.0000   871904   59.94%
Elapsed time = 1190.65 sec. (883744.56 ticks, tree = 1196.14 MB, solutions = 1)
  19732  7367      341.0000   558      342.0000      137.0000   874050   59.94%
  20037  7808      327.0000  1469      342.0000      137.0000   879532   59.94%
  20359  8077      341.0000   450      342.0000      137.0000   884301   59.94%
  20689  8444      341.0000   251      342.0000      137.0000   889438   59.94%
  20982  8615      341.0000   159      342.0000      137.0000   890679   59.94%
  21332  9031      341.0000  1268      342.0000      137.0000   899202   59.94%
* 21551  9165      integral     0      341.0000      137.0000   899994   59.82%
  21650  5250      172.0000  2156      341.0000      137.0000   904476   59.82%
  21797  5246      205.0000  1924      341.0000      137.0000   907300   59.82%
  21965  5425      273.0000  1541      341.0000      137.0000   933721   59.82%
  22213  5524      273.0000  1583      341.0000      137.0000   944117   59.82%
Elapsed time = 1295.85 sec. (922013.39 ticks, tree = 908.58 MB, solutions = 2)
  22430  5724      205.0000  2037      341.0000      137.0000   963215   59.82%
  22666  6017      273.0000  1518      341.0000      137.0000   983380   59.82%
  22863  6270      205.0000  2066      341.0000      137.0000  1000610   59.82%
  23075  6360      319.0000  1398      341.0000      137.0000  1002154   59.82%
  23296  6608      273.0000  1603      341.0000      137.0000  1028149   59.82%
  23549  6784      327.0000  1212      341.0000      137.0000  1044238   59.82%
  23799  7074      273.0000  1617      341.0000      137.0000  1056328   59.82%
  24045  7108      273.0000  1523      341.0000      137.0000  1056591   59.82%
  24276  7499      316.0000  1382      341.0000      137.0000  1074808   59.82%
  24480  7626      205.0000  1876      341.0000      137.0000  1080054   59.82%
Elapsed time = 1405.88 sec. (960222.08 ticks, tree = 1294.03 MB, solutions = 2)
  24663  7779      205.0000  1850      341.0000      137.0000  1089505   59.82%
  24872  8046      273.0000  1543      341.0000      137.0000  1121418   59.82%
  25085  8323      273.0000  1439      341.0000      137.0000  1138861   59.82%
  25310  8354      273.0000  1385      341.0000      137.0000  1139104   59.82%
  25546  8765      273.0000  1451      341.0000      137.0000  1166186   59.82%
  25771  8737      205.0000  2041      341.0000      137.0000  1169473   59.82%
  26006  8977      273.0000  1728      341.0000      137.0000  1178278   59.82%
  26252  9167      273.0000  1499      341.0000      137.0000  1188972   59.82%
  26493  9384      273.0000  1623      341.0000      137.0000  1210533   59.82%
  26712  9786      205.0000  2039      341.0000      137.0000  1228334   59.82%
Elapsed time = 1513.83 sec. (998528.46 ticks, tree = 1693.90 MB, solutions = 2)
  26946  9974      205.0000  1862      341.0000      137.0000  1237941   59.82%
  27187 10031      205.0000  1553      341.0000      137.0000  1239211   59.82%
  27429 10315      205.0000  1654      341.0000      137.0000  1251310   59.82%
  27668 10574      315.0000  1339      341.0000      137.0000  1258315   59.82%
  27911 10933      273.0000  1443      341.0000      137.0000  1277854   59.82%
  28156 11163      205.0000  1860      341.0000      137.0000  1283802   59.82%
  28379 11263      273.0000  1594      341.0000      137.0000  1292767   59.82%
  28619 11653      273.0000  1174      341.0000      137.0000  1308631   59.82%
  28893 11800      273.0000  1685      341.0000      137.0000  1315042   59.82%
  29154 12098      274.0000  1297      341.0000      137.0000  1325969   59.82%
Elapsed time = 1618.64 sec. (1036791.90 ticks, tree = 2124.76 MB, solutions = 2)
Nodefile size = 62.82 MB (30.50 MB after compression)
Starting limited solution polishing.
  29426 12002      273.0000  1400      341.0000      137.0000  1321379   59.82%
  29677 12601      274.0000  1439      341.0000      137.0000  1341064   59.82%
  29944 12583      273.0000  1728      341.0000      137.0000  1341456   59.82%
  30205 12957      274.0000   939      341.0000      137.0000  1348995   59.82%
  30446 13156      274.0000  1120      341.0000      137.0000  1351931   59.82%
  30697 13352      273.0000  1501      341.0000      137.0000  1360380   59.82%
  30939 13546      274.0000   991      341.0000      137.0000  1364858   59.82%
  31188 13823      205.0000  1869      341.0000      137.0000  1379326   59.82%
  31435 13992      273.0000  1575      341.0000      137.0000  1385128   59.82%
  31656 14196      273.0000  1465      341.0000      137.0000  1386247   59.82%
Elapsed time = 1722.68 sec. (1075033.63 ticks, tree = 2516.20 MB, solutions = 2)
Nodefile size = 450.48 MB (220.97 MB after compression)
  31881 14352      273.0000  1844      341.0000      137.0000  1397757   59.82%
  32131 14525      273.0000  1626      341.0000      137.0000  1402888   59.82%
  32364 14723      273.0000  1520      341.0000      137.0000  1406539   59.82%
  32594 15258      273.0000  1661      341.0000      137.0000  1429274   59.82%
  32835 15249      273.0000  1705      341.0000      137.0000  1425900   59.82%
  33048 15368      277.0000  1340      341.0000      137.0000  1430948   59.82%
  33270 15716      205.0000  2164      341.0000      137.0000  1448619   59.82%

GUB cover cuts applied:  494
Clique cuts applied:  112
Cover cuts applied:  128
Implied bound cuts applied:  1554
Flow cuts applied:  68
Mixed integer rounding cuts applied:  1575
Zero-half cuts applied:  45
Gomory fractional cuts applied:  5

Root node processing (before b&c):
  Real time             =   64.83 sec. (52340.11 ticks)
Parallel b&c, 8 threads:
  Real time             = 1737.54 sec. (1052575.57 ticks)
  Sync time (average)   =  213.81 sec.
  Wait time (average)   =    0.45 sec.
                          ------------
Total (root+branch&cut) = 1802.37 sec. (1104915.68 ticks)
! --------------------------------------------------------
! Status: FEASIBLE (time limit or other stopping criterion reached)
! Best span = 341
! Labeling: 138 137 205 1 1 69 69 137 69 138 1 69 69 205 70 275 205 205 207 273 160 139 1 69 69 68 273 273 274 135 341 1 275 341 137 341 69 204 207 1 1 207 341 205 275 259 276 1 205 273 205 69 141 137 341 205 3 139 69 277 273 139 205 207 1 341 205 206 206 341 69 69 1 69 143 341 205 71 341 69 273 205 4 137 70 139 70 341 69 138 137 341 340 341 67 69 69 273 206 1 1 341 341 1 258 69 1 273 1 341 138 207 208 69 137 209 1 1 69 273 299 138 73 139 1 137 341 274 276 69 208 205 1 1 341 1 138 69 273 205 205 137 273 295 137 70 207 73 139 1 137 1 341 69 24 341 138 341 275 171 69 137 102 205 275 137 137 139 141 273 69 205 341 272 273 274 209 1 1 341 69 137 205 341 139 207 141 299 73 1 139 341 273 1 69 70 341 5 204 274 341 184 1 341 139 341 274 69 341 213 1 1 137 138 1 142 140 141 273 292 341 69 341 273 69 205 139 138 69 69 1 69 69 209 282 137 102 69 1 136 205 1 1 174 32 207 273 341 69 69 1 2 69 69 273 137 273 170 273 273 69 275 199 1 341 251 207 137 273 1 205 273 279 69 1 140 2 188 70 70 341 137 210 71 1 69 205 210 69 137 137 206 315 69 273 183 208 137 205 205 273 1 207 207 206 69 1 72 209 137 1 206 206 140 5 71 273 137 69 139 273 341 341 273 207 137 137 205 341 138 1 273 138 274 70 72 1 341 138 207 1 207 141 273 73 341 137 140 341 84 341 70 69 297 205 276 341 69 69 1 138 208 136 138 1 138 210 273 205 267 207 140 139 138 137 138 341 341 69 206 228 138 137 137 205 327 69 137 341 1 296 69 69 139 160 1 1 1 1 1 142 141 273 69 1 341 273 273 1 341 71 208 70 206 69 205 207 68 208 273 3 341 137 275 273 69 341 69 273 1 139 138 69 273 276 205 205 72 208 71 273 72 205 139 72 274 69 273 207 140 205 137 1 69 1 69 209 273 1 137 205 139 341 205 92 277 137 4 273 70 205 3 70 69 207 273 207 140 341 70 341 73 1 137 207 69 1 207 69 69 137 92 207 1 341 1 138 141 1 69 1 275 205 34 137 69 275 138 1 137 273 70 138 1 69 69 69 69 341 198 1 205 296 69 1 137 341 69 193 205 137 137 1 163 1 341 138 205 137 72 214 1 139 205 137 273 138 274 160 341 341 139 275 1 1 69 69 1 1 276 229 1 205 1 72 137 69 271 1 69 137 1 205 273 69 69 205 140 205 69 207 341 231 69 276 205 1 1 137 142 273 71 341 137 68 69 73 341 296 273 341 69 160 211 69 341 341 340 206 1 1 137 341 69 275 273 209 137 70 69 15 208 1 69 137 133 133 341 273 137 341 73 69 207 69 138 103 273 137 125 341 69 34 138 140 69 341 1 205 138 273 273 341 205 69 275 142 1 138 73 64 273 72 70 1 273 16 206 341 137 341 140 69 272 69 207 139 273 205 1 2 1 205 1 1 
! --------------------------------------------------------
! All verification passed
