! Solving for graph /home/truongxuanhieu/CPLEX-MIP-for-MinSpanLabeling/benchmarks/abp/D-bcsstk01.mtx.rnd
! Target value is set to 13
! Lower bound is set to 14
! Upper bound is set to 72
! Time limit is set to 1800
! Vertices mode is set to No hole
! Target value mode is set to Antibandwidth
Version identifier: 22.2.0.0 | 2026-05-04 | 5dff98e58
CPXPARAM_TimeLimit                               1800
Tried aggregator 2 times.
MIP Presolve eliminated 178 rows and 132 columns.
MIP Presolve modified 6854 coefficients.
Aggregator did 496 substitutions.
Reduced MIP has 1017 rows, 4269 columns, and 12638 nonzeros.
Reduced MIP has 3644 binaries, 225 generals, 0 SOSs, and 400 indicators.
Presolve time = 0.02 sec. (15.82 ticks)
Probing time = 0.02 sec. (9.31 ticks)
Tried aggregator 1 time.
Detecting symmetries...
Reduced MIP has 1017 rows, 4269 columns, and 12638 nonzeros.
Reduced MIP has 3644 binaries, 273 generals, 0 SOSs, and 400 indicators.
Presolve time = 0.01 sec. (9.02 ticks)
Probing time = 0.01 sec. (3.55 ticks)
Clique table members: 1854.
MIP emphasis: balance optimality and feasibility.
MIP search method: dynamic search.
Parallel mode: deterministic, using up to 8 threads.
Root relaxation solution time = 0.03 sec. (10.62 ticks)

        Nodes                                         Cuts/
   Node  Left     Objective  IInf  Best Integer    Best Bound    ItCnt     Gap

      0     0       14.0000   152                     14.0000      291         
      0     0       14.0000   356                   Cuts: 354      585         
      0     0       14.0000   291                   Cuts: 354      814         
      0     0       14.0000   336                   Cuts: 354     1100         
Detecting symmetries...
      0     2       14.0000   207                     14.0000     1100         
Elapsed time = 1.10 sec. (525.12 ticks, tree = 0.02 MB, solutions = 0)
    487   400       40.0000   145                     14.0000    17352         
    995   828       44.0000   188                     14.0000    38154         
   1629  1249       27.0000   161                     14.0000    60367         
   2298  1879       27.0000   191                     14.0000    93565         
   2823  2279       41.0000   181                     14.1280   117828         
   3219  2713       27.0000   167                     14.1280   149045         

Performing restart 1

Repeating presolve.
Tried aggregator 1 time.
MIP Presolve eliminated 6 rows and 282 columns.
MIP Presolve modified 2562 coefficients.
Reduced MIP has 1011 rows, 3987 columns, and 11786 nonzeros.
Reduced MIP has 3362 binaries, 273 generals, 0 SOSs, and 400 indicators.
Presolve time = 0.01 sec. (6.86 ticks)
Tried aggregator 1 time.
MIP Presolve modified 509 coefficients.
Reduced MIP has 1011 rows, 3987 columns, and 11786 nonzeros.
Reduced MIP has 3362 binaries, 273 generals, 0 SOSs, and 400 indicators.
Presolve time = 0.01 sec. (8.84 ticks)
Represolve time = 0.07 sec. (34.07 ticks)
   3223     0       14.0000   401                   Cuts: 352   155845         
   3223     0       14.0000   432                   Cuts: 352   156677         
   3223     0       14.0267   455                   Cuts: 352   157265         
   3223     0       15.0000   443                   Cuts: 352   157792         
   3223     0       15.0000   436                   Cuts: 352   158179         
   3223     0       15.6611   444                   Cuts: 352   158492         
   3223     0       16.8674   442                   Cuts: 352   158844         
   3223     0       17.5208   407                   Cuts: 352   159262         
   3223     0       18.0000   421                   Cuts: 352   159760         
   3223     0       18.0000   440                   Cuts: 352   160233         
   3223     0       18.0000   466                   Cuts: 352   160981         
   3223     2       18.0000   356                     18.0000   160981         
   3227     5       20.0000   263                     18.0000   161495         
   3255    25       40.0000   273                     18.0000   162664         
   3455   197       27.0000   203                     18.0000   189119         
Elapsed time = 12.71 sec. (6637.19 ticks, tree = 0.28 MB, solutions = 0)
   3929   545       27.0000   276                     18.0000   241594         
   4270   785       40.0000   273                     18.0000   280952         
   4373   908       40.0000   274                     18.0000   349638         
   4664  1073       52.0000   263                     18.0000   420585         
   4758  1159       51.0000   247                     20.0000   495041         
   4888  1222    infeasible                           20.0000   541117         
   4989  1322       40.0000   319                     20.0000   619952         
   5081  1359    infeasible                           20.0000   680850         
   5224  1424       40.0000   313                     27.0000   742550         
   5308  1518       42.0000   296                     27.0000   810660         
Elapsed time = 32.98 sec. (16249.31 ticks, tree = 3.14 MB, solutions = 0)
   5403  1539       53.0000   327                     27.0000   859492         
   5513  1639       53.0000   300                     27.0000   965719         
   5593  1637       27.5200   455                     27.0000   987097         
   5632  1713       40.0000   284                     27.0000  1068389         
   5710  1751       47.0000   272                     27.0000  1115395         
   5803  1799       45.0000   242                     27.0000  1160167         
   5915  1870       56.0000   199                     27.0000  1210618         
   5969  1925       31.0000   392                     27.0000  1285009         
   6033  1952       53.0000   359                     27.0000  1312041         
   6083  1997       34.0000   289                     27.0000  1371992         
Elapsed time = 53.04 sec. (25940.41 ticks, tree = 4.45 MB, solutions = 0)
   6125  2032       40.0000   407                     27.0000  1429235         
   6189  2057       40.0000   255                     27.0000  1474940         
   6244  2101       53.0000   397                     27.0000  1520043         
   6305  2129       57.0000   349                     27.0000  1595479         
   6345  2177       40.0000   356                     27.0000  1667503         
   6379  2202       40.0000   370                     27.0000  1724239         
   6438  2221       40.0000   250                     27.0000  1760172         
   6502  2269       40.0000   313                     27.0000  1816369         
   6575  2345    infeasible                           27.0000  1904719         
   6610  2358       40.0000   423                     27.0000  1937046         
Elapsed time = 72.09 sec. (35614.03 ticks, tree = 5.44 MB, solutions = 0)
   6639  2369       33.0000   356                     27.0000  1957181         
   6666  2385       53.0000   365                     27.0000  1985048         
   6714  2400    infeasible                           27.0000  2019984         
   6753  2438       40.0000   365                     27.0000  2067129         
   6802  2447       53.0000   378                     27.0000  2088958         
   6837  2510       40.0000   276                     27.0000  2172577         

Performing restart 2

Repeating presolve.
Tried aggregator 1 time.
Reduced MIP has 1011 rows, 3987 columns, and 13405 nonzeros.
Reduced MIP has 3362 binaries, 273 generals, 0 SOSs, and 400 indicators.
Presolve time = 0.01 sec. (6.94 ticks)
Tried aggregator 1 time.
MIP Presolve modified 4 coefficients.
Reduced MIP has 1011 rows, 3987 columns, and 13405 nonzeros.
Reduced MIP has 3362 binaries, 273 generals, 0 SOSs, and 400 indicators.
Presolve time = 0.01 sec. (9.77 ticks)
Represolve time = 0.22 sec. (102.83 ticks)
   6848     0       21.0000   603                   Cuts: 352  2241544         
   6848     0       22.0000   474                   Cuts: 352  2243679         
   6848     0       22.0000   473                   Cuts: 352  2244696         
   6848     0       22.0000   475                   Cuts: 352  2247704         
   6848     0       22.0172   502                   Cuts: 352  2250204         
   6848     0       23.0000   448                   Cuts: 352  2250750         
   6848     0       23.0000   445                   Cuts: 352  2251458         
   6848     0       23.0000   483                   Cuts: 352  2252598         
   6848     0       23.0000   474                   Cuts: 352  2253586         
   6848     0       23.0000   457                   Cuts: 352  2254314         
   6848     0       23.0000   437                   Cuts: 352  2255074         
   6848     0       23.0000   402                   Cuts: 352  2255794         
   6848     0       23.0000   434                   Cuts: 352  2256396         
   6848     2       23.0000   223                     27.0000  2256396         
   6872    20       40.0000   173                     27.0000  2257237         
   6933    60       40.0000   274                     27.0000  2269480         
   7012   135       53.0000   279                     27.0000  2285015         
Elapsed time = 107.84 sec. (56016.49 ticks, tree = 0.17 MB, solutions = 0)
   7110   158       53.0000   297                     27.0000  2304396         
   7229   227       27.0000   197                     27.0000  2327905         
   7324   334       53.0000   300                     27.0000  2349972         
   7547   413       45.0000   168                     27.0000  2366981         
   7796   622       30.0000   198                     27.0000  2414381         
   8134   833       40.0000   157                     27.0000  2465662         
   8642   978    infeasible                           27.0000  2508714         
   8883  1423       41.0000   288                     27.0000  2635856         
   9023  1517       40.0000   340                     27.0000  2709983         
   9159  1588    infeasible                           27.0000  2754486         
Elapsed time = 128.00 sec. (65679.11 ticks, tree = 4.51 MB, solutions = 0)
   9218  1663       55.0000   332                     27.0000  2820907         
   9279  1705    infeasible                           27.0000  2891626         
   9333  1735       52.0000   342                     27.0000  2925262         
   9371  1774       44.0000   328                     27.0000  2982492         
   9404  1807       40.0000   454                     27.0000  3063204         
   9446  1815       53.0000   335                     27.0000  3079577         
   9481  1848       41.0000   348                     27.0000  3140107         
   9529  1869       40.0000   306                     27.0000  3189631         
   9570  1898       53.0000   359                     27.0000  3270510         
   9610  1915       41.0000   411                     27.0000  3304076         
Elapsed time = 146.74 sec. (75451.44 ticks, tree = 5.45 MB, solutions = 0)
   9655  1955       58.0000   409                     27.0000  3400869         
   9726  1991       42.0000   273                     27.0000  3436686         
   9778  2008       55.0000   407                     27.0000  3441181         
   9811  2032       45.0000   338                     27.0000  3512588         
   9849  2065       45.0000   309                     27.0000  3574957         
   9889  2070       46.0000   379                     27.0000  3609738         
   9920  2112       54.0000   364                     27.0000  3679177         
   9951  2111       53.0000   408                     27.0000  3676010         
   9982  2141    infeasible                           27.0000  3765890         
  10017  2157       59.0000   419                     27.0000  3830896         
Elapsed time = 165.38 sec. (85244.86 ticks, tree = 7.39 MB, solutions = 0)
  10057  2189       33.5000   428                     27.0000  3908355         
  10077  2198       28.2543   542                     27.0000  3931671         
  10095  2210       42.0000   436                     27.0000  3983078         
  10120  2173       27.0995   512                     27.0000  3866058         
  10168  2223    infeasible                           27.0000  4010693         
  10192  2240       59.0000   417                     27.0000  4085102         
  10218  2243       40.0000   437                     27.0000  4105519         
  10241  2269       40.0000   412                     27.0995  4160357         
  10262  2300       41.0000   448                     27.0995  4243478         
  10289  2306       40.0000   452                     27.0995  4280858         
Elapsed time = 183.40 sec. (95063.18 ticks, tree = 7.97 MB, solutions = 0)
  10305  2324       42.0000   402                     27.0995  4332323         
  10324  2330       40.0000   432                     27.0995  4390272         
  10344  2330       28.0000   569                     27.0995  4415909         
  10365  2351       40.0000   448                     27.0995  4466268         
  10394  2369       40.0000   452                     27.0995  4537931         
  10408  2375       41.0000   365                     28.0000  4561168         
  10423  2384       33.0000   485                     28.0000  4600129         
  10444  2385    infeasible                           28.0000  4606923         
  10464  2387       34.6667   486                     28.0000  4648543         
  10544  2441       41.4177   423                     28.0000  4876809         
Elapsed time = 206.25 sec. (108056.30 ticks, tree = 8.72 MB, solutions = 0)
  10608  2463    infeasible                           28.0000  4973219         
  10679  2505       49.0000   416                     28.0000  5150975         
  10741  2546       46.0000   451                     28.0000  5383444         
  10823  2571       40.0000   465                     28.0000  5503953         
  10888  2617    infeasible                           28.0000  5662923         
  10943  2650       53.0000   443                     28.0000  5865158         
  11029  2674    infeasible                           28.0000  6013925         
  11066  2706       40.0000   434                     28.0000  6134193         
  11111  2740       53.0000   474                     28.0000  6348468         
  11185  2765       46.0000   390                     28.0000  6490143         
Elapsed time = 273.29 sec. (146853.55 ticks, tree = 10.45 MB, solutions = 0)
  11239  2790       33.0000   438                     28.0000  6628211         
  11291  2810       57.0000   442                     28.0000  6763318         
  11336  2847       54.1000   420                     28.0000  6926903         
  11369  2864       33.0000   581                     28.0000  7043658         
  11416  2891       51.0000   545                     28.0000  7225033         
  11453  2911       53.0000   446                     28.0000  7357470         
  11492  2921    infeasible                           28.0000  7441117         
  11532  2941    infeasible                           28.0000  7572792         
  11582  2973       31.5383   541                     28.0000  7813690         
  11624  2977       38.0000   488                     28.0000  7832237         
Elapsed time = 340.96 sec. (185459.98 ticks, tree = 11.72 MB, solutions = 0)
  11670  3030       32.0000   563                     28.0000  8138974         
  11722  3043       57.0000   494                     28.0000  8228267         
  11784  3065       57.0000   472                     28.0000  8345927         
  11830  3116       41.0000   395                     28.0000  8583199         
  11887  3104       30.1200   646                     28.0000  8552673         
  11943  3132       37.9032   522                     28.0000  8765967         
  12018  3163    infeasible                           28.0000  9043896         
  12084  3192       57.0000   495                     28.0000  9145015         
  12125  3217       30.7047   588                     28.0000  9241731         
  12157  3228       29.6250   658                     28.0000  9334651         
Elapsed time = 409.82 sec. (224718.99 ticks, tree = 14.28 MB, solutions = 0)
  12196  3251       40.0000   453                     28.0000  9589886         
  12233  3269       53.0000   419                     28.0000  9778142         
  12277  3289       41.0000   465                     28.0000  9958201         
  12348  3294       42.0000   405                     28.0000  9976076         
  12406  3310       54.0000   486                     28.0000 10132492         
  12444  3310       32.0000   595                     28.0000 10180902         
  12476  3370       33.0000   561                     28.0541 10440435         
  12512  3393    infeasible                           28.2742 10606139         
  12555  3426       46.0000   484                     28.2744 10792190         
  12587  3445       57.0000   466                     28.2744 10978691         
Elapsed time = 477.49 sec. (263993.71 ticks, tree = 16.35 MB, solutions = 0)
  12633  3452       54.0000   527                     28.2771 11026121         
  12683  3471       54.0000   481                     28.2771 11130549         
  12731  3494    infeasible                           28.4456 11239741         
  12773  3546       28.4899   605                     28.4456 11550136         
  12811  3537    infeasible                           28.4456 11502410         
  12852  3564       36.2667   568                     28.4456 11723735         
  12891  3572       57.0000   494                     28.4456 11774485         
  12935  3628       33.4946   582                     28.4456 12121096         
  12992  3642       48.0000   385                     28.4456 12242076         
  13053  3657       34.2429   531                     28.4456 12339081         
Elapsed time = 545.60 sec. (302633.03 ticks, tree = 17.00 MB, solutions = 0)
  13097  3693       53.0000   516                     28.5523 12499060         
  13145  3689       54.0000   454                     28.5551 12497718         
  13186  3725    infeasible                           28.5551 12657792         
  13231  3763       58.0000   457                     28.5551 12909380         
  13263  3774    infeasible                           28.5893 12966249         
  13312  3811    infeasible                           28.5893 13249894         
  13388  3810       40.0238   452                     29.0000 13306035         
  13443  3839       53.0000   496                     29.0000 13432954         
  13487  3891       42.5000   503                     29.0000 13684827         
  13526  3910       40.0000   491                     29.0000 13842855         
Elapsed time = 614.17 sec. (341532.90 ticks, tree = 19.53 MB, solutions = 0)
  13563  3912       47.3434   499                     29.0000 13980575         
  13603  3922       41.2383   486                     29.0000 14091949         
  13652  3948       58.0000   509                     29.0000 14225312         
  13707  3962    infeasible                           29.0000 14335218         
  13771  3972    infeasible                           29.0000 14482442         
  13824  3994       55.0000   447                     29.0000 14596561         
  13862  3997       38.3000   533                     29.0000 14613010         
  13894  4021       42.0000   451                     29.0000 14788910         
  13927  4066    infeasible                           29.0000 15120025         
  13975  4087       46.0000   444                     29.0000 15295928         
Elapsed time = 681.93 sec. (380359.77 ticks, tree = 21.82 MB, solutions = 0)
  14043  4078    infeasible                           29.0000 15231861         
  14096  4108       33.3906   548                     29.0000 15385288         
  14138  4149    infeasible                           29.0000 15699417         
  14175  4155       47.0000   449                     29.0000 15716364         
  14219  4209       45.0000   394                     29.0000 16060028         
  14261  4227       47.0000   459                     29.0000 16166418         
  14295  4228       47.0000   442                     29.0000 16187862         
  14335  4258    infeasible                           29.0000 16464457         
  14387  4277       45.0000   466                     29.0335 16638388         
  14454  4282    infeasible                           29.0335 16544267         
Elapsed time = 752.33 sec. (419239.63 ticks, tree = 22.74 MB, solutions = 0)
  14544  4288       54.0000   491                     29.0427 16768672         
  14634  4315       56.0000   440                     29.4719 16816768         
  14688  4414       43.0000   487                     29.4878 17164825         
  14745  4418       29.7865   664                     29.5387 17179846         
  14787  4426       31.0440   623                     29.6137 17192781         
  14827  4440       41.0000   550                     29.6922 17328700         
  14869  4464       38.0000   525                     29.6922 17451268         
  14896  4516       54.0000   511                     29.6922 17606721         
  14925  4539       34.0000   620                     29.6922 17846989         
  14948  4528       40.0000   525                     29.6922 17766092         
Elapsed time = 821.05 sec. (458665.11 ticks, tree = 27.97 MB, solutions = 0)
  14977  4531       40.0000   495                     29.6922 17784435         
  15003  4599       40.0000   498                     29.6922 18278283         
  15041  4604       53.0000   481                     29.6922 18295906         
  15084  4585    infeasible                           29.7865 18224480         
  15139  4612       29.7865   649                     29.7865 18454243         
  15192  4642       41.0000   544                     29.9497 18512503         
  15252  4661       46.0000   511                     29.9497 18862213         
  15318  4684    infeasible                           30.0000 18911667         
  15367  4717       54.0000   469                     30.0000 19015243         
  15420  4732       53.0000   487                     30.0000 19135297         
Elapsed time = 888.41 sec. (497467.02 ticks, tree = 28.52 MB, solutions = 0)
  15457  4743       43.8981   482                     30.0000 19264081         
  15492  4777       42.0000   494                     30.0000 19440089         
  15518  4797       31.7038   624                     30.0000 19600628         
  15545  4804       42.0000   454                     30.0000 19687247         
  15573  4862    infeasible                           30.0000 20114416         
  15609  4866       54.0000   488                     30.0000 20135569         
  15642  4838       33.0000   606                     30.0000 19928462         
  15677  4850       33.0000   611                     30.0000 20020429         
  15711  4884       42.0000   459                     30.0000 20317566         
  15755  4902       42.0000   505                     30.0000 20551140         
Elapsed time = 958.16 sec. (537322.06 ticks, tree = 30.74 MB, solutions = 0)
  15810  4926       49.2500   501                     30.0000 20763666         
  15883  4926       47.0000   339                     30.0000 20747793         
  15964  4933       59.0000   502                     30.0000 20797731         
  16003  4956       32.4141   541                     30.0000 20908785         
  16029  4945       33.5000   591                     30.0000 20871089         
  16060  4960       36.2071   556                     30.0000 21078635         
  16088  5057       53.0000   522                     30.0000 21482149         
  16111  5060       54.0000   513                     30.0000 21502402         
  16143  5091       55.0000   488                     30.0000 21876760         
  16178  5074       53.0000   451                     30.0000 21626147         
Elapsed time = 1025.82 sec. (576263.06 ticks, tree = 33.54 MB, solutions = 0)
  16233  5124    infeasible                           30.0000 22144200         
  16283  5129       57.0000   460                     30.0000 22160520         
  16345  5131       45.0000   556                     30.0000 22177154         
  16393  5156       38.0000   533                     30.0000 22442964         
  16441  5137       55.0000   495                     30.0000 22281606         
  16499  5216       52.0000   385                     30.0000 22638475         
  16554  5283       41.0000   497                     30.0000 22881759         
  16602  5230       45.0000   498                     30.0000 22710721         
  16654  5292    infeasible                           30.0000 22916024         
  16698  5240       46.2903   538                     30.0000 22784113         
Elapsed time = 1093.86 sec. (614904.91 ticks, tree = 36.77 MB, solutions = 0)
  16727  5374       42.0000   499                     30.0000 23295764         
  16752  5365       36.0993   601                     30.0000 23242209         
  16772  5403       40.0000   570                     30.0000 23500566         
  16796  5383       53.0000   492                     30.0000 23392432         
  16829  5425       36.0993   517                     30.0000 23771728         
  16867  5431       42.0000   442                     30.0000 23790044         
  16908  5433       50.0000   480                     30.0000 23809403         
  16941  5475       43.1142   491                     30.0000 24262595         
  17014  5453       58.0000   471                     30.0000 24085869         
  17085  5466       58.0000   513                     30.0367 24173237         
Elapsed time = 1164.07 sec. (654276.41 ticks, tree = 40.10 MB, solutions = 0)
  17147  5518       55.0000   400                     30.0367 24485583         
  17227  5502       42.0000   489                     30.0367 24449619         
  17307  5559       43.0000   495                     30.0367 24575926         
  17364  5617    infeasible                           30.0367 24996031         
  17448  5701       52.0000   462                     30.0367 25189589         
  17510  5667       55.0000   489                     30.0367 25094652         
  17563  5680    infeasible                           30.0367 25162351         
  17666  5784    infeasible                           30.0367 25510949         
  17727  5752       41.2637   542                     30.0367 25476100         
  17818  5827       49.0000   522                     30.1442 25727564         
Elapsed time = 1232.75 sec. (692867.88 ticks, tree = 47.59 MB, solutions = 0)
  17879  5811       36.1254   561                     30.1448 25627193         
  17944  5906       50.0000   492                     30.6048 25979422         
  18009  5942    infeasible                           30.7791 26160810         
  18057  5947       58.0000   493                     30.7791 26175874         
  18109  5983       40.1389   510                     30.8484 26321411         
  18168  5941       37.0000   563                     31.0000 26152711         
  18247  5991       56.0000   525                     31.0000 26417109         
  18295  5990       34.2187   555                     31.0000 26433749         
  18343  6105       47.0000   495                     31.0000 26808291         
  18397  6091    infeasible                           31.0000 26770146         
Elapsed time = 1305.72 sec. (732035.87 ticks, tree = 54.93 MB, solutions = 0)
  18437  6112       36.0000   536                     31.0000 26837027         
  18474  6100       56.0000   493                     31.0000 26800077         
  18499  6145       47.0938   507                     31.0000 27121158         
  18524  6158       44.1550   497                     31.0000 27177275         
  18548  6193       55.0000   490                     31.0000 27277806         
  18572  6266    infeasible                           31.0000 27731511         
  18613  6247       56.0000   501                     31.0000 27476009         
  18655  6259    infeasible                           31.0000 27651158         
  18703  6302    infeasible                           31.0000 28112603         
  18752  6281       44.0000   532                     31.0000 27855478         
Elapsed time = 1373.82 sec. (771179.67 ticks, tree = 59.66 MB, solutions = 0)
  18804  6313       56.0000   446                     31.0000 28144656         
  18849  6369       31.0506   628                     31.0000 28503449         
  18899  6391       43.0000   457                     31.0000 28575622         
  18953  6334       48.5000   464                     31.0000 28331107         
  18995  6377       57.0000   509                     31.0000 28545906         
  19040  6447       40.0000   568                     31.0000 28878690         
  19101  6419       55.0000   494                     31.0000 28757594         
  19158  6455       49.0000   516                     31.0000 28907519         
  19237  6446       56.0000   528                     31.1108 28844047         
  19299  6507       43.0000   494                     31.1296 29193736         
Elapsed time = 1443.48 sec. (810340.41 ticks, tree = 61.36 MB, solutions = 0)
  19360  6513       57.0000   487                     31.1307 29251611         
  19418  6577       41.4240   582                     31.1673 29524704         
  19473  6554       32.0524   620                     31.1973 29478126         
  19527  6589    infeasible                           31.2586 29626216         
  19575  6661    infeasible                           31.2586 29822805         
  19618  6698       41.0000   538                     31.2609 29960952         
  19657  6782       43.0000   505                     31.3402 30256156         
  19692  6723       46.0000   445                     31.3402 30061395         
  19719  6794       31.6459   680                     31.3930 30325165         
  19753  6756    infeasible                           31.3930 30235966         
Elapsed time = 1512.06 sec. (849008.72 ticks, tree = 68.68 MB, solutions = 0)
  19781  6728       39.0000   557                     31.3953 30115278         
  19815  6861       46.2903   469                     31.3953 30839080         
  19865  6883       41.0000   551                     31.3953 30956851         
  19914  6905    infeasible                           31.3953 31111748         
  19969  6897       41.0000   482                     31.3953 31040819         
  20024  6903       42.0000   476                     31.3953 31057331         
  20100  6963       47.0417   462                     31.4993 31495137         
  20154  6917       37.0000   590                     31.5383 31238770         
  20204  6968       54.0000   435                     31.9346 31521556         
  20241  7024       41.2037   515                     31.9346 31758870         
Elapsed time = 1580.34 sec. (887584.42 ticks, tree = 74.92 MB, solutions = 0)
  20290  6968       32.7660   673                     31.9469 31547540         
  20328  7058    infeasible                           31.9469 31923772         
  20372  7044       50.0000   496                     32.0000 31867138         
  20422  7110    infeasible                           32.0000 32276060         
  20470  7122       54.0000   453                     32.0000 32290380         
  20523  7130    infeasible                           32.0000 32305502         
  20580  7154    infeasible                           32.0000 32463236         
  20627  7132       37.0000   625                     32.0000 32281614         
  20672  7137       53.0000   537                     32.0000 32341795         
  20728  7169       55.0000   491                     32.0000 32507237         
Elapsed time = 1650.03 sec. (926587.37 ticks, tree = 77.49 MB, solutions = 0)
  20797  7222    infeasible                           32.0000 32814252         
  20838  7251       40.0000   523                     32.0000 32977236         
  20901  7257       54.0000   495                     32.0000 32992991         
  20962  7361       47.0000   470                     32.0000 33275218         
  21042  7298       42.0000   474                     32.0000 33160683         
  21107  7400       46.0000   473                     32.0000 33443495         
  21173  7490       55.0000   508                     32.0000 33833782         
  21229  7455       57.0000   540                     32.0000 33617998         
  21269  7494       46.0000   472                     32.0000 33861782         
  21315  7474       35.0000   524                     32.0000 33802948         
Elapsed time = 1719.17 sec. (965376.78 ticks, tree = 84.56 MB, solutions = 0)
  21349  7519       48.0000   548                     32.0000 34027798         
  21383  7526       50.0000   511                     32.0000 33970799         
  21418  7615       42.0000   556                     32.0000 34352016         
  21452  7589       59.0000   483                     32.0000 34218217         
  21491  7634       45.2469   450                     32.0000 34461328         
  21531  7665       53.0000   452                     32.0000 34711612         
  21566  7599    infeasible                           32.0000 34337036         
  21620  7650       55.0000   436                     32.0000 34568722         
  21666  7718       54.0000   443                     32.0000 35002051         
  21709  7683       55.0000   482                     32.0000 34767149         
Elapsed time = 1788.16 sec. (1004411.87 ticks, tree = 90.67 MB, solutions = 0)
  21752  7696       40.0833   518                     32.0000 34879043         

GUB cover cuts applied:  1396
Clique cuts applied:  83
Cover cuts applied:  435
Implied bound cuts applied:  264
Flow cuts applied:  12
Mixed integer rounding cuts applied:  569
Zero-half cuts applied:  25
Lift and project cuts applied:  1
Gomory fractional cuts applied:  32

Root node processing (before b&c):
  Real time             =    1.09 sec. (524.03 ticks)
Parallel b&c, 8 threads:
  Real time             = 1798.92 sec. (1011163.72 ticks)
  Sync time (average)   =   87.53 sec.
  Wait time (average)   =    0.04 sec.
                          ------------
Total (root+branch&cut) = 1800.02 sec. (1011687.75 ticks)
! --------------------------------------------------------
! Problem is UNKNOWN
! CPLEX Status = AbortTimeLim
! --------------------------------------------------------
