! Solving for graph /home/truongxuanhieu/CPLEX-MIP-for-MinSpanLabeling/benchmarks/abp/F-curtis54.mtx.rnd
! Target value is set to 19
! Lower bound is set to 20
! Upper bound is set to 81
! Time limit is set to 1800
! Vertices mode is set to No hole
! Target value mode is set to Antibandwidth
Version identifier: 22.2.0.0 | 2026-05-04 | 5dff98e58
CPXPARAM_TimeLimit                               1800
Tried aggregator 2 times.
MIP Presolve eliminated 126 rows and 148 columns.
MIP Presolve modified 8688 coefficients.
Aggregator did 410 substitutions.
Reduced MIP has 848 rows, 4993 columns, and 14859 nonzeros.
Reduced MIP has 4512 binaries, 179 generals, 0 SOSs, and 302 indicators.
Presolve time = 0.02 sec. (17.95 ticks)
Probing time = 0.03 sec. (12.41 ticks)
Tried aggregator 1 time.
Detecting symmetries...
Reduced MIP has 848 rows, 4993 columns, and 14859 nonzeros.
Reduced MIP has 4512 binaries, 233 generals, 0 SOSs, and 302 indicators.
Presolve time = 0.01 sec. (10.20 ticks)
Probing time = 0.02 sec. (3.76 ticks)
Clique table members: 2582.
MIP emphasis: balance optimality and feasibility.
MIP search method: dynamic search.
Parallel mode: deterministic, using up to 8 threads.
Root relaxation solution time = 0.02 sec. (11.86 ticks)

        Nodes                                         Cuts/
   Node  Left     Objective  IInf  Best Integer    Best Bound    ItCnt     Gap

      0     0       20.0000   136                     20.0000      302         
      0     0       20.0000   336                   Cuts: 312      546         
      0     0       20.0000   286                   Cuts: 312      759         
      0     0       20.0000   248                   Cuts: 312     1054         
      0     0       20.0000   273                   Cuts: 312     1380         
Detecting symmetries...
      0     2       20.0000   159                     20.0000     1380         
Elapsed time = 1.31 sec. (660.99 ticks, tree = 0.02 MB, solutions = 0)
    215   167       40.0000   174                     20.0000    20459         
    527   407       58.0000   184                     20.0000    38709         
    813   637       69.1644   287                     20.0000    67502         
    914   754       39.0000   149                     20.0000    90208         
   1201   925       58.0000   173                     20.0000   105856         
   1492  1220       58.0000   175                     20.0000   138705         
   1729  1415       60.0000   156                     20.0000   165420         
   1960  1568       39.0000   207                     20.0000   190513         
   2105  1724       39.0000   156                     20.0000   224537         
   2975  2319       39.0000   138                     20.0000   314122         
Elapsed time = 7.37 sec. (3769.92 ticks, tree = 9.07 MB, solutions = 0)

Performing restart 1

Repeating presolve.
Tried aggregator 1 time.
MIP Presolve eliminated 0 rows and 12 columns.
MIP Presolve modified 2 coefficients.
Reduced MIP has 848 rows, 4981 columns, and 14823 nonzeros.
Reduced MIP has 4500 binaries, 233 generals, 0 SOSs, and 302 indicators.
Presolve time = 0.01 sec. (7.68 ticks)
Tried aggregator 1 time.
MIP Presolve modified 22 coefficients.
Reduced MIP has 848 rows, 4981 columns, and 14823 nonzeros.
Reduced MIP has 4500 binaries, 233 generals, 0 SOSs, and 302 indicators.
Presolve time = 0.01 sec. (10.47 ticks)
Represolve time = 0.08 sec. (43.35 ticks)
   3384     0       20.0000   309                   Cuts: 312   362222         
   3384     0       20.0000   299                   Cuts: 312   363162         
   3384     0       20.4603   402                   Cuts: 312   363941         
   3384     0       21.0000   417                   Cuts: 312   364365         
   3384     0       21.4157   469                   Cuts: 312   365072         
   3384     0       22.6350   438                   Cuts: 312   366059         
   3384     0       23.0000   441                   Cuts: 312   366626         
   3384     0       23.0000   443                   Cuts: 312   367279         
   3384     0       23.0000   380                   Cuts: 312   368298         
   3384     0       23.0000   431                   Cuts: 312   369203         
   3384     0       23.0000   394                   Cuts: 312   369980         
   3384     0       23.0000   415                   Cuts: 312   371184         
   3384     2       23.0000   337                     23.0000   371184         
   3553   141       41.0000   266                     23.0000   383121         
   3640   177       58.0000   247                     23.0000   419422         
   3828   341       41.0000   256                     23.0000   455673         
   3883   358       58.0000   232                     24.4452   522584         
   4093   417    infeasible                           24.4452   561574         
   4265   584       39.0000   300                     39.0000   616990         
   4331   619       39.0000   253                     39.0000   635498         
   4477   709       40.1136   375                     39.0000   722708         
   4620   800       39.0000   350                     39.0000   776174         
Elapsed time = 33.75 sec. (17248.14 ticks, tree = 5.05 MB, solutions = 0)
   4651   874       42.0000   356                     39.0000   844009         
   4678   890       42.0000   310                     39.0000   877634         
   4703   894    infeasible                           39.0000   919558         
   4743   916       50.0000   338                     39.0000   963784         
   4777   940       61.0000   346                     39.0000   996948         
   4815   955       55.0000   368                     39.0000  1023882         
   4838   972       58.0000   349                     39.0000  1059066         
   4881   998       54.0000   295                     39.0000  1112285         
   4937   995    infeasible                           39.0000  1119615         
   4991  1042    infeasible                           39.0000  1163884         
Elapsed time = 51.99 sec. (27037.21 ticks, tree = 7.09 MB, solutions = 0)
   5021  1100       60.0000   307                     39.0000  1203387         
   5060  1112       60.0000   304                     39.0000  1259694         
   5098  1113       42.5019   419                     39.0000  1290465         
   5146  1149       60.0000   313                     39.0000  1330890         
   5191  1151    infeasible                           39.0000  1363623         
   5275  1192       61.0000   281                     39.0000  1399083         
   5343  1255    infeasible                           39.0000  1473974         
   5380  1255    infeasible                           39.0000  1481684         
   5414  1320       58.0000   317                     39.0000  1543946         
   5454  1276       39.0000   449                     39.0000  1499401         
Elapsed time = 69.78 sec. (36828.15 ticks, tree = 10.44 MB, solutions = 0)
   5494  1364       58.0000   294                     39.0000  1616939         
   5534  1392    infeasible                           39.0000  1667062         
   5571  1409       40.0000   360                     39.0000  1673873         
   5608  1417       58.0000   301                     39.0000  1722689         
   5643  1459       65.0000   335                     39.0000  1791958         
   5671  1478       48.0000   318                     39.0000  1831994         
   5697  1476       58.0000   387                     39.0000  1852976         
   5737  1482       58.0000   358                     39.0000  1855725         
   5781  1502       39.2665   421                     39.0000  1953238         
   5813  1502    infeasible                           39.0000  1959218         
Elapsed time = 89.61 sec. (46752.24 ticks, tree = 13.07 MB, solutions = 0)
   5850  1544       48.5000   378                     39.0000  2019042         
   5904  1560    infeasible                           39.0000  2062765         
   5961  1562       40.0000   392                     39.0000  2067861         
   5992  1638       39.0000   372                     39.0000  2115517         
   6031  1644       58.0000   294                     39.0000  2119879         
   6084  1665    infeasible                           39.0000  2150545         
   6128  1703       58.0388   358                     39.0000  2216411         
   6174  1743       58.0000   277                     39.0000  2292591         
   6238  1733       40.3771   411                     39.0000  2277126         
   6287  1753       58.0000   410                     39.0000  2313488         
Elapsed time = 108.21 sec. (56593.38 ticks, tree = 16.03 MB, solutions = 0)
   6364  1783       43.6126   423                     39.0000  2343539         
   6415  1815       39.5479   444                     39.0000  2380139         
   6438  1891    infeasible                           39.0000  2448502         
   6466  1883    infeasible                           39.0000  2442895         
   6496  1921       67.0000   339                     39.0000  2551983         
   6527  1916       42.1549   427                     39.0000  2531805         
   6549  1946       58.0000   349                     39.0000  2587722         
   6586  1967       58.0000   348                     39.0000  2644873         
   6616  1957       67.0000   415                     39.0000  2616824         
   6641  1982       54.0000   330                     39.0000  2702610         
Elapsed time = 125.84 sec. (66377.54 ticks, tree = 20.43 MB, solutions = 0)
   6672  2008       62.0000   265                     39.0000  2730440         
   6717  2013       59.0000   361                     39.0000  2757497         
   6812  2033       41.5292   429                     39.0000  2776599         
   6868  2057       58.0389   353                     39.0000  2818153         

Performing restart 2

Repeating presolve.
Tried aggregator 1 time.
Reduced MIP has 848 rows, 4981 columns, and 17532 nonzeros.
Reduced MIP has 4500 binaries, 233 generals, 0 SOSs, and 302 indicators.
Presolve time = 0.01 sec. (8.52 ticks)
Tried aggregator 1 time.
MIP Presolve modified 3 coefficients.
Reduced MIP has 848 rows, 4981 columns, and 17532 nonzeros.
Reduced MIP has 4500 binaries, 233 generals, 0 SOSs, and 302 indicators.
Presolve time = 0.02 sec. (12.01 ticks)
Represolve time = 0.22 sec. (122.11 ticks)
   6895     0       25.0169   643                   Cuts: 312  2945367         
   6895     0       26.0000   627                   Cuts: 312  2947562         
   6895     0       26.8289   586                   Cuts: 312  2950551         
   6895     0       27.0330   597                   Cuts: 312  2953320         
   6895     0       28.0000   550                   Cuts: 312  2954679         
   6895     0       28.0000   481                   Cuts: 312  2957633         
   6895     0       28.7778   531                   Cuts: 312  2958697         
   6895     0       29.0000   511                   Cuts: 312  2959967         
   6895     0       29.2032   510                   Cuts: 312  2961650         
   6895     0       30.0000   478                   Cuts: 312  2962608         
   6895     0       30.0000   459                   Cuts: 312  2963704         
   6895     0       30.2895   480                   Cuts: 312  2964908         
   6895     0       30.5378   460                   Cuts: 312  2966568         
   6895     0       30.5418   442                   Cuts: 312  2967631         
   6895     0       30.5418   446                   Cuts: 312  2968342         
   6895     2       31.0000   293                     39.0000  2968342         
   6959    44       58.0000   295                     39.0000  2974429         
   7107   177    infeasible                           39.0000  3000131         
   7128   185       39.0000   412                     39.0000  3026331         
   7140   184       39.0000   357                     39.0000  3023957         
   7149   192       58.0000   404                     39.0000  3062831         
Elapsed time = 161.95 sec. (88568.44 ticks, tree = 0.51 MB, solutions = 0)
   7165   196       39.0000   413                     39.0000  3105237         
   7177   204       58.0000   388                     39.0000  3153714         
   7193   202       58.0000   420                     39.0000  3147523         
   7207   216       58.0000   394                     39.0000  3227385         
   7225   221    infeasible                           39.0000  3269543         
   7239   225    infeasible                           39.0000  3289923         
   7257   231       60.0000   389                     39.0000  3334552         
   7278   244       70.0000   393                     39.0000  3385329         
   7292   251    infeasible                           39.0000  3414013         
   7312   253       61.0000   337                     39.0000  3419256         
Elapsed time = 179.58 sec. (98562.15 ticks, tree = 0.64 MB, solutions = 0)
   7331   268       39.0000   475                     39.0000  3493310         
   7346   269       39.0000   468                     39.0000  3515391         
   7360   283       65.0000   426                     39.0000  3538941         
   7376   289       68.0000   377                     39.0000  3598118         
   7401   298       47.0000   430                     39.0000  3656681         
   7417   302       58.0000   418                     39.0000  3668835         
   7433   315       58.0000   372                     39.0000  3706867         
   7448   311       39.0000   429                     39.0000  3686882         
   7463   335       39.0000   375                     39.0000  3766931         
   7512   348       61.0000   364                     39.0000  3842695         
Elapsed time = 200.17 sec. (111583.71 ticks, tree = 1.38 MB, solutions = 0)
   7572   378    infeasible                           39.0000  4047589         
   7602   377       40.0000   466                     39.0000  4053626         
   7637   412       52.0000   442                     39.0000  4263804         
   7696   429    infeasible                           39.0000  4430581         
   7743   434    infeasible                           39.0000  4474737         
   7779   443       42.6919   456                     39.0000  4579599         
   7807   457       40.0348   463                     39.0000  4679280         
   7851   464    infeasible                           39.0000  4867780         
   7893   471       62.0000   405                     39.0000  4929609         
   7934   490       58.0000   453                     39.0000  5010718         
Elapsed time = 263.17 sec. (150987.40 ticks, tree = 2.46 MB, solutions = 0)
   7995   502       48.9152   449                     39.0000  5099030         
   8043   541       58.0000   472                     39.0000  5252796         
   8094   574       40.0000   514                     39.0000  5460164         
   8116   571    infeasible                           39.0000  5487585         
   8140   583       42.8458   506                     39.0000  5622050         
   8169   586       58.0000   451                     39.0000  5640384         
   8200   613       60.0000   439                     39.0000  5929629         
   8252   623    infeasible                           39.0000  6001191         
   8296   635    infeasible                           39.0000  6093944         
   8324   641       55.0000   445                     39.0000  6158757         
Elapsed time = 326.34 sec. (190402.45 ticks, tree = 4.44 MB, solutions = 0)
   8343   642    infeasible                           39.0000  6172325         
   8362   656       40.0000   535                     39.0000  6243677         
   8384   690       39.7654   541                     39.0000  6443815         
   8418   714       58.0000   512                     39.0000  6629510         
   8446   703    infeasible                           39.0000  6535673         
   8480   729    infeasible                           39.0000  6810727         
   8525   744       60.0000   470                     39.0000  6916099         
   8562   730       55.0000   515                     39.0000  6838704         
   8587   766       61.0000   421                     39.0000  7000945         
   8608   767       39.5000   602                     39.0000  7051088         
Elapsed time = 389.41 sec. (230048.92 ticks, tree = 6.09 MB, solutions = 0)
   8635   786    infeasible                           39.0000  7392595         
   8675   787    infeasible                           39.0000  7377767         
   8702   799    infeasible                           39.0000  7532108         
   8724   794       42.0000   507                     39.0000  7476309         
   8749   813       59.0000   477                     39.0000  7776944         
   8779   815    infeasible                           39.0000  7792011         
   8797   819       58.0000   464                     39.0000  7937884         
   8822   827    infeasible                           39.0000  7992547         
   8843   834    infeasible                           39.0000  8109517         
   8860   832       48.0000   519                     39.0000  8160106         
Elapsed time = 452.45 sec. (269027.25 ticks, tree = 6.36 MB, solutions = 0)
   8878   841    infeasible                           39.0000  8362931         
   8905   850    infeasible                           39.0000  8337962         
   8933   840       58.0000   504                     39.0000  8476288         
   8954   859       58.0000   430                     39.0000  8689620         
   8996   870       58.0000   535                     39.0000  8758099         
   9014   859       40.0242   545                     39.0000  8672840         
   9039   868       45.2593   535                     39.0000  8824608         
   9064   891       40.0000   570                     39.6415  8968999         
   9095   888    infeasible                           39.7677  8961342         
   9118   889    infeasible                           39.8312  9048464         
Elapsed time = 516.98 sec. (309056.04 ticks, tree = 7.23 MB, solutions = 0)
   9141   898    infeasible                           39.8312  9144690         
   9173   906       58.0000   425                     39.8612  9226407         
   9195   915       40.0000   599                     39.8612  9351481         
   9231   911    infeasible                           39.9030  9530504         
   9248   918    infeasible                           40.0000  9613261         
   9294   931    infeasible                           40.0000  9776323         
   9313   933       40.0000   585                     40.0000  9784053         
   9354   949       59.0000   415                     40.0000  9946382         
   9382   960       62.0000   423                     40.0000  9896844         
   9421   950       41.0000   543                     40.0000 10048268         
Elapsed time = 580.45 sec. (348673.53 ticks, tree = 8.16 MB, solutions = 0)
   9467   974       60.0000   473                     40.0000 10224399         
   9512   974       58.0000   521                     40.0000 10348095         
   9542   972       59.0000   497                     40.0000 10213696         
   9572   991       60.0000   445                     40.0000 10481449         
   9600   975       41.8387   576                     40.0000 10382274         
   9622  1007       41.8387   585                     40.0000 10706292         
   9645  1008    infeasible                           40.0000 10778604         
   9676  1030       66.9839   554                     40.0000 10906301         
   9711  1011    infeasible                           40.0000 10766967         
   9748  1028    infeasible                           40.0000 10976497         
Elapsed time = 643.30 sec. (387806.27 ticks, tree = 9.29 MB, solutions = 0)
   9773  1039       61.0000   453                     40.0000 11093948         
   9811  1038    infeasible                           40.0000 11177263         
   9837  1044       61.0000   418                     40.0000 11268109         
   9868  1041       59.0000   472                     40.0000 11311981         
   9911  1070       46.0000   532                     40.0000 11498344         
   9943  1061       43.3995   505                     40.0000 11482162         
   9978  1099       60.0000   502                     40.0000 11819853         
  10030  1089       60.5333   479                     40.0000 11762443         
  10053  1099       59.0000   460                     40.0000 11840804         
  10087  1111       61.0000   497                     40.0000 11985605         
Elapsed time = 710.69 sec. (427559.10 ticks, tree = 11.56 MB, solutions = 0)
  10117  1118       60.0000   511                     40.2247 12129305         
  10146  1117       58.0000   570                     40.2247 12197416         
  10176  1126    infeasible                           40.2247 12327346         
  10209  1133       44.0000   526                     40.3434 12420601         
  10249  1129       60.0000   491                     40.7534 12385672         
  10282  1140    infeasible                           40.7534 12442877         
  10310  1135       50.0920   519                     40.7813 12544696         
  10349  1160       58.0000   564                     41.0000 12878701         
  10381  1158    infeasible                           41.0000 12892704         
  10406  1161    infeasible                           41.0000 12855041         
Elapsed time = 774.14 sec. (466790.97 ticks, tree = 12.43 MB, solutions = 0)
  10435  1160    infeasible                           41.0000 12912679         
  10457  1170    infeasible                           41.0000 13068644         
  10489  1183       57.0000   545                     41.0000 13332567         
  10513  1181    infeasible                           41.0000 13346186         
  10550  1180    infeasible                           41.0000 13450545         
  10579  1180       60.0000   540                     41.0000 13507577         
  10609  1186       60.0000   455                     41.0000 13683467         
  10651  1181    infeasible                           41.0000 13607089         
  10681  1195       62.0000   491                     41.0000 13851648         
  10717  1183       59.0000   452                     41.6487 13824932         
Elapsed time = 838.12 sec. (505765.80 ticks, tree = 12.68 MB, solutions = 0)
  10748  1187       59.0000   482                     41.7273 14033035         
  10786  1187       60.0000   532                     41.7273 14087241         
  10818  1202       60.0000   512                     42.0000 14332163         
  10845  1206       61.0028   486                     42.0000 14394439         
  10870  1208    infeasible                           42.0000 14481956         
  10904  1207       58.0000   530                     42.5243 14494557         
  10924  1204    infeasible                           43.0000 14385060         
  10948  1232    infeasible                           43.0000 14742734         
  10973  1214    infeasible                           43.0000 14579700         
  11001  1237       59.0000   541                     43.0000 14818674         
Elapsed time = 901.58 sec. (544924.34 ticks, tree = 14.18 MB, solutions = 0)
  11036  1251       70.0000   489                     43.0000 14867790         
  11074  1256    infeasible                           43.0000 15068588         
  11111  1255    infeasible                           43.0000 15081801         
  11148  1275       46.0000   520                     43.0000 15270452         
  11181  1292    infeasible                           43.0000 15438647         
  11224  1266    infeasible                           43.0000 15252218         
  11255  1305       64.0000   481                     43.1148 15511542         
  11292  1277    infeasible                           43.1148 15374067         
  11327  1312       49.0000   501                     43.1148 15687387         
  11362  1311    infeasible                           44.0000 15772764         
Elapsed time = 965.73 sec. (583914.75 ticks, tree = 15.63 MB, solutions = 0)
  11392  1315    infeasible                           44.4173 15873614         
  11437  1316    infeasible                           45.0000 15884441         
  11495  1325    infeasible                           45.4360 16063849         
  11531  1330       60.0000   477                     46.0000 16008966         
  11576  1340       60.0000   487                     46.0000 16307032         
  11624  1338       52.0000   506                     46.0000 16375344         
  11658  1345       62.0000   499                     46.0000 16523263         
  11698  1338       58.0000   509                     46.0000 16396783         
  11738  1353       48.0000   511                     47.0000 16681007         
  11771  1355       64.0000   500                     47.0000 16650236         
Elapsed time = 1029.78 sec. (623243.69 ticks, tree = 17.02 MB, solutions = 0)
  11804  1355       62.0000   480                     47.0000 16662410         
  11831  1359    infeasible                           47.0000 17050173         
  11857  1353    infeasible                           47.0000 17012586         
  11888  1357       60.0000   448                     47.0000 16960161         
  11909  1355       59.2179   503                     47.0000 17034513         
  11938  1357    infeasible                           47.2966 16986680         
  11969  1370       60.0000   531                     47.2966 17258254         
  12003  1387    infeasible                           48.0000 17465293         
  12045  1385    infeasible                           48.0000 17371793         
  12093  1399       62.0000   431                     48.0000 17723433         
Elapsed time = 1093.68 sec. (662420.60 ticks, tree = 17.88 MB, solutions = 0)
  12127  1386       63.0000   574                     48.0000 17499118         
  12165  1395       66.0000   526                     48.0000 17710129         
  12206  1396    infeasible                           48.0000 17807743         
  12243  1415       64.0000   511                     48.0000 18067908         
  12282  1422       53.0000   560                     48.0000 18169593         
  12317  1429       60.0381   472                     48.0000 18036879         
  12346  1408       59.0000   566                     48.0000 17990823         
  12380  1415       58.0000   594                     48.0000 18166154         
  12413  1436       58.0000   484                     49.0000 18571693         
  12451  1426       67.2143   533                     49.0000 18431003         
Elapsed time = 1156.74 sec. (701416.65 ticks, tree = 18.64 MB, solutions = 0)
  12484  1424       52.0000   533                     49.0000 18382958         
  12511  1438    infeasible                           49.0000 18608481         
  12546  1437    infeasible                           49.0000 18621265         
  12568  1439       58.0000   457                     50.0000 18633923         
  12599  1441    infeasible                           50.0000 18980696         
  12633  1441    infeasible                           51.0000 19096597         
  12664  1442       59.0000   500                     51.0000 18920044         
  12694  1447       58.0000   550                     51.0000 19080903         
  12731  1448    infeasible                           51.0000 19384866         
  12768  1453    infeasible                           51.0000 19288436         
Elapsed time = 1221.18 sec. (740230.33 ticks, tree = 19.67 MB, solutions = 0)
  12804  1442    infeasible                           51.0000 19210776         
  12838  1456       58.0000   546                     51.0000 19538011         
  12869  1445       59.0000   542                     51.0000 19251750         
  12906  1455       59.0000   494                     54.0000 19499342         
  12935  1458       58.0000   534                     55.0000 19572237         
  12962  1443       59.0000   537                     55.0000 19674612         
  12995  1455    infeasible                           55.0000 20030107         
  13027  1451       58.0000   493                     55.0000 19874703         
  13062  1456    infeasible                           55.0000 20052946         
  13096  1456       58.0000   533                     55.0000 20065774         
Elapsed time = 1290.19 sec. (779361.37 ticks, tree = 20.06 MB, solutions = 0)
  13131  1450       59.0000   446                     56.0000 20181653         
  13160  1440       58.0000   543                     56.0000 20582765         
  13189  1442       58.0000   509                     56.0000 20525599         
  13215  1439       61.0000   499                     56.0000 20462403         
  13234  1432       58.0000   523                     56.7500 20674694         
  13258  1436       77.0000   501                     56.7500 20813653         
  13290  1430       58.9713   439                     56.7500 20938929         
  13319  1431       60.9056   425                     56.7500 20954201         
  13352  1428       58.0000   543                     56.7500 21016914         
  13371  1440       60.0161   464                     56.7500 21103016         
Elapsed time = 1358.02 sec. (818459.84 ticks, tree = 20.52 MB, solutions = 0)
  13400  1441    infeasible                           58.0000 21115613         
  13430  1421       58.0000   509                     58.0000 21255116         
  13458  1420    infeasible                           58.0000 21637682         
  13487  1420       58.0000   558                     58.0000 21685865         
  13514  1408    infeasible                           58.0000 21410442         
  13546  1410    infeasible                           58.0000 21872046         
  13582  1422       59.0000   462                     58.0000 21777843         
  13612  1421       64.0000   478                     58.0000 21728877         
  13641  1423       60.5287   476                     58.0000 22198866         
  13681  1416       60.0000   474                     58.0000 22059645         
Elapsed time = 1424.92 sec. (858224.16 ticks, tree = 20.34 MB, solutions = 0)
  13714  1415    infeasible                           58.0000 22071141         
  13742  1427       58.0000   465                     58.0000 22272153         
  13774  1425       58.0000   460                     58.0000 22242401         
  13807  1434       58.0000   508                     58.0000 22357348         
  13830  1448    infeasible                           58.0000 22475489         
  13863  1465       58.0000   417                     58.0000 22783941         
  13898  1451       58.0000   495                     58.0000 22497406         
  13925  1475       58.0000   484                     58.0000 23065405         
  13971  1474       60.0000   482                     58.0000 23008869         
  13996  1451       60.0000   487                     58.0000 22706884         
Elapsed time = 1493.39 sec. (898840.11 ticks, tree = 21.56 MB, solutions = 0)
  14017  1476    infeasible                           58.0000 23093830         
  14052  1488    infeasible                           58.0000 23424319         
  14078  1473       60.0000   504                     58.0000 23046213         
  14108  1485    infeasible                           58.0000 23334544         
  14137  1492       58.0000   530                     58.0000 23687181         
  14164  1484       58.1351   516                     58.0000 23352668         
  14187  1492       58.1616   454                     58.0000 23708036         
  14226  1498       59.0000   474                     58.0000 23824508         
  14250  1494       64.0000   426                     58.0000 23957246         
  14283  1487    infeasible                           58.0000 24020505         
Elapsed time = 1559.27 sec. (938117.84 ticks, tree = 23.32 MB, solutions = 0)
  14308  1497    infeasible                           58.0000 23919708         
  14337  1498       58.0000   507                     58.0000 23930721         
  14361  1497    infeasible                           58.0000 23943110         
  14399  1497       58.0403   460                     58.0000 23956029         
  14433  1491    infeasible                           58.0000 24306633         
  14473  1498    infeasible                           58.0000 24513078         
  14519  1497    infeasible                           58.0000 24476374         
  14555  1474    infeasible                           58.0000 24737257         
  14580  1488    infeasible                           58.0000 24345693         
  14602  1474       58.0000   580                     58.0000 24934669         
Elapsed time = 1624.32 sec. (977547.47 ticks, tree = 23.53 MB, solutions = 0)
  14631  1483    infeasible                           58.0000 24639707         
  14659  1477    infeasible                           58.0000 24787887         
  14683  1468       69.0000   536                     58.0000 25175562         
  14706  1466    infeasible                           58.0000 25321499         
  14726  1476       58.0000   544                     58.0000 24979775         
  14740  1463       58.0000   502                     58.0000 25268235         
  14762  1462    infeasible                           58.0000 25282018         
  14796  1465    infeasible                           58.0000 25221402         
  14824  1468    infeasible                           58.0000 25388180         
  14863  1478       58.0000   469                     58.0000 25678468         
Elapsed time = 1692.14 sec. (1017509.42 ticks, tree = 23.12 MB, solutions = 0)
  14898  1478    infeasible                           58.0000 25560242         
  14930  1474       58.0000   504                     58.0000 25768597         
  14952  1475       64.0000   465                     58.0000 26010151         
  14976  1476       58.0625   562                     58.0000 25790168         
  15002  1474       58.0000   514                     58.0000 26087827         
  15025  1475       64.0000   560                     58.0000 26295751         
  15054  1473       58.1342   484                     58.0000 26114144         
  15091  1480       58.0000   495                     58.0000 26377713         
  15114  1471       59.0000   512                     58.0000 26255292         
  15133  1475    infeasible                           58.0000 26573416         
Elapsed time = 1757.93 sec. (1056914.61 ticks, tree = 23.08 MB, solutions = 0)
  15150  1475       59.0000   510                     58.0000 26354983         
  15166  1476       69.0000   479                     58.0000 26367328         
  15190  1480    infeasible                           58.0000 26539824         
  15207  1473    infeasible                           58.0000 26708609         
  15222  1477    infeasible                           58.0000 26614149         
  15233  1469       60.0000   499                     58.0000 27062990         

GUB cover cuts applied:  1307
Clique cuts applied:  66
Cover cuts applied:  734
Implied bound cuts applied:  406
Flow cuts applied:  76
Mixed integer rounding cuts applied:  495
Zero-half cuts applied:  35
Gomory fractional cuts applied:  29

Root node processing (before b&c):
  Real time             =    1.30 sec. (659.83 ticks)
Parallel b&c, 8 threads:
  Real time             = 1798.72 sec. (1082620.61 ticks)
  Sync time (average)   =   76.69 sec.
  Wait time (average)   =    0.04 sec.
                          ------------
Total (root+branch&cut) = 1800.02 sec. (1083280.44 ticks)
! --------------------------------------------------------
! Problem is UNKNOWN
! CPLEX Status = AbortTimeLim
! --------------------------------------------------------
