! Solving for graph /home/truongxuanhieu/CPLEX-MIP-for-MinSpanLabeling/benchmarks/abp/G-will57.mtx.rnd
! Target value is set to 19
! Lower bound is set to 20
! Upper bound is set to 86
! Time limit is set to 1800
! Vertices mode is set to No hole
! Target value mode is set to Antibandwidth
Version identifier: 22.2.0.0 | 2026-05-04 | 5dff98e58
CPXPARAM_TimeLimit                               1800
Tried aggregator 2 times.
MIP Presolve eliminated 129 rows and 157 columns.
MIP Presolve modified 9738 coefficients.
Aggregator did 425 substitutions.
Reduced MIP has 880 rows, 5539 columns, and 16496 nonzeros.
Reduced MIP has 5043 binaries, 185 generals, 0 SOSs, and 311 indicators.
Presolve time = 0.03 sec. (19.77 ticks)
Probing time = 0.03 sec. (14.64 ticks)
Tried aggregator 2 times.
Detecting symmetries...
Aggregator did 4 substitutions.
Reduced MIP has 876 rows, 5535 columns, and 16492 nonzeros.
Reduced MIP has 5043 binaries, 238 generals, 0 SOSs, and 311 indicators.
Presolve time = 0.02 sec. (14.78 ticks)
Probing time = 0.02 sec. (3.88 ticks)
Clique table members: 1998.
MIP emphasis: balance optimality and feasibility.
MIP search method: dynamic search.
Parallel mode: deterministic, using up to 8 threads.
Root relaxation solution time = 0.03 sec. (13.40 ticks)

        Nodes                                         Cuts/
   Node  Left     Objective  IInf  Best Integer    Best Bound    ItCnt     Gap

      0     0       20.0000   151                     20.0000      323         
      0     0       20.0000   302                   Cuts: 319      589         
      0     0       20.0000   258                   Cuts: 319      839         
      0     0       20.0000   226                   Cuts: 319     1175         
      0     0       20.0000   277                   Cuts: 233     1441         
Detecting symmetries...
      0     2       20.0000   174                     20.0000     1441         
Elapsed time = 1.27 sec. (654.39 ticks, tree = 0.02 MB, solutions = 0)
    327   254       39.0000   124                     20.0000    19984         
    475   363       57.0000   186                     20.0000    38506         
    616   441    infeasible                           20.0000    57463         
    842   538       41.0000   169                     20.0000    78727         
   1110   886    infeasible                           20.0000   108634         
   1299   943       58.0000   146                     38.0000   125468         
   1592  1158       58.0000   219                     38.0000   147061         
   1865  1448       59.0000   186                     38.0000   175541         
   1924  1574       58.0000   200                     39.0000   200418         
   3151  2495       58.0000   185                     39.0000   316153         
Elapsed time = 7.35 sec. (3761.30 ticks, tree = 6.54 MB, solutions = 0)

Performing restart 1

Repeating presolve.
Tried aggregator 1 time.
MIP Presolve eliminated 2 rows and 136 columns.
MIP Presolve modified 3697 coefficients.
Reduced MIP has 874 rows, 5399 columns, and 16082 nonzeros.
Reduced MIP has 4907 binaries, 238 generals, 0 SOSs, and 311 indicators.
Presolve time = 0.01 sec. (8.70 ticks)
Tried aggregator 1 time.
MIP Presolve modified 364 coefficients.
Reduced MIP has 874 rows, 5399 columns, and 16082 nonzeros.
Reduced MIP has 4907 binaries, 238 generals, 0 SOSs, and 311 indicators.
Presolve time = 0.01 sec. (11.37 ticks)
Represolve time = 0.10 sec. (47.73 ticks)
   3373     0       20.0000   356                   Cuts: 318   348816         
   3373     0       20.0000   292                   Cuts: 318   349474         
   3373     0       20.3033   448                   Cuts: 318   350019         
   3373     0       21.0000   359                   Cuts: 318   350491         
   3373     0       23.5548   372                   Cuts: 318   350819         
   3373     0       24.1647   420                   Cuts: 318   351638         
   3373     0       25.0000   379                   Cuts: 318   352148         
   3373     0       25.0000   429                   Cuts: 318   352604         
   3373     2       25.0000   301                     39.0000   352604         
   3432    38       39.0572   355                     39.0000   356970         
   3503   103       39.0000   243                     39.0000   367342         
   3654   219       50.0000   165                     39.0000   372727         
   3819   281       43.0000   252                     39.0000   377446         
   4037   406       58.0000   238                     39.0000   393647         
   4565   799       50.0000   212                     39.0000   406787         
   4726  1107       59.0000   264                     39.0000   425394         
   4855  1197       39.0000   266                     39.0000   447309         
   4938  1267    infeasible                           39.0000   463062         
Elapsed time = 28.20 sec. (15344.82 ticks, tree = 2.56 MB, solutions = 0)
   5179  1394       58.0000   174                     39.0000   493620         
   5452  1637       66.0000   194                     39.0000   522766         
   5750  1766       62.0000   231                     39.0000   550132         
   5824  1954    infeasible                           39.0000   599202         
   5979  2001       58.0000   214                     39.0000   650839         
   6488  2152       59.0000   208                     39.0000   708862         
   6656  2601       58.0000   258                     39.0000   786011         
   6733  2633       58.0000   182                     39.0000   826718         
   6965  2705       58.0000   218                     39.0000   884189         
   7118  2821    infeasible                           39.0000   929747         
Elapsed time = 46.03 sec. (24967.51 ticks, tree = 6.46 MB, solutions = 0)
   7178  2912       58.0000   332                     39.0000   989859         
   7228  2931    infeasible                           39.0000  1031284         

Performing restart 2

Repeating presolve.
Tried aggregator 1 time.
MIP Presolve eliminated 0 rows and 5 columns.
MIP Presolve modified 9 coefficients.
Reduced MIP has 874 rows, 5394 columns, and 18642 nonzeros.
Reduced MIP has 4902 binaries, 238 generals, 0 SOSs, and 311 indicators.
Presolve time = 0.01 sec. (9.06 ticks)
Tried aggregator 1 time.
MIP Presolve modified 19 coefficients.
Reduced MIP has 874 rows, 5394 columns, and 18642 nonzeros.
Reduced MIP has 4902 binaries, 238 generals, 0 SOSs, and 311 indicators.
Presolve time = 0.02 sec. (12.79 ticks)
Represolve time = 0.20 sec. (104.64 ticks)
   7229     0       26.0000   507                   Cuts: 318  1078081         
   7229     0       27.0000   406                   Cuts: 318  1079974         
   7229     0       27.0000   455                   Cuts: 318  1080783         
   7229     0       27.0000   460                   Cuts: 318  1082901         
   7229     0       28.0000   382                   Cuts: 318  1086461         
   7229     0       28.0000   371                   Cuts: 318  1087054         
   7229     0       28.0000   438                   Cuts: 318  1088009         
   7229     0       28.0000   421                   Cuts: 318  1088969         
   7229     0       28.0000   394                   Cuts: 318  1090338         
   7229     0       28.1287   509                   Cuts: 318  1092706         
   7229     0       29.0000   377                   Cuts: 318  1093226         
   7229     0       29.0000   404                   Cuts: 318  1093838         
   7229     0       29.0000   394                   Cuts: 318  1094466         
   7229     2       29.0000   224                     39.0000  1094466         
   7302    65       39.0000   168                     39.0000  1098778         
   7547   245       39.0000   189                     39.0000  1113459         
   7727   355       58.0000   240                     39.0000  1130342         
   7824   498       39.0000   265                     39.0000  1150935         
   7945   515       30.0000   328                     39.0000  1156729         
   7986   630       60.0000   325                     39.0000  1179029         
   8013   659       59.0000   264                     39.0000  1201000         
Elapsed time = 78.47 sec. (43016.99 ticks, tree = 4.43 MB, solutions = 0)
   8045   659       58.0000   353                     39.0000  1205492         
   8060   684       74.0000   412                     39.0000  1221214         
   8074   690       55.3008   426                     39.0000  1240527         
   8115   709       40.0000   430                     39.0000  1279971         
   8162   717       39.0000   399                     39.0000  1289955         
   8247   795       58.0000   283                     39.0000  1310629         
   8315   821       58.0000   315                     39.0000  1325752         
   8376   906    infeasible                           39.0000  1362365         
   8429   941    infeasible                           39.0000  1418557         
   8487   964       61.0000   341                     39.0000  1431583         
Elapsed time = 98.70 sec. (52821.10 ticks, tree = 8.52 MB, solutions = 0)
   8537  1030       62.3938   325                     39.0000  1463605         
   8574  1052       70.3008   397                     39.0000  1486247         
   8615  1100       70.3008   398                     39.0000  1525294         
   8652  1121       69.0000   434                     39.0000  1557440         
   8679  1119       58.0000   371                     39.0000  1556043         
   8701  1137       70.3008   401                     39.0000  1591629         
   8726  1180       57.0000   428                     39.0000  1673853         
   8754  1205       58.0000   363                     39.0000  1712077         
   8777  1217       39.2734   468                     39.0000  1734884         
   8803  1234       41.0167   473                     39.0000  1792199         
Elapsed time = 115.23 sec. (62534.82 ticks, tree = 11.97 MB, solutions = 0)
   8837  1233       68.3008   342                     39.0000  1780923         
   8874  1245       69.0000   340                     39.0000  1819039         
   8898  1252       39.0000   487                     39.0000  1842502         
   8933  1271       67.3008   397                     39.0000  1915886         
   8952  1284    infeasible                           39.0000  1944148         
   8970  1298       49.0000   411                     39.0000  1960853         
   8999  1303    infeasible                           39.0000  2004532         
   9044  1309       72.0000   377                     39.0000  2008427         
   9085  1349       49.0000   389                     39.0000  2035521         
   9128  1380       61.7114   335                     39.0000  2112631         
Elapsed time = 132.40 sec. (72316.81 ticks, tree = 14.00 MB, solutions = 0)
   9156  1385       58.0000   381                     39.0000  2107265         
   9171  1405    infeasible                           39.0000  2171796         
   9190  1433       58.0000   463                     39.0000  2211202         
   9210  1435       50.0000   391                     39.0000  2235285         
   9226  1441       59.0000   344                     39.0000  2239901         
   9242  1448       39.6667   522                     39.0000  2278871         
   9268  1465       58.0000   338                     39.0000  2314293         
   9279  1474       51.0000   466                     39.0000  2356422         
   9297  1471       40.7027   501                     39.0000  2334011         
   9323  1475    infeasible                           39.0000  2356295         
Elapsed time = 150.39 sec. (82233.29 ticks, tree = 15.54 MB, solutions = 0)
   9348  1489       39.2146   525                     39.0000  2433553         
   9367  1510       39.0000   559                     39.0000  2474782         
   9386  1512       48.5000   432                     39.0000  2479339         
   9407  1533       58.0000   359                     39.0000  2536845         
   9422  1535       44.0000   515                     39.0000  2543920         
   9430  1535       48.2474   498                     39.0000  2591061         
   9441  1550       41.1720   527                     39.0000  2626618         
   9462  1555       45.0000   434                     39.0000  2612197         
   9478  1554       53.0000   493                     39.0000  2644586         
   9493  1577       62.0000   362                     39.0000  2672361         
Elapsed time = 168.00 sec. (92222.46 ticks, tree = 16.58 MB, solutions = 0)
   9516  1601       66.0000   321                     39.0000  2748767         
   9533  1578    infeasible                           39.0000  2730630         
   9549  1602       39.0000   549                     39.0000  2786873         
   9565  1602       48.5000   505                     39.0000  2790605         
   9603  1616       42.6197   440                     39.0000  2863306         
   9639  1610       40.1420   569                     39.0000  2829954         
   9657  1679       71.0000   364                     39.0000  2936924         
   9672  1677       40.1420   519                     39.0000  2956451         
   9686  1692       58.0000   434                     39.0000  3029736         
   9750  1715       45.9233   464                     39.0000  3127584         
Elapsed time = 191.00 sec. (105073.66 ticks, tree = 17.75 MB, solutions = 0)
   9803  1736       58.0000   434                     39.0000  3205079         
   9844  1747       50.0000   465                     39.0000  3246147         
   9900  1788       58.0000   464                     39.0000  3436091         
   9954  1834       71.0000   427                     39.0000  3574715         
  10014  1844       58.0000   370                     39.0000  3621379         
  10062  1860    infeasible                           39.0000  3784164         
  10113  1862       39.0000   517                     39.0000  3798981         
  10181  1876    infeasible                           39.0000  3949934         
  10233  1940       64.0000   360                     39.0000  4078476         
  10272  1959       60.7587   426                     39.0000  4185158         
Elapsed time = 258.24 sec. (144161.36 ticks, tree = 21.79 MB, solutions = 0)
  10312  1964       58.0000   435                     39.0000  4213241         
  10365  2002       40.2459   527                     39.0000  4427048         
  10435  2019       44.7392   509                     39.0000  4570719         
  10489  2020    infeasible                           39.0000  4587091         
  10542  2081       63.0000   417                     39.0000  4804510         
  10584  2082    infeasible                           39.0000  4889959         
  10610  2106       40.5409   540                     39.0000  5040903         
  10653  2112       49.0000   443                     39.0000  5098984         
  10710  2132       73.0000   494                     39.0000  5154873         
  10757  2161    infeasible                           39.0000  5288619         
Elapsed time = 324.59 sec. (183161.25 ticks, tree = 25.84 MB, solutions = 0)
  10801  2181    infeasible                           39.0000  5405223         
  10843  2205       58.0000   413                     39.0000  5575091         
  10884  2216       58.0000   382                     39.0000  5637185         
  10935  2239       60.0000   452                     39.0000  5731855         
  10990  2241       39.0000   535                     39.0000  5763343         
  11036  2260       68.0000   424                     39.0000  5827593         
  11069  2289    infeasible                           39.0000  5973526         
  11098  2330       58.0000   547                     39.0000  6159690         
  11143  2340       59.0000   496                     39.0000  6171374         
  11198  2377       59.0000   452                     39.0000  6310653         
Elapsed time = 391.13 sec. (222547.49 ticks, tree = 30.52 MB, solutions = 0)
  11237  2378    infeasible                           39.0000  6385580         
  11280  2386       40.3018   571                     39.0000  6439515         
  11304  2405       69.5000   507                     39.0000  6512794         
  11349  2432    infeasible                           39.0000  6647438         
  11365  2448       67.5000   471                     39.0000  6743921         
  11410  2449    infeasible                           39.0000  6815717         
  11449  2470    infeasible                           39.0000  6942645         
  11478  2478       60.0000   437                     39.0000  7031560         
  11528  2503       58.0000   489                     39.0000  7181261         
  11563  2498       48.5000   510                     39.0000  7165038         
Elapsed time = 455.87 sec. (261531.72 ticks, tree = 33.07 MB, solutions = 0)
  11596  2517       40.8228   537                     39.0090  7274586         
  11643  2536       58.0000   458                     39.0585  7322322         
  11694  2568       58.0000   467                     39.0585  7504661         
  11737  2551       59.0000   476                     39.0585  7450266         
  11785  2597    infeasible                           39.1525  7699930         
  11827  2611       66.0000   395                     39.4230  7819748         
  11878  2614       39.8815   559                     39.6667  7831858         
  11919  2622       50.5047   538                     39.7308  7951565         
  11968  2668    infeasible                           39.7308  8177543         
  12018  2675    infeasible                           39.7399  8250405         
Elapsed time = 522.92 sec. (300207.60 ticks, tree = 37.18 MB, solutions = 0)
  12073  2672       69.0000   462                     39.7399  8202285         
  12122  2701       60.7587   512                     39.8864  8354508         
  12159  2709       59.0000   521                     40.0000  8411587         
  12207  2756       72.0000   485                     40.0000  8585614         
  12255  2768       43.9583   526                     40.0000  8709258         
  12301  2765       42.2528   561                     40.0000  8668128         
  12347  2825       63.0000   408                     40.0000  9079403         
  12388  2830       44.6406   535                     40.0000  9120902         
  12443  2834       58.0000   455                     40.0000  9134017         
  12483  2868       40.0000   591                     40.0000  9363349         
Elapsed time = 590.01 sec. (339147.98 ticks, tree = 41.52 MB, solutions = 0)
  12527  2881       43.5436   578                     40.0000  9436915         
  12585  2890    infeasible                           40.0000  9480422         
  12632  2896       43.0569   567                     40.0000  9544517         
  12670  2888       59.0000   491                     40.0000  9476609         
  12704  2925       40.0000   560                     40.0000  9692165         
  12733  2980       73.0000   511                     40.0000  9937942         
  12786  2975    infeasible                           40.0000  9922825         
  12835  3020       67.0000   498                     40.0000 10178132         
  12875  3025       58.0000   430                     40.0000 10265112         
  12918  3034       68.0000   489                     40.0000 10299902         
Elapsed time = 658.53 sec. (378598.42 ticks, tree = 46.10 MB, solutions = 0)
  12965  3042    infeasible                           40.0000 10411917         
  13002  3062       40.0435   578                     40.0000 10545711         
  13029  3073       58.0000   366                     40.0000 10612537         
  13068  3067       59.0000   471                     40.0000 10591826         
  13101  3073    infeasible                           40.0000 10638906         
  13132  3092       62.7587   474                     40.0000 10865058         
  13162  3112       72.0000   509                     40.0000 10923734         
  13186  3138       59.0000   470                     40.0000 11110508         
  13225  3123    infeasible                           40.0000 11015499         
  13250  3149       41.5636   525                     40.0686 11227488         
Elapsed time = 731.25 sec. (418115.80 ticks, tree = 49.09 MB, solutions = 0)
  13281  3163    infeasible                           40.1714 11356178         
  13310  3163       58.0000   526                     40.1756 11369462         
  13356  3201       69.0000   503                     40.1756 11547022         
  13411  3207    infeasible                           40.1996 11558396         
  13471  3221       41.0000   559                     40.1996 11741271         
  13527  3223    infeasible                           40.2459 11753088         
  13578  3223       58.0000   456                     40.2459 11767654         
  13620  3284    infeasible                           40.2459 11988090         
  13667  3279       60.7587   484                     40.2459 11973886         
  13714  3325       62.7587   465                     40.2459 12275768         
Elapsed time = 798.26 sec. (457430.48 ticks, tree = 52.75 MB, solutions = 0)
  13766  3318    infeasible                           40.4920 12249995         
  13800  3341       60.0000   455                     40.4940 12388182         
  13839  3329       43.6706   555                     40.4940 12350528         
  13875  3351       58.0000   473                     40.7363 12440844         
  13919  3361       58.0000   527                     40.8224 12530883         
  13954  3364       44.4286   534                     40.8387 12592838         
  13996  3412    infeasible                           40.8387 12806860         
  14032  3425       58.0000   472                     40.8387 12895863         
  14082  3449    infeasible                           40.9953 13039906         
  14129  3444    infeasible                           41.0000 13024404         
Elapsed time = 865.66 sec. (496308.31 ticks, tree = 56.36 MB, solutions = 0)
  14168  3473       49.0000   489                     41.0000 13174486         
  14209  3487       62.7587   459                     41.0000 13227780         
  14259  3522       62.7587   450                     41.0000 13426156         
  14318  3534       58.0000   489                     41.0167 13521157         
  14380  3538       50.0000   504                     41.1818 13533168         
  14429  3564       51.5000   475                     41.2168 13665459         
  14477  3561       58.0000   447                     41.2222 13634887         
  14530  3581       72.0000   480                     41.2222 13755742         
  14594  3644    infeasible                           41.3400 14045113         
  14644  3656       62.7587   514                     41.4737 14133215         
Elapsed time = 933.67 sec. (535076.18 ticks, tree = 62.78 MB, solutions = 0)
  14692  3635       58.0000   508                     41.5000 14032139         
  14728  3659       61.0000   514                     41.5302 14155252         
  14786  3661       60.0000   501                     41.5533 14167287         
  14832  3699       60.0000   457                     41.5700 14340810         
  14869  3716    infeasible                           41.6867 14609005         
  14920  3739       46.0000   582                     41.6939 14686193         
  14953  3746       67.0000   502                     41.6939 14732191         
  14997  3720    infeasible                           41.9011 14646603         
  15036  3769    infeasible                           41.9011 14915325         
  15071  3803       50.0000   480                     42.0000 15050506         
Elapsed time = 1000.59 sec. (574873.58 ticks, tree = 65.74 MB, solutions = 0)
  15105  3813       42.0000   618                     42.0000 15129185         
  15136  3841       63.7587   489                     42.0000 15256985         
  15173  3855       59.0000   463                     42.0000 15381024         
  15217  3842       59.0000   434                     42.0000 15320554         
  15257  3823       59.0000   450                     42.0000 15201050         
  15314  3880       61.0000   473                     42.0035 15541306         
  15363  3881       58.0000   552                     42.1667 15552451         
  15407  3927       61.0000   488                     42.1869 15873404         
  15460  3930       46.4723   510                     42.1869 15886806         
  15502  3911       43.7198   604                     42.2700 15815520         
Elapsed time = 1069.32 sec. (614039.98 ticks, tree = 68.90 MB, solutions = 0)
  15554  3943    infeasible                           42.3517 15992328         
  15600  3949    infeasible                           42.4075 16053487         
  15642  3949    infeasible                           42.4086 16108800         
  15696  3985       45.8441   540                     42.4390 16404133         
  15739  3953       57.0000   530                     42.4390 16181409         
  15784  4005       48.5000   513                     42.7123 16517772         
  15836  4006       71.0000   504                     42.8580 16481048         
  15887  4006       50.5000   531                     42.8580 16495140         
  15925  4024       44.0000   580                     42.9842 16646652         
  15964  4025       59.8692   482                     43.0000 16711333         
Elapsed time = 1142.82 sec. (653413.45 ticks, tree = 72.43 MB, solutions = 0)
  15998  4047       58.5000   495                     43.0000 16849818         
  16027  4057       58.0000   439                     43.0000 16904560         
  16065  4083       58.0000   467                     43.0000 17187250         
  16105  4094    infeasible                           43.0000 17345838         
  16138  4097       60.7587   521                     43.0000 17397025         
  16170  4100    infeasible                           43.0000 17458680         
  16203  4087       61.0000   521                     43.0000 17289080         
  16239  4104       58.8996   553                     43.0053 17526360         
  16277  4106       60.0000   521                     43.0814 17499544         
  16308  4136       70.0000   526                     43.1085 17881298         
Elapsed time = 1210.40 sec. (692740.61 ticks, tree = 75.82 MB, solutions = 0)
  16337  4139    infeasible                           43.1639 18004307         
  16380  4141       64.0000   466                     43.1944 17906151         
  16415  4145       57.0000   530                     43.1944 18071682         
  16451  4164       63.3938   439                     43.2910 18233320         
  16494  4162       64.0000   442                     43.3383 18194543         
  16534  4149       60.7587   505                     43.3986 18108502         
  16581  4197    infeasible                           43.4176 18591123         
  16635  4196       59.0000   449                     43.4575 18469725         
  16671  4220       61.3938   507                     43.5161 18819464         
  16705  4224       59.0000   541                     43.5436 18831499         
Elapsed time = 1276.54 sec. (731798.61 ticks, tree = 78.08 MB, solutions = 0)
  16758  4228       62.3938   461                     43.5436 18884595         
  16816  4230       60.7587   501                     43.6706 18942906         
  16867  4266       58.0000   549                     43.7769 19160686         
  16908  4269       63.0000   498                     43.8330 19172878         
  16947  4263       52.0645   564                     43.9030 19076186         
  16988  4245    infeasible                           43.9030 19036957         
  17033  4288       63.0000   531                     44.0000 19351805         
  17069  4304    infeasible                           44.0000 19459258         
  17098  4345       63.7587   516                     44.0000 19730126         
  17132  4344       45.1034   519                     44.0000 19741553         
Elapsed time = 1347.23 sec. (771276.81 ticks, tree = 82.07 MB, solutions = 0)
  17171  4347       65.7587   472                     44.0000 19792115         
  17211  4335       50.5000   536                     44.0000 19659616         
  17261  4338       67.5000   483                     44.0000 19672025         
  17304  4361    infeasible                           44.0000 19929662         
  17360  4380       57.2214   507                     44.0000 20037057         
  17400  4397       46.1106   537                     44.0000 20165755         
  17441  4401       60.0000   444                     44.0000 20178714         
  17480  4409    infeasible                           44.1884 20338291         
  17521  4429       67.5000   528                     44.2819 20563664         
  17564  4410    infeasible                           44.2819 20362740         
Elapsed time = 1416.19 sec. (811182.50 ticks, tree = 84.35 MB, solutions = 0)
  17598  4419    infeasible                           44.4286 20429362         
  17639  4461    infeasible                           44.5430 20821173         
  17689  4466       67.3008   455                     44.6406 20780205         
  17736  4479       55.0000   552                     44.8327 21141691         
  17793  4472       64.0000   475                     44.8551 20974872         
  17826  4477    infeasible                           44.8877 21108717         
  17844  4485       48.5000   461                     44.8877 21286252         
  17867  4500       60.7587   475                     45.0000 21460114         
  17908  4483       58.0000   536                     45.0000 21360608         
  17945  4546       58.0000   494                     45.0000 21702885         
Elapsed time = 1484.44 sec. (850350.44 ticks, tree = 89.07 MB, solutions = 0)
  17997  4553    infeasible                           45.0000 21766959         
  18041  4557       61.4056   468                     45.0000 21781187         
  18080  4511    infeasible                           45.0000 21566615         
  18116  4561    infeasible                           45.0000 21800405         
  18154  4554    infeasible                           45.0000 21986678         
  18201  4560       58.0000   537                     45.0000 21937443         
  18237  4572    infeasible                           45.0000 22228063         
  18281  4599       58.0000   507                     45.0000 22401792         
  18321  4566       62.0000   603                     45.0000 22147060         
  18374  4606    infeasible                           45.0000 22479376         
Elapsed time = 1553.38 sec. (889524.97 ticks, tree = 90.86 MB, solutions = 0)
  18419  4584       64.0000   509                     45.0000 22322023         
  18454  4636    infeasible                           45.0000 22680853         
  18493  4641       60.0000   506                     45.0000 22745140         
  18563  4658       69.0000   513                     45.0000 22933454         
  18591  4641       65.0000   547                     45.0000 22714759         
  18638  4698    infeasible                           45.3344 23126825         
  18681  4710    infeasible                           45.3725 23201137         
  18726  4707    infeasible                           45.3725 23216195         
  18782  4710       58.0000   405                     45.6744 23228661         
  18823  4723    infeasible                           45.7700 23408864         
Elapsed time = 1621.49 sec. (928363.86 ticks, tree = 95.31 MB, solutions = 0)
  18858  4704    infeasible                           45.7700 23176114         
  18899  4762       73.0000   518                     46.0000 23496768         
  18937  4762       58.0000   460                     46.0000 23508480         
  18972  4784       65.0000   429                     46.0000 23771803         
  19025  4766       59.0000   537                     46.0000 23580905         
  19091  4803       65.0000   473                     46.0000 23887799         
  19139  4817       58.0000   468                     46.0000 24027430         
  19182  4826       61.5882   451                     46.0000 24090585         
  19229  4800       62.0000   573                     46.0000 23991155         
  19271  4828    infeasible                           46.0000 24112236         
Elapsed time = 1691.44 sec. (967589.26 ticks, tree = 98.15 MB, solutions = 0)
  19318  4851    infeasible                           46.0000 24496688         
  19364  4832       59.0000   502                     46.0000 24339221         
  19405  4841    infeasible                           46.0000 24403266         
  19460  4840    infeasible                           46.1384 24415307         
  19505  4865       58.0000   528                     46.2381 24604431         
  19564  4873       49.0000   493                     46.2381 24678751         
  19610  4907       62.0000   422                     46.2381 24883855         
  19653  4913       72.0000   454                     46.6353 25000256         
  19705  4913    infeasible                           46.6353 25011802         
  19747  4950    infeasible                           46.7254 25274135         
Elapsed time = 1761.59 sec. (1006859.91 ticks, tree = 103.06 MB, solutions = 0)
  19796  4951       63.1071   479                     46.7775 25285176         
  19837  4932    infeasible                           46.8593 25167785         
  19866  4950       58.0000   504                     46.8593 25308866         
  19909  4940       58.0000   496                     47.0000 25259003         
  19962  4984    infeasible                           47.0000 25395547         
  20001  4959    infeasible                           47.0000 25343795         

GUB cover cuts applied:  1236
Clique cuts applied:  77
Cover cuts applied:  1054
Implied bound cuts applied:  414
Flow cuts applied:  24
Mixed integer rounding cuts applied:  534
Zero-half cuts applied:  21
Lift and project cuts applied:  4
Gomory fractional cuts applied:  59

Root node processing (before b&c):
  Real time             =    1.26 sec. (653.17 ticks)
Parallel b&c, 8 threads:
  Real time             = 1798.75 sec. (1029924.34 ticks)
  Sync time (average)   =  109.81 sec.
  Wait time (average)   =    0.03 sec.
                          ------------
Total (root+branch&cut) = 1800.02 sec. (1030577.52 ticks)
! --------------------------------------------------------
! Problem is UNKNOWN
! CPLEX Status = AbortTimeLim
! --------------------------------------------------------
