! Solving for graph /home/truongxuanhieu/CPLEX-MIP-for-MinSpanLabeling/benchmarks/abp/H-impcol_b.mtx.rnd
! Target value is set to 12
! Lower bound is set to 13
! Upper bound is set to 89
! Time limit is set to 1800
! Vertices mode is set to No hole
! Target value mode is set to Antibandwidth
Version identifier: 22.2.0.0 | 2026-05-04 | 5dff98e58
CPXPARAM_TimeLimit                               1800
Tried aggregator 2 times.
MIP Presolve eliminated 283 rows and 162 columns.
MIP Presolve modified 10427 coefficients.
Aggregator did 739 substitutions.
Reduced MIP has 1509 rows, 6509 columns, and 19260 nonzeros.
Reduced MIP has 5547 binaries, 341 generals, 0 SOSs, and 621 indicators.
Presolve time = 0.03 sec. (24.13 ticks)
Probing time = 0.03 sec. (17.46 ticks)
Tried aggregator 1 time.
Detecting symmetries...
Reduced MIP has 1509 rows, 6509 columns, and 19260 nonzeros.
Reduced MIP has 5547 binaries, 400 generals, 0 SOSs, and 621 indicators.
Presolve time = 0.02 sec. (13.25 ticks)
Probing time = 0.02 sec. (4.15 ticks)
Clique table members: 1800.
MIP emphasis: balance optimality and feasibility.
MIP search method: dynamic search.
Parallel mode: deterministic, using up to 8 threads.
Root relaxation solution time = 0.02 sec. (12.10 ticks)

        Nodes                                         Cuts/
   Node  Left     Objective  IInf  Best Integer    Best Bound    ItCnt     Gap

      0     0       13.0000   198                     13.0000      338         
      0     0       13.0000   434                   Cuts: 477      672         
      0     0       13.0000   412                   Cuts: 477      969         
      0     0       13.0000   440                   Cuts: 477     1304         
Detecting symmetries...
      0     2       13.0000   247                     13.0000     1304         
Elapsed time = 1.74 sec. (785.21 ticks, tree = 0.02 MB, solutions = 0)
    453   399       39.0000   203                     13.0000    15616         
    900   792       26.0000   195                     13.0000    33374         
   1446  1107       52.0000   195                     13.0000    51173         
   2054  1672       42.0000   166                     13.0000    78333         
   2171  1892       25.0000   258                     13.0000    92795         
   2745  2234       50.0000   163                     13.0000   107963         
   3340  2904    infeasible                           13.0000   140536         
   3841  3255       37.0000   158                     13.0000   161934         
   4336  3658       37.0000   181                     13.0000   189068         

Performing restart 1

Repeating presolve.
Tried aggregator 1 time.
MIP Presolve eliminated 0 rows and 7 columns.
MIP Presolve modified 2 coefficients.
Reduced MIP has 1509 rows, 6502 columns, and 19239 nonzeros.
Reduced MIP has 5540 binaries, 400 generals, 0 SOSs, and 621 indicators.
Presolve time = 0.01 sec. (9.73 ticks)
Tried aggregator 1 time.
MIP Presolve modified 5 coefficients.
Reduced MIP has 1509 rows, 6502 columns, and 19239 nonzeros.
Reduced MIP has 5540 binaries, 400 generals, 0 SOSs, and 621 indicators.
Presolve time = 0.02 sec. (13.62 ticks)
Represolve time = 0.11 sec. (49.93 ticks)
   4901     0       13.0000   493                   Cuts: 477   232707         
   4901     0       13.0000   521                   Cuts: 477   233426         
   4901     0       13.0000   511                   Cuts: 477   234123         
   4901     0       13.0584   625                   Cuts: 477   234976         
   4901     0       14.0000   517                   Cuts: 477   235394         
   4901     0       14.0000   548                   Cuts: 477   235683         
   4901     0       14.0000   611                   Cuts: 477   236487         
   4901     2       14.0000   506                     14.0000   236487         
Elapsed time = 13.08 sec. (6725.41 ticks, tree = 0.02 MB, solutions = 0)
   5323   353       38.0000   204                     14.0000   250728         
   5846   805       25.0000   497                     14.0000   277058         
   6327  1095       40.0000   339                     14.0000   305845         
   6540  1270       37.0000   330                     14.0000   345431         
   7378  1975       39.0000   241                     14.0000   400130         
   7752  2317       37.0000   404                     18.5000   442709         
   8476  2744       49.0000   284                     18.5000   490750         
   8913  3172       25.0000   506                     18.5000   540524         
   9033  3282       55.0000   229                     25.0000   586574         
   9761  3772       40.0000   253                     25.0000   644346         
Elapsed time = 33.36 sec. (16309.56 ticks, tree = 11.80 MB, solutions = 0)
  10057  3980       49.0000   463                     25.0000   709156         

Performing restart 2

Repeating presolve.
Tried aggregator 1 time.
Reduced MIP has 1509 rows, 6502 columns, and 21445 nonzeros.
Reduced MIP has 5540 binaries, 400 generals, 0 SOSs, and 621 indicators.
Presolve time = 0.01 sec. (10.42 ticks)
Tried aggregator 1 time.
MIP Presolve modified 1 coefficients.
Reduced MIP has 1509 rows, 6502 columns, and 21445 nonzeros.
Reduced MIP has 5540 binaries, 400 generals, 0 SOSs, and 621 indicators.
Presolve time = 0.02 sec. (15.00 ticks)
Represolve time = 0.23 sec. (127.75 ticks)
  10107     0       15.0296   810                   Cuts: 477   750981         
  10107     0       16.0012   728                   Cuts: 477   754160         
  10107     0       17.0000   698                   Cuts: 477   755294         
  10107     0       17.0000   659                   Cuts: 477   756925         
  10107     0       17.0000   642                   Cuts: 477   758486         
  10107     0       18.0000   559                   Cuts: 477   760373         
  10107     0       19.0000   557                   Cuts: 477   761087         
  10107     0       19.0000   611                   Cuts: 477   761620         
  10107     0       19.0000   606                   Cuts: 477   762546         
  10107     0       19.0000   565                   Cuts: 477   763131         
  10107     0       19.0000   611                   Cuts: 477   763673         
  10107     0       19.0000   595                   Cuts: 477   764395         
  10107     0       19.0000   576                   Cuts: 477   765123         
  10107     0       19.0000   570                   Cuts: 477   765625         
  10107     0       19.0000   586                   Cuts: 477   766237         
  10107     2       19.0000   365                     25.0000   766237         
  10204    84       49.0000   280                     25.0000   773683         
  10380   249       63.0000   211                     25.0000   803649         
  10485   317       27.0000   377                     25.0000   837830         
  10622   400       49.0000   294                     25.0000   854968         
  10731   504    infeasible                           25.0000   887792         
  10759   535       38.0000   400                     25.0000   914984         
  10802   561       37.0000   343                     25.0000   952751         
  10855   574       37.0000   470                     25.0000   972401         
Elapsed time = 77.22 sec. (39692.58 ticks, tree = 1.69 MB, solutions = 0)
  10921   639       49.0000   390                     25.0000  1017861         
  11022   660       75.0000   423                     25.0000  1033055         
  11119   780       67.0000   399                     25.0000  1071852         
  11153   872       38.0000   448                     25.0000  1136732         
  11199   885       37.0000   384                     25.0000  1152029         
  11230   921       38.0000   357                     25.0000  1179533         
  11278   951       50.0000   430                     25.0000  1205900         
  11325   962       38.0000   440                     25.0000  1244484         
  11348  1029    infeasible                           25.0000  1301097         
  11372  1039       32.0000   572                     25.0000  1335329         
Elapsed time = 98.51 sec. (49569.05 ticks, tree = 3.22 MB, solutions = 0)
  11402  1050       25.6592   652                     25.0000  1367591         
  11440  1075    infeasible                           25.0000  1393773         
  11473  1115       61.0000   360                     25.0000  1427081         
  11516  1131       63.0000   348                     25.0000  1450838         
  11557  1145       61.0000   483                     25.0000  1470511         
  11584  1185       37.0000   520                     25.0000  1516900         
  11609  1226       61.0000   402                     25.0000  1563536         
  11636  1247       49.0000   435                     25.0000  1608406         
  11677  1270       59.0000   334                     25.0000  1636185         
  11719  1294       70.0000   388                     25.0000  1654819         
Elapsed time = 116.83 sec. (59323.88 ticks, tree = 4.08 MB, solutions = 0)
  11739  1308       67.0000   446                     25.0000  1675160         
  11754  1344       67.0000   358                     25.0000  1725057         
  11777  1352       76.0000   399                     25.0000  1738275         
  11807  1378       67.0000   292                     25.0000  1797946         
  11825  1368       49.0000   476                     25.0000  1793223         
  11855  1410       49.0000   443                     25.0000  1832141         
  11904  1417       68.0000   478                     25.0000  1830540         
  11955  1442       61.0000   362                     25.0000  1876026         
  11995  1506       49.0000   486                     25.0000  1917338         
  12037  1514       61.0000   456                     25.0000  1921268         
Elapsed time = 134.88 sec. (69061.02 ticks, tree = 5.96 MB, solutions = 0)
  12075  1539       73.0000   337                     25.0000  1928112         
  12115  1593       73.0000   342                     25.0000  1976036         
  12175  1640       75.0000   468                     25.0000  2018198         
  12222  1702       64.0000   320                     25.0000  2035328         
  12267  1670       61.0000   291                     25.0000  2036600         
  12289  1752       73.0000   356                     25.0000  2093153         
  12305  1767       37.0000   503                     25.0000  2133800         
  12320  1767       73.0000   571                     25.0000  2130330         
  12338  1782       73.0000   448                     25.0000  2165905         
  12367  1808    infeasible                           25.0000  2209015         
Elapsed time = 153.64 sec. (78960.24 ticks, tree = 10.55 MB, solutions = 0)
  12384  1848       73.0000   415                     25.0000  2252027         
  12402  1810       37.0000   506                     25.0000  2219827         
  12417  1837       25.7862   719                     25.0000  2242523         
  12430  1866       37.0000   385                     25.0000  2283935         
  12443  1872       37.1200   550                     25.0000  2321195         
  12465  1888       73.0000   429                     25.0000  2340289         
  12482  1928       49.0000   479                     25.0000  2436246         
  12499  1938       61.0000   339                     25.0000  2448166         
  12515  1946       73.0000   496                     25.0000  2471400         
  12529  1946       73.0000   510                     25.0000  2475796         
Elapsed time = 171.48 sec. (89080.38 ticks, tree = 11.54 MB, solutions = 0)
  12544  1961    infeasible                           25.0000  2502251         
  12564  1996       61.0000   377                     25.0000  2555136         
  12585  2001       39.0000   430                     25.0000  2573924         
  12605  2020       73.0000   495                     25.0000  2626028         
  12629  2012       50.0000   481                     25.0000  2577765         
  12648  2024       73.0000   414                     25.0000  2635764         
  12668  2068       73.0000   335                     25.0000  2694596         
  12686  2059       61.0000   306                     25.0000  2671387         
  12706  2075       73.0000   432                     25.0000  2704085         
  12722  2107       61.0000   320                     25.0000  2773122         
Elapsed time = 189.83 sec. (98977.64 ticks, tree = 13.16 MB, solutions = 0)
  12739  2111       61.0000   344                     25.0000  2777660         
  12756  2139       61.0000   491                     25.0000  2856391         
  12769  2163       73.0000   362                     25.0000  2889136         
  12781  2138    infeasible                           25.0000  2864652         
  12798  2139       37.0000   615                     25.0000  2868203         
  12827  2185       63.0000   360                     25.0000  2934284         
  12862  2176       61.0000   507                     25.0000  2925876         
  12890  2198       61.0000   438                     25.5192  2937820         
  12920  2245    infeasible                           25.5192  3022135         
  13039  2302       73.0000   355                     25.5860  3088873         
Elapsed time = 214.24 sec. (111758.24 ticks, tree = 15.17 MB, solutions = 0)
  13164  2344       38.0000   497                     25.9231  3185090         
  13242  2487    infeasible                           26.0000  3333593         
  13293  2508       73.0000   356                     26.0000  3373465         
  13353  2568       61.0000   439                     26.0000  3524119         
  13435  2569    infeasible                           26.0000  3567539         
  13502  2683       37.1145   606                     26.0000  3731958         
  13554  2682       73.0000   446                     26.0000  3757709         
  13613  2734       73.0000   436                     26.0000  3873789         
  13691  2801       74.0000   436                     26.0000  4016583         
  13754  2809       49.0000   514                     26.0000  4083652         
Elapsed time = 284.18 sec. (150388.21 ticks, tree = 24.94 MB, solutions = 0)
  13797  2900       49.0000   382                     26.8670  4237430         
  13851  2917       73.0000   464                     27.0000  4297510         
  13901  2961       73.0000   498                     27.0000  4393579         
  13946  3023       27.0000   625                     27.0000  4554205         
  13994  3043       73.0000   513                     27.0000  4613177         
  14031  3058       49.0000   347                     27.0000  4681757         
  14058  3094       61.0000   361                     27.0000  4771537         
  14106  3106       61.0000   438                     27.0000  4805203         
  14156  3157       55.8111   503                     27.0000  4943445         
  14197  3184       61.0000   413                     27.0000  5011474         
Elapsed time = 354.08 sec. (189819.06 ticks, tree = 30.31 MB, solutions = 0)
  14256  3200       74.0000   514                     27.0000  5037814         
  14290  3214       49.0000   587                     27.0000  5158901         
  14324  3257       73.0000   553                     27.0000  5219102         
  14367  3267       73.0000   547                     27.0000  5286880         
  14402  3313       53.0000   449                     27.0000  5469529         
  14442  3369       49.0000   592                     27.0000  5652557         
  14483  3346       37.0000   578                     27.0000  5578142         
  14536  3397       77.0000   489                     27.0000  5715586         
  14594  3398       37.0000   609                     27.0000  5738601         
  14656  3442    infeasible                           27.0000  5841641         
Elapsed time = 423.31 sec. (228700.12 ticks, tree = 33.50 MB, solutions = 0)
  14720  3454    infeasible                           27.0056  5899148         
  14768  3573       63.0000   410                     27.0056  6109778         
  14787  3576       75.0000   416                     27.0597  6126786         
  14822  3586       61.0000   527                     27.0597  6174354         
  14854  3617       73.0000   540                     27.0664  6313168         
  14890  3662       73.0000   575                     27.0664  6477931         
  14947  3666       49.0000   461                     27.0959  6508456         
  15020  3672       77.0000   600                     27.0959  6520026         
  15097  3740    infeasible                           28.9312  6736804         
  15160  3794    infeasible                           29.0000  6800864         
Elapsed time = 490.64 sec. (267369.99 ticks, tree = 41.61 MB, solutions = 0)
  15234  3861       49.0000   471                     29.0000  6945664         
  15290  3860    infeasible                           29.0000  6929650         
  15335  3879    infeasible                           29.0000  6988768         
  15392  3936       49.0000   597                     29.0000  7090419         
  15460  4020       62.0000   575                     29.0000  7322380         
  15533  4043       37.0000   616                     29.3636  7403584         
  15606  4073       73.0000   509                     29.9666  7495657         
  15691  4150       73.0000   533                     30.2319  7593919         
  15752  4109       37.1250   577                     30.2319  7560916         
  15815  4185    infeasible                           30.2319  7658190         
Elapsed time = 560.08 sec. (306139.30 ticks, tree = 51.19 MB, solutions = 0)
  15860  4309       37.7200   457                     31.0000  7911495         
  15917  4313       61.0000   496                     31.0000  7897998         
  15955  4335       68.0000   574                     31.0000  7991369         
  16007  4371       76.0000   513                     31.0000  8075027         
  16056  4370       49.0000   398                     31.0000  8088018         
  16108  4478       73.0000   536                     31.0000  8398352         
  16169  4459       31.0000   712                     31.0000  8331924         
  16215  4494       49.0000   570                     31.0000  8466015         
  16269  4560       73.0000   403                     31.0000  8593082         
  16326  4590       37.0000   660                     31.0000  8702834         
Elapsed time = 631.82 sec. (344961.24 ticks, tree = 61.55 MB, solutions = 0)
  16399  4582       73.0000   581                     31.0000  8662281         
  16446  4621       73.0000   468                     31.0000  8766721         
  16505  4745       73.0000   447                     31.0000  8998998         
  16548  4750    infeasible                           31.0000  9012411         
  16579  4767       62.0000   381                     31.0000  9057590         
  16612  4797       73.0000   505                     31.0000  9136826         
  16649  4824       37.0000   576                     32.0000  9285905         
  16703  4859       49.0000   525                     32.0000  9414559         
  16773  4911       61.0000   575                     32.0000  9591417         
  16836  4871    infeasible                           32.0000  9464904         
Elapsed time = 708.52 sec. (383645.19 ticks, tree = 68.52 MB, solutions = 0)
  16896  4899       49.0000   588                     32.0000  9552790         
  16962  4953       36.0000   522                     32.2152  9677529         
  17016  4983       38.3352   532                     32.3636  9764003         
  17064  5050       49.0000   585                     32.4850  9890992         
  17131  5144    infeasible                           32.9375 10113027         
  17208  5156       62.2829   452                     32.9375 10124687         
  17284  5165       49.0000   486                     32.9375 10160826         
  17353  5281       73.0000   573                     34.0000 10387422         
  17419  5260       61.0221   528                     34.0000 10338694         
  17482  5262       74.0000   464                     34.0000 10350107         
Elapsed time = 781.17 sec. (422389.39 ticks, tree = 77.87 MB, solutions = 0)
  17524  5322       69.0000   460                     34.3940 10472938         
  17574  5340       61.0000   525                     34.3940 10520055         
  17614  5429       73.0000   441                     36.0000 10706210         
  17664  5455       49.0000   555                     36.0000 10785347         
  17738  5503       38.4400   637                     36.0000 10949289         
  17803  5536       50.3352   442                     36.0000 11071833         
  17874  5542       73.0000   446                     36.9637 11054161         
  17933  5571       50.0000   562                     37.0000 11200046         
  18005  5570       65.0000   458                     37.0000 11178954         
  18079  5642       61.0000   506                     37.0000 11318501         
Elapsed time = 856.57 sec. (461055.52 ticks, tree = 88.54 MB, solutions = 0)
  18178  5763       73.0000   480                     37.0000 11591742         
  18244  5731       49.0000   511                     37.0000 11502659         
  18307  5832       73.0000   326                     37.0000 11756071         
  18364  5802       73.0000   467                     37.0000 11694137         
  18411  5834       61.0000   544                     37.0000 11778638         
  18459  5921       61.0000   591                     37.0000 11973123         
  18515  5929       73.0000   579                     37.0000 11982384         
  18577  5985    infeasible                           37.0000 12182474         
  18630  6008       61.0000   430                     37.0000 12231781         
  18669  6074       73.0000   507                     37.0000 12430906         
Elapsed time = 932.74 sec. (499787.89 ticks, tree = 103.77 MB, solutions = 0)
  18706  6057       61.0000   380                     37.0000 12368244         
  18767  6051       61.0164   501                     37.0000 12344077         
  18806  6133    infeasible                           37.0000 12612091         
  18855  6152       65.0000   441                     37.0000 12635125         
  18895  6159       61.0000   390                     37.0000 12730721         
  18954  6164       49.0000   459                     37.0000 12743006         
  19009  6218       37.0000   549                     37.0000 12888124         
  19051  6310       73.0000   475                     37.0000 13155781         
  19086  6241       73.0000   448                     37.0000 12984403         
  19117  6311       73.0000   562                     37.0000 13182611         
Elapsed time = 1010.85 sec. (539371.86 ticks, tree = 112.44 MB, solutions = 0)
  19154  6337       61.0000   494                     37.0000 13229965         
  19188  6376       55.0000   456                     37.0000 13330569         
  19224  6379       67.0000   573                     37.0000 13343082         
  19282  6439       49.0000   384                     37.0000 13593561         
  19327  6516       73.0000   475                     37.0000 13916708         
  19372  6473       49.0000   560                     37.0000 13773738         
  19425  6481    infeasible                           37.0000 13786106         
  19478  6506       74.0000   504                     37.0000 13906253         
  19520  6613       50.0000   606                     37.0000 14194292         
  19571  6625       74.0000   433                     37.0000 14204610         
Elapsed time = 1090.13 sec. (578549.54 ticks, tree = 120.39 MB, solutions = 0)
  19605  6640    infeasible                           37.0000 14305825         
  19648  6673       61.0000   496                     37.0000 14388721         
  19691  6683    infeasible                           37.0000 14438354         
  19734  6729       74.0000   392                     37.0000 14583423         
  19768  6690       61.0000   486                     37.0000 14453060         
  19797  6757       37.2146   656                     37.0000 14709784         
  19825  6751       61.0000   550                     37.0000 14692498         
  19858  6799       61.0000   454                     37.0000 14816835         
  19876  6832       73.0000   515                     37.0000 14938713         
  19906  6860       61.0000   374                     37.0000 15078499         
Elapsed time = 1167.01 sec. (617455.96 ticks, tree = 127.80 MB, solutions = 0)
  19955  6866       73.0000   526                     37.0000 15143462         
  19999  6872       73.0000   366                     37.0000 15098546         
  20046  6874       73.0000   510                     37.0000 15164951         
  20109  6951       62.0000   517                     37.0000 15531134         
  20156  6911       49.0000   499                     37.0000 15415264         
  20219  6956       61.0000   503                     37.0000 15553062         
  20276  6996    infeasible                           37.0000 15680501         
  20333  7082       49.0000   574                     37.0000 15878516         
  20380  7070       42.0000   511                     37.0000 15850300         
  20418  7065       37.1255   672                     37.0000 15820301         
Elapsed time = 1242.11 sec. (656123.64 ticks, tree = 134.07 MB, solutions = 0)
  20462  7035       37.0000   537                     37.0000 15754924         
  20508  7079       61.0000   426                     37.0000 15878771         
  20543  7212       73.0000   505                     37.0000 16273706         
  20583  7173       49.0000   600                     37.0000 16166635         
  20632  7182       73.0000   534                     37.0000 16176050         
  20680  7287       73.0000   390                     37.0000 16497483         
  20714  7257       73.0000   328                     37.0000 16425998         
  20761  7295       49.0000   540                     37.0000 16551120         
  20820  7306       73.0000   363                     37.0000 16560887         
  20875  7373       50.0000   521                     37.0000 16726480         
Elapsed time = 1320.04 sec. (695487.05 ticks, tree = 144.46 MB, solutions = 0)
  20940  7329       73.4800   579                     37.0000 16624235         
  20990  7461       49.0000   543                     37.0000 16952799         
  21020  7469       73.0000   527                     37.0000 16961426         
  21054  7438       73.0000   456                     37.0000 16887843         
  21085  7480       50.0000   471                     37.0000 16977509         
  21113  7545       51.0000   438                     37.0000 17233920         
  21141  7592    infeasible                           37.0000 17363180         
  21165  7598       76.0000   394                     37.0000 17432841         
  21192  7593    infeasible                           37.0000 17385198         
  21242  7603       49.4064   539                     37.0000 17449536         
Elapsed time = 1393.89 sec. (734121.59 ticks, tree = 153.58 MB, solutions = 0)
  21279  7628       73.0000   420                     37.0000 17579640         
  21330  7617       73.0000   540                     37.0000 17503773         
  21369  7624       49.0451   497                     37.0000 17557490         
  21417  7717       63.0000   400                     37.0000 17900944         
  21454  7673       73.0000   527                     37.0000 17760775         
  21491  7705    infeasible                           37.0000 17884840         
  21520  7755       61.0000   458                     37.0000 18069283         
  21544  7759       61.0000   597                     37.0000 18078916         
  21577  7736       73.0000   319                     37.0000 18009195         
  21605  7774       73.0000   650                     37.0000 18143360         
Elapsed time = 1468.95 sec. (772856.88 ticks, tree = 159.41 MB, solutions = 0)
  21637  7847    infeasible                           37.0000 18475849         
  21679  7833       49.0000   597                     37.0000 18408081         
  21721  7843    infeasible                           37.0000 18457520         
  21769  7844    infeasible                           37.0000 18468084         
  21811  7894       73.0000   411                     37.0000 18616920         
  21860  7931    infeasible                           37.0000 18835669         
  21898  7947    infeasible                           37.0000 18883532         
  21929  7923       73.0000   652                     37.0000 18770935         
  21973  7939       73.0000   625                     37.0000 18866973         
  22005  7964       73.0000   508                     37.0000 18963869         
Elapsed time = 1546.18 sec. (812135.39 ticks, tree = 164.01 MB, solutions = 0)
  22037  8015       73.0000   461                     37.0000 19066375         
  22065  8047       38.9217   598                     37.0000 19206776         
  22092  8123       49.0000   445                     37.0000 19466884         
  22118  8057       49.6181   664                     37.0000 19265102         
  22145  8127       61.0000   568                     37.0000 19491017         
  22176  8130       73.0000   410                     37.0000 19501905         
  22224  8136    infeasible                           37.0000 19536279         
  22254  8162       61.0000   469                     37.0000 19690702         
  22299  8149       61.0000   407                     37.0000 19602677         
  22339  8221       73.0000   642                     37.0000 20003996         
Elapsed time = 1622.25 sec. (851771.71 ticks, tree = 172.69 MB, solutions = 0)
  22376  8209    infeasible                           37.0000 19964729         
  22409  8207    infeasible                           37.0000 19948771         
  22448  8229       61.0000   551                     37.0000 20031941         
  22504  8250       62.0000   526                     37.0000 20074816         
  22536  8335       49.0000   664                     37.0000 20430458         
  22571  8316       39.8523   651                     37.0000 20356078         
  22618  8274       56.0000   491                     37.0000 20199441         
  22649  8396       73.0000   504                     37.0000 20652824         
  22698  8400       61.0000   596                     37.0000 20605845         
  22740  8406       63.8696   615                     37.0000 20729760         
Elapsed time = 1699.15 sec. (890720.43 ticks, tree = 181.40 MB, solutions = 0)
  22789  8411    infeasible                           37.0000 20681099         
  22829  8440       61.0000   494                     37.0000 20902520         
  22865  8492       41.0000   639                     37.0000 20991729         
  22908  8537       61.0000   539                     37.0000 21116644         
  22938  8447       49.0000   558                     37.0000 20932026         
  22974  8570       73.0000   576                     37.0000 21229747         
  22998  8569       37.0000   555                     37.0000 21239277         
  23040  8543    infeasible                           37.0000 21153308         
  23086  8590       61.0000   601                     37.0000 21317957         
  23123  8582       73.0000   564                     37.0000 21272251         
Elapsed time = 1776.09 sec. (929624.65 ticks, tree = 187.97 MB, solutions = 0)
  23141  8622       40.0000   426                     37.0000 21438591         
  23168  8628       65.0000   430                     37.0000 21447080         
  23203  8647       61.0000   388                     37.0000 21550402         

GUB cover cuts applied:  1682
Clique cuts applied:  39
Cover cuts applied:  803
Implied bound cuts applied:  613
Flow cuts applied:  47
Mixed integer rounding cuts applied:  592
Zero-half cuts applied:  21
Gomory fractional cuts applied:  27

Root node processing (before b&c):
  Real time             =    1.73 sec. (783.61 ticks)
Parallel b&c, 8 threads:
  Real time             = 1798.29 sec. (942848.39 ticks)
  Sync time (average)   =  120.53 sec.
  Wait time (average)   =    0.06 sec.
                          ------------
Total (root+branch&cut) = 1800.02 sec. (943632.00 ticks)
! --------------------------------------------------------
! Problem is UNKNOWN
! CPLEX Status = AbortTimeLim
! --------------------------------------------------------
