! Solving for graph /home/truongxuanhieu/CPLEX-MIP-for-MinSpanLabeling/benchmarks/abp/I-ash85.mtx.rnd
! Target value is set to 34
! Lower bound is set to 35
! Upper bound is set to 128
! Time limit is set to 1800
! Vertices mode is set to No hole
! Target value mode is set to Antibandwidth
Version identifier: 22.2.0.0 | 2026-05-04 | 5dff98e58
CPXPARAM_TimeLimit                               1800
Tried aggregator 2 times.
MIP Presolve eliminated 221 rows and 234 columns.
MIP Presolve modified 21667 coefficients.
Aggregator did 693 substitutions.
Reduced MIP has 1430 rows, 11948 columns, and 35630 nonzeros.
Reduced MIP has 11120 binaries, 305 generals, 0 SOSs, and 523 indicators.
Presolve time = 0.05 sec. (42.21 ticks)
Probing time = 0.08 sec. (45.01 ticks)
Tried aggregator 1 time.
Detecting symmetries...
Reduced MIP has 1430 rows, 11948 columns, and 35630 nonzeros.
Reduced MIP has 11120 binaries, 390 generals, 0 SOSs, and 523 indicators.
Presolve time = 0.03 sec. (22.86 ticks)
Probing time = 0.02 sec. (5.29 ticks)
Clique table members: 2373.
MIP emphasis: balance optimality and feasibility.
MIP search method: dynamic search.
Parallel mode: deterministic, using up to 8 threads.
Root relaxation solution time = 0.08 sec. (42.41 ticks)

        Nodes                                         Cuts/
   Node  Left     Objective  IInf  Best Integer    Best Bound    ItCnt     Gap

      0     0       35.0000   239                     35.0000      644         
      0     0       35.0000   516                   Cuts: 457     1050         
      0     0       35.0000   452                   Cuts: 457     1413         
      0     0       35.0000   435                   Cuts: 457     2016         
      0     0       35.0000   455                   Cuts: 450     2691         
Detecting symmetries...
      0     2       35.0000   328                     35.0000     2691         
Elapsed time = 3.40 sec. (1714.46 ticks, tree = 0.02 MB, solutions = 0)
     67    61       35.0000   279                     35.0000    12160         
    218   192       69.0000   339                     35.0000    22008         
    267   252       35.0047   476                     35.0000    35129         
    308   277       89.0000   339                     35.0000    45429         
    327   290      103.0000   422                     35.0000    59375         
    376   344       96.0000   312                     35.0000    74067         
    428   378       89.0000   343                     35.0000    94515         
    472   402       89.0000   343                     35.0000   100527         
    490   402      103.0000   493                     35.0000   103229         
    577   506       69.0000   328                     35.0000   156819         
Elapsed time = 9.84 sec. (4852.66 ticks, tree = 5.95 MB, solutions = 0)
    683   586    infeasible                           35.0000   197850         
    737   626      103.0000   443                     35.0000   229713         
    829   715      103.0000   433                     35.0000   281051         
    961   802    infeasible                           35.0000   328490         
    999   843      103.0000   431                     35.0000   358703         
   1097   888      106.0000   431                     35.0000   387227         
   1226  1037       69.0000   353                     35.0000   458611         
   1309  1045      103.0000   333                     35.0000   469170         
   1374  1153    infeasible                           35.0000   542170         
   1419  1198      103.0000   433                     35.0000   578564         
Elapsed time = 28.67 sec. (14601.36 ticks, tree = 14.65 MB, solutions = 0)
   1464  1221      103.0000   483                     35.0000   623196         
   1559  1260      103.0000   354                     35.0000   650664         
   1662  1355      103.0000   339                     35.0000   707618         
   1846  1503      103.0000   369                     35.0000   786520         
   2073  1585      103.0000   396                     35.0000   799500         
   2157  1742    infeasible                           35.0000   846099         
   2204  1839      103.0000   408                     35.0000   898887         
   2304  1898      104.0000   405                     35.0000   936467         
   2455  1949      103.0000   373                     35.0000   962647         
   2634  2172      105.0000   416                     35.0000  1040756         
Elapsed time = 45.03 sec. (24250.64 ticks, tree = 34.11 MB, solutions = 0)
   2828  2188      104.0000   367                     35.0000  1049948         
   2966  2395      103.0000   499                     35.0000  1108903         
   3005  2485      103.0000   388                     35.0000  1153049         
   3126  2537       69.0000   312                     35.0000  1172934         
   3249  2595       69.0000   304                     35.0000  1220512         

Performing restart 1

Repeating presolve.
Tried aggregator 1 time.
MIP Presolve eliminated 10 rows and 882 columns.
MIP Presolve modified 7165 coefficients.
Reduced MIP has 1420 rows, 11066 columns, and 32974 nonzeros.
Reduced MIP has 10238 binaries, 390 generals, 0 SOSs, and 523 indicators.
Presolve time = 0.02 sec. (16.82 ticks)
Tried aggregator 1 time.
MIP Presolve modified 644 coefficients.
Reduced MIP has 1420 rows, 11066 columns, and 32974 nonzeros.
Reduced MIP has 10238 binaries, 390 generals, 0 SOSs, and 523 indicators.
Presolve time = 0.03 sec. (22.02 ticks)
Represolve time = 0.22 sec. (104.93 ticks)
   3334     0       35.0000   586                   Cuts: 455  1290615         
   3334     0       35.0000   680                   Cuts: 455  1291617         
   3334     0       38.8278   665                   Cuts: 455  1292372         
   3334     0       52.0000   637                   Cuts: 455  1292841         
   3334     0       52.0000   620                   Cuts: 455  1293939         
   3334     0       52.0000   618                   Cuts: 455  1295324         
   3334     0       52.0000   640                   Cuts: 455  1297127         
   3334     2       52.0000   482                     52.0000  1297127         
   3342    10       69.0000   405                     52.0000  1299449         
   3373    27       69.0000   542                     52.0000  1305552         
   3385    43       69.0000   592                     52.0000  1321810         
   3394    48       69.0000   619                     52.0000  1338180         
Elapsed time = 78.09 sec. (41615.56 ticks, tree = 0.17 MB, solutions = 0)
   3403    58       69.0000   609                     52.0000  1353183         
   3420    68       66.0000   626                     52.0000  1379124         
   3433    83       69.0000   499                     52.0000  1401986         
   3468   101       69.0000   475                     52.0000  1418156         
   3517   127       69.0000   391                     52.0000  1426632         
   3543   187       90.0000   467                     52.0000  1453298         
   3561   207       90.0000   389                     52.0000  1477267         
   3573   210       69.0000   560                     52.0000  1490392         
   3589   210      103.0000   618                     52.0000  1507196         
   3601   224       69.0000   567                     52.0000  1562953         
Elapsed time = 99.88 sec. (51549.16 ticks, tree = 1.54 MB, solutions = 0)
   3628   226      103.0000   543                     52.0000  1582271         
   3684   242      103.0000   438                     52.0000  1604873         
   3754   290      103.0000   550                     52.0000  1621784         
   3836   348      103.0000   411                     52.0000  1645656         
   3894   404       69.0000   471                     52.0000  1661613         
   3951   437       79.0000   453                     52.0000  1671522         
   3989   500       86.0000   528                     52.0000  1716965         
   4009   545       70.0000   544                     52.0000  1730198         
   4034   556       52.0000   625                     52.0000  1768302         
   4050   559       69.0000   523                     52.0000  1770812         
Elapsed time = 118.67 sec. (61291.08 ticks, tree = 7.21 MB, solutions = 0)
   4066   561      103.0000   622                     52.0000  1774078         
   4129   612       71.0000   391                     52.0000  1817063         
   4195   619       88.0000   427                     52.0000  1826965         
   4270   626       88.0000   431                     52.0000  1830692         
   4349   746       88.0000   484                     52.0000  1913189         
   4416   794       70.0000   461                     52.0000  1941437         
   4495   810    infeasible                           52.0000  1947718         
   4563   972    infeasible                           52.0000  2078655         
   4579   826      103.0000   476                     52.0000  1987816         
   4596   920      103.0000   581                     52.0000  2053646         
Elapsed time = 135.43 sec. (70942.09 ticks, tree = 13.52 MB, solutions = 0)
   4610  1019      103.0000   521                     52.0000  2129085         
   4631   989      103.0000   607                     52.0000  2113007         
   4654  1020       86.0000   457                     52.0000  2178372         
   4670  1034       95.0000   500                     52.0000  2188900         
   4685  1041      106.0000   597                     52.0000  2237844         
   4710  1074       69.0000   437                     52.0000  2262106         
   4739  1079      105.0000   593                     52.0000  2278005         
   4771  1082      101.2252   569                     52.0000  2271323         
   4797  1124       84.0000   414                     52.0000  2327030         
   4826  1132       83.0000   423                     52.0000  2330832         
Elapsed time = 153.39 sec. (81003.95 ticks, tree = 17.39 MB, solutions = 0)
   4865  1144       83.0000   468                     52.0000  2334037         
   4886  1227    infeasible                           52.0000  2439815         
   4895  1175       52.0000   604                     52.0000  2378200         
   4907  1233       69.0000   545                     52.0000  2448971         
   4918  1239       58.0000   613                     52.0000  2483563         
   4935  1238       91.0000   608                     52.0000  2480138         
   4949  1241      103.0000   496                     52.0000  2525392         
   4958  1254       86.0000   497                     52.0000  2564631         
   4971  1251      103.0000   521                     52.0000  2562901         
   4982  1263      103.0000   489                     52.0000  2568791         
Elapsed time = 173.47 sec. (91420.48 ticks, tree = 19.10 MB, solutions = 0)
   4995  1277      103.0000   554                     52.0000  2625796         
   5013  1297       87.0000   453                     52.0000  2645325         
   5025  1270      104.0000   534                     52.0000  2609691         
   5044  1319      105.0000   552                     52.0000  2734132         
   5069  1305      103.0000   596                     52.0000  2690239         
   5084  1316      103.0000   494                     52.0000  2716605         
   5107  1366    infeasible                           52.0000  2836778         
   5119  1369    infeasible                           52.0000  2854434         
   5130  1368       69.0000   520                     52.0000  2840759         
   5191  1414       69.0000   583                     58.0000  2994161         
Elapsed time = 196.14 sec. (104355.34 ticks, tree = 21.42 MB, solutions = 0)
   5276  1446      103.0000   524                     58.0000  3107817         
   5348  1539       70.0000   561                     58.0000  3228211         
   5417  1589    infeasible                           58.0000  3329394         
   5453  1605      103.0000   590                     58.0000  3413162         
   5499  1621    infeasible                           58.0000  3539905         
   5539  1634      103.0000   559                     58.0000  3583792         
   5581  1658      103.0000   593                     58.0000  3735074         
   5640  1682      105.0000   562                     58.0000  3863318         
   5687  1705       86.0000   579                     58.0000  3944569         
   5714  1750      103.0000   596                     69.0000  4055209         
Elapsed time = 263.78 sec. (143338.42 ticks, tree = 27.94 MB, solutions = 0)
   5734  1756      103.0000   627                     69.0000  4084116         
   5750  1761      103.0000   670                     69.0000  4266238         
   5768  1773    infeasible                           69.0000  4455641         
   5791  1774      103.0000   551                     69.0000  4610318         
   5809  1775       69.0000   681                     69.0000  4620687         
   5827  1788       69.0000   589                     69.0000  4713151         
   5852  1793      103.0000   645                     69.0000  4724435         
   5873  1815      105.0000   657                     69.0000  4947576         
   5897  1813    infeasible                           69.0000  4941082         
   5913  1829    infeasible                           69.0000  5124701         
Elapsed time = 331.76 sec. (183654.30 ticks, tree = 29.23 MB, solutions = 0)
   5927  1827    infeasible                           69.0000  5146750         
   5955  1843    infeasible                           69.0000  5399636         
   5977  1859      103.0000   635                     69.0000  5536718         
   5998  1854    infeasible                           69.0000  5531219         
   6016  1869    infeasible                           69.0000  5756249         
   6047  1873    infeasible                           69.0000  5823785         
   6079  1892      103.0000   522                     69.0000  5981023         
   6103  1900    infeasible                           69.0000  6071621         
   6126  1909      104.0000   627                     69.0000  6213699         
   6151  1919      103.0000   623                     69.0000  6290086         
Elapsed time = 399.98 sec. (223202.51 ticks, tree = 31.06 MB, solutions = 0)
   6165  1919      104.0000   615                     69.0000  6274027         
   6185  1930       86.0000   629                     69.0000  6459143         
   6207  1946    infeasible                           69.0000  6612754         
   6229  1948      103.0000   610                     69.0000  6625587         
   6247  1971      103.0749   675                     69.0000  6897886         
   6265  1969    infeasible                           69.0000  7053997         
   6283  1969      103.0000   633                     69.0000  6989633         
   6297  1975      104.0000   643                     69.0000  7043947         
   6318  1972       71.0000   651                     69.0000  7148218         
   6343  2002       70.0000   566                     69.0000  7450739         
Elapsed time = 466.54 sec. (262914.79 ticks, tree = 32.76 MB, solutions = 0)
   6360  1994      105.0000   641                     69.0000  7380995         
   6376  1999      103.0000   692                     69.0000  7449201         
   6392  2038      103.0000   686                     69.0000  7717553         
   6409  2022      103.1035   662                     69.0000  7657045         
   6438  2046      103.0000   583                     69.0000  7891562         
   6460  2066      104.0000   579                     69.0000  7997639         
   6481  2061    infeasible                           69.0000  8042933         
   6500  2085      104.0000   554                     69.0000  8281581         
   6515  2092       69.0000   633                     69.0000  8327927         
   6540  2090      104.0000   645                     69.0000  8266241         
Elapsed time = 533.89 sec. (302221.24 ticks, tree = 34.65 MB, solutions = 0)
   6554  2093      104.0000   661                     69.0000  8358404         
   6570  2134      105.0000   610                     69.0000  8707956         
   6589  2135      105.0000   621                     69.0000  8718666         
   6611  2134    infeasible                           69.0000  8735589         
   6628  2148      104.0000   514                     69.0000  8806399         
   6636  2154      104.0978   638                     69.0000  8846361         

Performing restart 2

Repeating presolve.
Tried aggregator 1 time.
MIP Presolve modified 69 coefficients.
Reduced MIP has 1420 rows, 11066 columns, and 39213 nonzeros.
Reduced MIP has 10238 binaries, 390 generals, 0 SOSs, and 523 indicators.
Presolve time = 0.03 sec. (25.62 ticks)
Tried aggregator 1 time.
Reduced MIP has 1420 rows, 11066 columns, and 39213 nonzeros.
Reduced MIP has 10238 binaries, 390 generals, 0 SOSs, and 523 indicators.
Presolve time = 0.04 sec. (24.95 ticks)
Represolve time = 0.43 sec. (228.61 ticks)
   6640     0       52.0000   906                   Cuts: 360  9224614         
   6640     0       52.0000   809                   Cuts: 302  9227776         
   6640     0       52.0000   781                   Cuts: 455  9231746         
   6640     0       52.0000   770                   Cuts: 455  9235599         
   6640     0       52.0000   721                   Cuts: 455  9238384         
   6640     0       52.0000   734                   Cuts: 455  9242355         
   6640     0       52.0000   764                   Cuts: 455  9245746         
   6640     0       52.0000   738                   Cuts: 455  9249827         
   6640     0       52.0000   753                   Cuts: 455  9253852         
   6640     0       52.0000   702                   Cuts: 455  9256244         
   6640     0       52.0000   726                   Cuts: 455  9259117         
   6640     0       52.0000   698                   Cuts: 455  9262106         
   6640     0       52.0000   741                   Cuts: 455  9265561         
   6640     2       52.0000   629                     69.0000  9265561         
   6662    11       69.0000   494                     69.0000  9271855         
   6687    32    infeasible                           69.0000  9320391         
   6698    34    infeasible                           69.0000  9364652         
Elapsed time = 663.18 sec. (379495.81 ticks, tree = 0.14 MB, solutions = 0)
   6707    38       69.0000   699                     69.0000  9411461         
   6720    43      103.0000   710                     69.0000  9504895         
   6731    49       74.0000   656                     69.0000  9592627         
   6745    52       69.0000   653                     69.0000  9614688         
   6763    54      103.0000   761                     69.0000  9656652         
   6774    59       70.0000   696                     69.0000  9658109         
   6783    70       69.0000   659                     69.0000  9795935         
   6788    62    infeasible                           69.0000  9825883         
   6795    65       71.0000   721                     69.0000  9848193         
   6805    79       69.0000   795                     69.0000  9969203         
Elapsed time = 736.81 sec. (423028.33 ticks, tree = 0.28 MB, solutions = 0)
   6816    80       54.0000   918                     69.0000 10003399         
   6827    69       69.0000   857                     69.0000  9885603         
   6835    90       83.0000   779                     69.0000 10086325         
   6843    82       70.4376   738                     69.0000 10050820         
   6852   107       71.0000   704                     69.0000 10293693         
   6862   103       56.0000   916                     69.0000 10323940         
   6872   105       69.0000   850                     69.0000 10288410         
   6881   111      103.0000   770                     69.0000 10436319         
   6889   125      103.0000   689                     69.0000 10568471         
   6900   130      105.0000   714                     69.0000 10600148         
Elapsed time = 806.98 sec. (465108.28 ticks, tree = 0.79 MB, solutions = 0)
   6921   134       90.0000   736                     69.0000 10628128         
   6934   141    infeasible                           69.0000 10737039         
   6944   137      103.0000   633                     69.0000 10665037         
   6952   141       69.0000   836                     69.0000 10754302         
   6957   139       69.0000   794                     69.0000 10699691         
   6962   143       69.0000   826                     69.0000 10837883         
   6968   152       72.0000   886                     69.0000 10970717         
   6977   149      103.0000   890                     69.0000 10934813         
   6980   154       75.0000   931                     69.0000 11081776         
   6987   156       72.0000   931                     69.0000 11122641         
Elapsed time = 883.59 sec. (508621.28 ticks, tree = 1.11 MB, solutions = 0)
   6994   153       69.0000   909                     69.0000 11135076         
   7001   154       69.0000   815                     69.0000 10996248         
   7007   166       75.0000   872                     69.0000 11282625         
   7016   172    infeasible                           69.0000 11391367         
   7020   170       80.0000   902                     69.0000 11343228         
   7031   173    infeasible                           69.0000 11503617         
   7040   177       58.0000   981                     69.0000 11602383         
   7044   178       59.0000  1031                     69.0000 11607186         
   7053   182      104.0000   819                     69.0000 11672516         
   7062   183    infeasible                           69.0000 11678503         
Elapsed time = 962.97 sec. (552405.73 ticks, tree = 1.61 MB, solutions = 0)
   7068   183       70.0000   902                     69.0000 11804398         
   7073   183       59.0000  1009                     69.0000 11793626         
   7077   179       97.0000   916                     69.0000 11743244         
   7081   184       70.5000   954                     69.0000 11900589         
   7091   184       78.0000   894                     69.0000 11838412         
   7097   194       71.0000   928                     69.0000 12116508         
   7107   194    infeasible                           69.0000 12164260         
   7114   190    infeasible                           69.0000 12051322         
   7124   197      104.0000   829                     69.0000 12228497         
   7130   202       95.0000   877                     69.0000 12343805         
Elapsed time = 1043.47 sec. (594988.88 ticks, tree = 1.81 MB, solutions = 0)
   7136   196    infeasible                           69.0000 12245373         
   7144   195       60.0000  1029                     69.0000 12181892         
   7149   199      105.0000   838                     69.0000 12287670         
   7156   196    infeasible                           69.0000 12352923         
   7161   213      104.0000   788                     69.0000 12572538         
   7168   215    infeasible                           69.0000 12684336         
   7179   217    infeasible                           69.0000 12735917         
   7189   216    infeasible                           69.0000 12842347         
   7196   220    infeasible                           69.0000 12669364         
   7214   218       78.0000   874                     69.0000 12906903         
Elapsed time = 1130.46 sec. (640998.88 ticks, tree = 1.87 MB, solutions = 0)
   7222   219       78.0000   823                     69.0000 12915715         
   7228   224    infeasible                           69.0000 13016582         
   7244   221       78.0000   691                     69.0000 12932298         
   7252   222       89.0000   710                     69.0000 12943616         
   7256   222       64.0000  1049                     69.0000 13321393         
   7262   224       79.0000   945                     69.0000 13330981         
   7267   227       99.0000   844                     69.0000 13497379         
   7273   227    infeasible                           69.0000 13513113         
   7284   228       80.0000   924                     69.0000 13363214         
   7292   232       80.0000   835                     69.0000 13747085         
Elapsed time = 1236.32 sec. (696284.14 ticks, tree = 2.01 MB, solutions = 0)
   7298   227      103.0000   742                     69.0000 13677482         
   7304   230       86.0000   810                     69.0000 13615084         
   7309   232       87.0000   848                     69.0000 13775144         
   7314   235       73.0000   992                     69.0000 13856244         
   7317   230       75.0000   815                     69.0000 13738426         
   7320   242       70.0000   874                     69.0000 13938657         
   7325   247       75.0000   723                     69.0000 13988139         
   7330   246      105.0000   837                     69.0000 14060394         
   7337   247      102.0000   786                     69.0000 14211449         
   7346   240       85.0000   867                     69.0000 13954412         
Elapsed time = 1327.12 sec. (743323.71 ticks, tree = 2.26 MB, solutions = 0)
   7354   247    infeasible                           69.0000 14078910         
   7360   252       81.0000   763                     69.0000 14025891         
   7366   246    infeasible                           69.0000 14090503         
   7371   245      101.0000   888                     69.0000 13987933         
   7375   245      104.0000   851                     69.0000 14383568         
   7384   246      104.0000   678                     69.0000 14390004         
   7390   248       81.0000   969                     69.0000 14280881         
   7397   266      102.0000   787                     69.0000 14761444         
   7407   267       86.0000   848                     69.0000 14608853         
   7415   268    infeasible                           69.0000 14615074         
Elapsed time = 1406.17 sec. (785440.82 ticks, tree = 2.81 MB, solutions = 0)
   7425   248      104.0000   843                     69.0000 14434892         
   7433   250      104.0000   848                     69.0000 14441365         
   7441   273       86.0000   770                     69.0000 14632623         
   7450   271    infeasible                           69.0000 14644834         
   7459   267    infeasible                           69.0000 14813424         
   7461   273       87.0000   879                     69.0000 15017330         
   7472   285       89.0000   758                     69.0000 15066277         
   7479   288       80.0000   810                     69.0000 15134721         
   7483   284       71.0000   998                     69.0000 15259394         
   7488   286      103.0000   861                     69.0000 15088922         
Elapsed time = 1486.02 sec. (832048.29 ticks, tree = 2.98 MB, solutions = 0)
   7497   287    infeasible                           69.0000 15468193         
   7501   286       89.0000   780                     69.0000 15278838         
   7508   292    infeasible                           69.0000 15170582         
   7513   288       86.0000   938                     69.0000 15491022         
   7516   297      100.0000   829                     69.0000 15661422         
   7522   287       87.0000   859                     69.0000 15310750         
   7527   287      104.0000   864                     69.0000 15138435         
   7533   306       86.0000   850                     69.0000 15890710         
   7540   301       82.0000   891                     69.0000 15735157         
   7544   309    infeasible                           69.0000 16061414         
Elapsed time = 1564.35 sec. (878922.54 ticks, tree = 3.55 MB, solutions = 0)
   7549   294       69.0000   959                     69.0000 15600662         
   7556   311      104.0000   719                     69.0000 16074278         
   7560   298       69.0000   972                     69.0000 15696827         
   7565   311    infeasible                           69.0000 16134082         
   7568   303       76.0000   878                     69.0000 15779409         
   7575   306       77.0000   828                     69.0000 15785115         
   7581   310    infeasible                           69.0000 16119077         
   7586   315       70.0000   903                     69.0000 16199833         
   7591   317       70.0000   920                     69.0000 16251236         
   7592   307       72.0000   921                     69.0000 15981915         
Elapsed time = 1649.59 sec. (927792.46 ticks, tree = 3.69 MB, solutions = 0)
   7597   329       87.0000   923                     69.0000 16434368         
   7601   329      104.0000   813                     69.0000 16521777         
   7607   333      103.0000   772                     69.0000 16794317         
   7611   319       75.0000   965                     69.0000 16289432         
   7616   331    infeasible                           69.0000 16815456         
   7621   317       71.0000   879                     69.0000 16259046         
   7624   329    infeasible                           69.0000 16569063         
   7629   328    infeasible                           69.0000 16405833         
   7636   332       76.0000   883                     69.0000 16678723         
   7639   329    infeasible                           69.0000 16785123         
Elapsed time = 1742.26 sec. (973045.36 ticks, tree = 3.85 MB, solutions = 0)
   7642   337      104.0000   882                     69.0000 16938748         
   7644   330      103.0000   908                     69.0000 16798238         
   7655   350       72.0000   867                     69.0000 17302675         
   7657   340    infeasible                           69.0000 17039916         
   7662   341      105.0000   901                     69.0000 17046480         
   7669   340    infeasible                           69.0000 17055364         
   7679   350       69.0000   954                     69.0000 17401566         

GUB cover cuts applied:  1624
Clique cuts applied:  95
Cover cuts applied:  154
Implied bound cuts applied:  289
Flow cuts applied:  33
Mixed integer rounding cuts applied:  440
Zero-half cuts applied:  55
Gomory fractional cuts applied:  36

Root node processing (before b&c):
  Real time             =    3.37 sec. (1701.21 ticks)
Parallel b&c, 8 threads:
  Real time             = 1796.66 sec. (1006610.93 ticks)
  Sync time (average)   =  133.96 sec.
  Wait time (average)   =    0.06 sec.
                          ------------
Total (root+branch&cut) = 1800.03 sec. (1008312.15 ticks)
! --------------------------------------------------------
! Problem is UNKNOWN
! CPLEX Status = AbortTimeLim
! --------------------------------------------------------
