! Solving for graph /home/truongxuanhieu/CPLEX-MIP-for-MinSpanLabeling/benchmarks/abp/M-bcsstk06.mtx.rnd
! Target value is set to 51
! Lower bound is set to 52
! Upper bound is set to 630
! Time limit is set to 1800
! Vertices mode is set to No hole
! Target value mode is set to Antibandwidth
Version identifier: 22.2.0.0 | 2026-05-04 | 5dff98e58
CPXPARAM_TimeLimit                               1800
Tried aggregator 2 times.
MIP Presolve eliminated 3722 rows and 1155 columns.
MIP Presolve modified 528622 coefficients.
Aggregator did 8700 substitutions.
Reduced MIP has 17611 rows, 280426 columns, and 837713 nonzeros.
Reduced MIP has 268425 binaries, 4141 generals, 0 SOSs, and 7860 indicators.
Presolve time = 1.71 sec. (2009.80 ticks)
Probing time = 1.35 sec. (490.89 ticks)
Tried aggregator 2 times.
Detecting symmetries...
Aggregator did 4 substitutions.
Reduced MIP has 17607 rows, 280422 columns, and 837709 nonzeros.
Reduced MIP has 268425 binaries, 4557 generals, 0 SOSs, and 7860 indicators.
Presolve time = 1.54 sec. (637.69 ticks)
Probing time = 0.27 sec. (59.00 ticks)
Clique table members: 8271.
MIP emphasis: balance optimality and feasibility.
MIP search method: dynamic search.
Parallel mode: deterministic, using up to 8 threads.
Root relaxation solution time = 2.17 sec. (675.52 ticks)

        Nodes                                         Cuts/
   Node  Left     Objective  IInf  Best Integer    Best Bound    ItCnt     Gap

      0     0       52.0000  2271                     52.0000     4574         
      0     0       52.0000  5006                  Cuts: 4501     8761         
      0     0       52.0000  4844                  Cuts: 4501    11331         
      0     0       52.0000  4692                  Cuts: 4501    15008         
      0     0       52.0000  4680                  Cuts: 4501    18599         
      0     0       52.0000  4620                  Cuts: 2644    20836         
      0     0       52.0000  4568                  Cuts: 2002    22766         
      0     0       52.0000  4359                  Cuts: 1434    24685         
      0     0       52.0000  4865                  Cuts: 4501    28749         
      0     2       52.0000  3903                     52.0000    28749         
Elapsed time = 185.52 sec. (167456.46 ticks, tree = 0.02 MB, solutions = 0)
      2     4       53.0000  4132                     52.0000    30008         
      8    10       53.0000  4129                     52.0000    30042         
     10     4       52.0000  3844                     52.0000    28782         
     12     3       52.0000  3881                     52.0000    29211         
     19    12       52.0000  4440                     52.0000    33272         
     23    24       53.0000  4561                     52.0000    39315         
     35    22       52.0000  4543                     52.0000    37650         
     46    29       52.0000  4404                     52.0000    50777         
     70    27       53.0000  4546                     52.0000    41684         
    165    94       53.0000  4472                     52.0000    55530         
Elapsed time = 195.61 sec. (171763.98 ticks, tree = 16.53 MB, solutions = 0)
    209   171       53.0000  4473                     52.0000    57085         
    274   198       57.0000  3967                     52.0000    57112         
    380   329      103.0000  3427                     52.0000    65541         
    612   391      104.0000  3376                     52.0000    68083         
    824   587      104.0000  3382                     52.0000    70330         
   1090   939      103.0000  3268                     52.0000    70682         
   1198  1159      107.0000  3230                     52.0000    73307         
   1265  1227      103.0000  3085                     52.0000    84517         
   1342  1295      154.0000  3089                     52.0000    94172         
   1409  1341      191.0000  2924                     52.0000   100034         
Elapsed time = 218.31 sec. (181451.52 ticks, tree = 346.72 MB, solutions = 0)
   1468  1431      199.0000  2805                     52.0000   110720         
   1533  1485      154.0000  2881                     52.0000   115627         
   1562  1503    infeasible                           52.0000   116794         
   1569  1556      249.0000  2976                     52.0000   119525         
   1570  1569      249.0000  2901                     52.0000   125507         
   1582  1571      205.0000  2663                     52.0000   126546         
   1618  1583      205.0000  2730                     52.0000   127137         
   1666  1625      205.0000  2774                     52.0000   132261         
   1722  1666      249.0000  2862                     52.0000   136149         
   1758  1677      250.0000  2933                     52.0000   136675         
Elapsed time = 250.42 sec. (193478.36 ticks, tree = 447.11 MB, solutions = 0)
   1787  1732      154.0000  2998                     52.0000   148923         
   1831  1763      251.0000  2983                     52.0000   151531         
   1882  1802      248.0000  2696                     52.0000   153192         
   1936  1851      240.0000  2741                     52.0000   156912         
   1996  1865      241.0000  2739                     52.0000   157232         
   2063  1947      103.0000  3048                     52.0000   163109         
   2114  1988      248.0000  2739                     52.0000   164155         
   2166  2038      251.0000  2936                     52.0000   168018         
   2223  2138      200.0000  2726                     52.0000   178473         
   2277  2191      249.0000  2920                     52.0000   181717         
Elapsed time = 275.12 sec. (203161.51 ticks, tree = 601.05 MB, solutions = 0)
   2331  2248      200.0000  2691                     52.0000   185022         
   2373  2271      154.0000  2736                     52.0000   186741         
   2393  2337      154.0000  2680                     52.0000   191002         
   2410  2363      154.0000  2686                     52.0000   195445         
   2435  2373      199.0000  2627                     52.0000   196191         
   2460  2397      294.0000  2471                     52.0000   199252         
   2483  2408      295.0000  2530                     52.0000   200084         
   2493  2434      241.0000  2840                     52.0000   202179         
   2503  2444      240.0000  2585                     52.0000   203069         
   2514  2455      240.0000  2554                     52.0000   203567         
Elapsed time = 298.72 sec. (213103.58 ticks, tree = 680.70 MB, solutions = 0)
   2525  2466      240.0000  2493                     52.0000   204493         
   2534  2475      240.0000  2501                     52.0000   205354         
   2544  2485      241.0000  2721                     52.0000   206185         
   2553  2494      240.0000  2468                     52.0000   206691         
   2558  2410      439.0000  2881                     52.0000   219371         
   2570  2507      205.0000  2501                     52.0000   226795         
   2582  2519      206.0000  2558                     52.0000   227351         
   2591  2528      256.0000  2369                     52.0000   228826         
   2603  2540      257.0000  2469                     52.0000   229637         
   2613  2550      256.0000  2335                     52.0000   230524         
Elapsed time = 361.40 sec. (244889.09 ticks, tree = 709.69 MB, solutions = 0)
   2620  2557      257.0000  2482                     52.0000   231409         
   2629  2566      259.0000  2511                     52.0000   232186         
   2639  2576      259.0000  2536                     52.0000   232349         
   2653  2590      259.0000  2558                     52.0000   232689         
   2657  1621      472.0000  4080                     52.0000   166004         
   2667  2586      205.0000  2749                     52.0000   268343         
   2677  2596      206.0000  2762                     52.0000   268623         
   2691  2610      205.0000  2646                     52.0000   269030         
   2700  2619      206.0000  2719                     52.0000   269446         
   2715  2634      212.0000  2718                     52.0000   269725         
Elapsed time = 398.31 sec. (262708.78 ticks, tree = 734.49 MB, solutions = 0)
   2731  2650      219.0000  2724                     52.0000   270090         
   2743  2662      224.0000  2707                     52.0000   270332         
   2755  2674      226.0000  2804                     52.0000   270667         
   2766  2685      230.0000  2802                     52.0000   271633         
   2775  2694      234.0000  2728                     52.0000   272067         
   2789  2708      240.0000  2744                     52.0000   272375         
   2802  2721      243.0000  2749                     52.0000   272634         
   2811  2409    infeasible                           52.0000   277591         
   2815  2592    infeasible                           52.0000   276290         
   2818  2763    infeasible                           52.0000   402085         
Elapsed time = 487.23 sec. (304770.58 ticks, tree = 775.17 MB, solutions = 0)
   2820  1990    infeasible                           52.0000   239212         
   2826  2204    infeasible                           52.0000   250255         
   2831  2772    infeasible                           52.0000   543279         
   2833  2763    infeasible                           52.0000   427512         
   2835  2744    infeasible                           52.0000   375318         
   2837  2728    infeasible                           52.0000   309516         
   2840  2772    infeasible                           52.0000   637833         
   2853  2785      243.0000  2709                     52.0000   638003         
   2861  2793      243.0000  2706                     52.0000   639053         
   2870  2802      505.0000  3109                     52.0000   642376         
Elapsed time = 584.93 sec. (353529.78 ticks, tree = 786.83 MB, solutions = 0)
   2881  2772    infeasible                           52.0000   571805         
   2883  2813      243.0000  2704                     52.0000   642497         
   2888  2770    infeasible                           52.0000   604558         
   2890  2796    infeasible                           52.0000   692549         
   2892  2816    infeasible                           52.0000   744666         
   2894  2817      258.0000  2475                     52.0000   763324         
   2896  2828      251.0000  2837                     52.0000   879470         
   2897  2829      252.0000  3039                     52.0000   879672         
   2899  2831      252.0000  3038                     52.0000   879886         
   2940  2872      252.0000  2982                     52.0000   882622         
Elapsed time = 716.60 sec. (419158.68 ticks, tree = 807.48 MB, solutions = 0)
   2986  2917      251.0000  2807                     52.0000   886060         
   3021  2947      251.0000  2707                     52.0000   919999         
   3061  2985      302.0000  2635                     52.0000   924972         
   3109  3027      302.0000  2554                     52.0000   928695         
   3150  3055      353.0000  2438                     52.0000   931325         
   3196  3088      353.0000  2320                     52.0000  1040091         
   3214  2816    infeasible                           52.0000   805507         
   3220  3113      154.0000  3437                     52.0000  1182714         
   3269  3162      205.0000  2693                     52.0000  1229550         
   3314  3205      206.0000  2592                     52.0000  1231887         
Elapsed time = 834.67 sec. (466455.50 ticks, tree = 909.47 MB, solutions = 0)
   3318  3209      206.0000  2638                     52.0000  1232109         
   3358  2769    infeasible                           52.0000   555780         
   3392  3248      250.0000  3122                     52.0000  1322325         
   3425  3281      250.0000  3076                     52.0000  1326060         
   3458  3248      206.0000  2530                     52.0000  1235100         
   3479  3363      154.0000  3122                     52.0000  1337005         
   3498  3314      249.0000  2806                     52.0000  1327714         
   3574  3408      154.0000  2958                     52.0000  1471592         
   3647  3438      103.0000  3545                     52.0000  1337119         
   3688  3492      154.0000  3086                     52.0000  1568613         
Elapsed time = 919.58 sec. (511787.80 ticks, tree = 995.07 MB, solutions = 0)
   3780  3602      178.0000  2487                     52.0000  1573852         
   3822  3587      342.0000  2802                     52.0000  1577180         
   3876  3635      342.0000  2805                     52.0000  1579159         
   3952  3658       52.0000  4415                     52.0000  1578161         
   4020  3745      205.0000  2542                     52.0000  1583836         
   4084  3700      154.0000  2919                     52.0000  1585070         
   4144  3800      205.0000  2785                     52.0000  1621082         
   4216  3846      257.0000  2974                     52.0000  1624491         
   4243  3924      159.0000  3003                     52.0000  1635517         
   4291  3964      159.0000  2862                     52.0000  1666329         
Elapsed time = 998.18 sec. (550414.89 ticks, tree = 1138.29 MB, solutions = 0)
   4317  3990      159.0000  2809                     52.0000  1668054         
   4337  4010      154.0000  3418                     52.0000  1673558         
   4362  3679    infeasible                           52.0000  1636388         
   4411  4072      205.0000  2628                     52.0000  1781649         
   4457  4116      205.0000  2516                     52.0000  1833884         
   4492  4032    infeasible                           52.0000  1820262         
   4526  4269      205.0000  2427                     52.0000  1917973         
   4546  4037    infeasible                           52.0000  1856641         
   4553  4209    infeasible                           52.0000  1939654         
   4559  4264    infeasible                           52.0000  1965349         
Elapsed time = 1138.24 sec. (616210.23 ticks, tree = 1228.85 MB, solutions = 0)
   4561  4287    infeasible                           52.0000  1941459         
   4586  4337      154.0000  3483                     52.0000  2024157         
   4633  4384      154.0000  2870                     52.0000  2025976         
   4683  4434      205.0000  2581                     52.0000  2028245         
   4720  3950    infeasible                           52.0000  1880068         
   4723  4276    infeasible                           52.0000  2017890         
   4727  3355    infeasible                           52.0000  1601835         
   4728  4462      312.0000  2887                     52.0000  2304455         
   4730  4463      312.0000  2973                     52.0000  2305859         
   4731  4466      258.0000  2804                     52.0000  2378079         
Elapsed time = 1280.03 sec. (679270.16 ticks, tree = 1289.73 MB, solutions = 0)
   4739  4468      320.0000  2865                     52.0000  2381064         
   4777  4505      312.0000  2575                     52.0000  2446346         
   4783  4463    infeasible                           52.0000  2200871         
   4785  4468      292.0000  2820                     52.0000  2443545         
   4786  4503    infeasible                           52.0000  2513765         
   4802  2499      560.0000  4574                     52.0000   427451         
   4803  4467    infeasible                           52.0000  2481442         
   4813  4509      284.0000  2684                     52.0000  2735850         
   4824  4517      292.0000  2788                     52.0000  2773412         
   4825  4517    infeasible                           52.0000  2561047         
Elapsed time = 1500.34 sec. (781960.60 ticks, tree = 1305.56 MB, solutions = 0)
   4839  4509    infeasible                           52.0000  2577488         
   4841  4516    infeasible                           52.0000  2827850         
   4843  4472    infeasible                           52.0000  2492149         
   4845  4540    infeasible                           52.0000  3158523         
   4847  4509    infeasible                           52.0000  2997485         
   4849  3642    infeasible                           52.0000  1731528         
   4883  4665      343.0000  2697                     52.0000  3531522         
   4900  4547    infeasible                           52.0000  3350028         
   4902  4532    infeasible                           52.0000  3191771         
   4903  4520      291.0000  2614                     52.0000  2902327         
Elapsed time = 1800.16 sec. (939861.75 ticks, tree = 1304.29 MB, solutions = 0)
   4904  4469    infeasible                           52.0000  2148042         

Clique cuts applied:  262
Cover cuts applied:  1221
Implied bound cuts applied:  5233
Mixed integer rounding cuts applied:  2188
Zero-half cuts applied:  387
Lift and project cuts applied:  8
Gomory fractional cuts applied:  4

Root node processing (before b&c):
  Real time             =  184.58 sec. (166997.16 ticks)
Parallel b&c, 8 threads:
  Real time             = 1615.67 sec. (809071.96 ticks)
  Sync time (average)   =  130.01 sec.
  Wait time (average)   =    0.00 sec.
                          ------------
Total (root+branch&cut) = 1800.25 sec. (976069.12 ticks)
! --------------------------------------------------------
! Problem is UNKNOWN
! CPLEX Status = AbortTimeLim
! --------------------------------------------------------
