! Solving for graph /home/truongxuanhieu/CPLEX-MIP-for-MinSpanLabeling/benchmarks/abp/O-impcol_d.mtx.rnd
! Target value is set to 180
! Lower bound is set to 181
! Upper bound is set to 638
! Time limit is set to 1800
! Vertices mode is set to No hole
! Target value mode is set to Antibandwidth
Version identifier: 22.2.0.0 | 2026-05-04 | 5dff98e58
CPXPARAM_TimeLimit                               1800
Tried aggregator 2 times.
MIP Presolve eliminated 1269 rows and 1169 columns.
MIP Presolve modified 541842 coefficients.
Aggregator did 3809 substitutions.
Reduced MIP has 7832 rows, 277175 columns, and 830287 nonzeros.
Reduced MIP has 272523 binaries, 1693 generals, 0 SOSs, and 2959 indicators.
Presolve time = 1.72 sec. (1323.21 ticks)
Probing time = 1.41 sec. (488.07 ticks)
Tried aggregator 1 time.
Detecting symmetries...
Reduced MIP has 7832 rows, 277175 columns, and 830287 nonzeros.
Reduced MIP has 272523 binaries, 2118 generals, 0 SOSs, and 2959 indicators.
Presolve time = 1.22 sec. (483.87 ticks)
Probing time = 0.24 sec. (57.51 ticks)
Clique table members: 7993.
MIP emphasis: balance optimality and feasibility.
MIP search method: dynamic search.
Parallel mode: deterministic, using up to 8 threads.
Root relaxation solution time = 5.61 sec. (2550.76 ticks)

        Nodes                                         Cuts/
   Node  Left     Objective  IInf  Best Integer    Best Bound    ItCnt     Gap

      0     0      181.0000  1224                    181.0000     6469         
      0     0      181.0000  2392                  Cuts: 2058     8704         
      0     0      181.0000  2001                  Cuts: 2058    11520         
      0     0      181.0000  1941                  Cuts: 2058    15794         
      0     0      181.0000  1953                  Cuts: 2058    26005         
Detecting symmetries...
      0     2      181.0000  1953                    181.0000    26005         
Elapsed time = 103.26 sec. (80159.67 ticks, tree = 0.02 MB, solutions = 0)
      1     3      181.0000  1925                    181.0000    27782         
      2     3      181.0000  1885                    181.0000    26194         
      4     6      181.0000  2000                    181.0000    29612         
      5     5      181.0000  2067                    181.0000    30160         
      6     4      181.0000  1892                    181.0000    27898         
      7     6      181.0000  1847                    181.0000    30080         
      8     7      181.0000  1851                    181.0000    30219         
      9     5      181.0000  2121                    181.0000    33106         
     10     8      181.0000  2028                    181.0000    32060         
     11     7      181.0000  1963                    181.0000    29754         
Elapsed time = 116.99 sec. (89108.68 ticks, tree = 0.02 MB, solutions = 0)
     14    10      181.0000  1936                    181.0000    35119         
     16    11      181.0000  1908                    181.0000    36007         
     19    15      252.0000  2169                    181.0000    40809         
     21    16      181.0000  1946                    181.0000    42901         
     22    20      211.0000  2285                    181.0000    49865         
     24    22      252.0000  2153                    181.0000    52664         
     27    24      181.0000  2009                    181.0000    57897         
     31    27      252.0000  2146                    181.0000    56576         
     33    28      181.0000  1857                    181.0000    60850         
     35    31      181.0000  2092                    181.0000    62890         
Elapsed time = 140.54 sec. (105035.89 ticks, tree = 1.90 MB, solutions = 0)
     38    34      361.0000  2069                    181.0000    67664         
     49    49      211.0000  2169                    181.0000    78793         
     61    49      181.0000  1888                    181.0000    82020         
     80    53      249.0000  2144                    181.0000    92329         
    105    70      181.0000  1854                    181.0000    88322         
    125    58      181.0000  1839                    181.0000   100452         
    140    65      181.0000  1799                    181.0000   102390         
    151    89      249.0000  1987                    181.0000   112581         
    159    97      361.0000  1984                    181.0000   114472         
    170    95      361.0000  2004                    181.0000   114276         
Elapsed time = 167.48 sec. (117215.67 ticks, tree = 10.58 MB, solutions = 0)
    185    53      181.0000  1937                    181.0000   114133         
    203   110      383.0000  1941                    181.0000   116074         
    217   124      211.0000  2003                    181.0000   122364         
    237    52      181.0000  1896                    181.0000   114942         
    268   143      181.0000  1814                    181.0000   142931         
    301    72      181.0000  1844                    181.0000    88440         
    344   183      383.0000  1858                    181.0000   146080         
    369   214      181.0000  1780                    181.0000   147344         
    399   227      181.0000  1741                    181.0000   147821         
    430   265      181.0000  1792                    181.0000   160082         
Elapsed time = 189.23 sec. (127191.11 ticks, tree = 34.27 MB, solutions = 0)
    454   277      181.0000  1763                    181.0000   160501         
    477   365      181.0000  1741                    181.0000   175033         
    495   339      181.0000  1686                    181.0000   172453         
    508   352      181.0000  1691                    181.0000   172815         
    514   358      181.0000  1701                    181.0000   173501         
    528   372      181.0000  1664                    181.0000   173893         
    529   373      365.0000  1930                    181.0000   176904         
    537   414      181.0000  1647                    181.0000   181677         
    545   422      181.0000  1639                    181.0000   182215         
    556   430      383.0000  1820                    181.0000   182594         
Elapsed time = 212.24 sec. (137858.29 ticks, tree = 63.54 MB, solutions = 0)
    565   150      181.0000  1649                    181.0000   144498         
    582   462      181.0000  1603                    181.0000   185511         
    597   468      191.0000  2045                    181.0000   187683         
    610   475      181.0000  1773                    181.0000   188867         
    633   490      181.0000  1719                    181.0000   189095         
    649   549      181.0000  1621                    181.0000   198209         
    664   586      181.0000  1672                    181.0000   202972         
    670   602      361.0000  1934                    181.0000   210616         
    680   587      353.0000  2033                    181.0000   206699         
    697   566      181.0000  1578                    181.0000   203198         
Elapsed time = 232.62 sec. (148113.96 ticks, tree = 86.99 MB, solutions = 0)
    713   617      383.0000  1928                    181.0000   212185         
    734   649      181.0000  1624                    181.0000   229706         
    768   638      181.0000  1683                    181.0000   218374         
    780   694      383.0000  1887                    181.0000   241181         
    798   661      307.0000  2019                    181.0000   234159         
    817   665      307.0000  2003                    181.0000   235293         
    837   711      361.0000  1878                    181.0000   253199         
    855   746      361.0000  1995                    181.0000   264373         
    864   699      430.0000  2004                    181.0000   245642         
    879   754      361.0000  1913                    181.0000   265449         
Elapsed time = 253.37 sec. (158189.86 ticks, tree = 121.03 MB, solutions = 0)
    888   787      248.0000  2002                    181.0000   285646         
    896   760      361.0000  1926                    181.0000   267249         
    898   786      430.0000  1924                    181.0000   278881         
    904   793      361.0000  1867                    181.0000   291404         
    916   801      361.0000  1822                    181.0000   291788         
    926   807      361.0000  1797                    181.0000   292228         
    932   812      361.0000  1786                    181.0000   292726         
    949   851      361.0000  1800                    181.0000   313521         
    964   847      361.0000  1951                    181.0000   322850         
    981   872      361.0000  1885                    181.0000   354241         
Elapsed time = 275.25 sec. (168940.99 ticks, tree = 140.39 MB, solutions = 0)
    988   854      333.0000  1984                    181.0000   327231         
    992   856      361.0000  1899                    181.0000   328534         
   1001   862      361.0000  1916                    181.0000   329043         
   1007   866      361.0000  1909                    181.0000   329679         
   1012   893      361.0000  1902                    181.0000   368729         
   1023   898      361.0000  1888                    181.0000   369176         
   1043   905      361.0000  1853                    181.0000   369558         
   1053   908      361.0000  1843                    181.0000   370169         
   1060   909      361.0000  1844                    181.0000   400743         
   1072   914      361.0000  1773                    181.0000   401363         
Elapsed time = 297.74 sec. (179863.39 ticks, tree = 148.19 MB, solutions = 0)
   1078   919      361.0000  1776                    181.0000   401794         
   1092   925      361.0000  1770                    181.0000   402269         
   1101   930      361.0000  1753                    181.0000   402655         
   1108   935      361.0000  1753                    181.0000   403114         
   1121   942      361.0000  1739                    181.0000   403443         
   1135   924      426.0000  1926                    181.0000   409779         
   1151   971      361.0000  1738                    181.0000   414415         
   1160   975      361.0000  1733                    181.0000   414915         
   1169   989      361.0000  1822                    181.0000   452299         
   1191  1021      361.0000  1744                    181.0000   454675         
Elapsed time = 324.48 sec. (193139.65 ticks, tree = 168.78 MB, solutions = 0)
   1231  1059      426.0000  1855                    181.0000   459593         
   1252  1060      361.0000  1871                    181.0000   464857         
   1311  1097      361.0000  2058                    181.0000   486861         
   1349  1111      361.0000  1686                    181.0000   474119         
   1404  1197      361.0000  1865                    181.0000   510625         
   1451  1180      361.0000  1658                    181.0000   505477         
   1475  1229      361.0000  1614                    181.0000   556834         
   1506  1243      361.0000  1608                    181.0000   558478         
   1518  1290      361.0000  1618                    181.0000   571065         
   1538  1300      361.0000  1981                    181.0000   578215         
Elapsed time = 399.55 sec. (232349.38 ticks, tree = 224.26 MB, solutions = 0)
   1562  1314      361.0000  1848                    181.0000   581081         
   1584  1327      361.0000  1840                    181.0000   584355         
   1608  1357      361.0000  1686                    181.0000   596376         
   1626  1368      361.0000  1671                    181.0000   598294         
   1638  1364      307.0000  2065                    181.0000   610799         
   1654  1399      361.0000  1828                    181.0000   651383         
   1694  1214      541.0000  2534                    181.0000   585203         
   1732  1456      361.0000  1743                    181.0000   696502         
   1746  1465      361.0000  1787                    181.0000   750013         
   1782  1490      361.0000  1796                    181.0000   819803         
Elapsed time = 480.65 sec. (273034.73 ticks, tree = 261.49 MB, solutions = 0)
   1799  1469      307.0000  2058                    181.0000   761576         
   1802  1519      181.0000  1889                    181.0000   837891         
   1821  1135      541.0000  2578                    181.0000   551595         
   1881  1605      383.0000  1775                    181.0000   948936         
   1883  1586      541.0000  2567                    181.0000  1005695         
   1902  1620      361.0000  1827                    181.0000  1132692         
   1916  1561      541.0000  2686                    181.0000   965841         
   1917  1520      541.0000  2434                    181.0000   905099         
   1919  1627      541.0000  2604                    181.0000  1218457         
   1920  1606      541.0000  2642                    181.0000  1028621         
Elapsed time = 800.29 sec. (408476.53 ticks, tree = 284.25 MB, solutions = 0)
   1921  1598      541.0000  2561                    181.0000  1052361         
   1923  1633      541.0000  2556                    181.0000  1196603         
   1925  1665    infeasible                          181.0000  1430472         
   1926  1645    infeasible                          181.0000  1357975         
   1927  1730    infeasible                          181.0000  1724778         
   1928  1668      541.0000  2165                    181.0000  1429274         
   1929  1686      541.0000  2854                    181.0000  1541172         
   1930  1732      541.0000  2158                    181.0000  1803862         
   1931  1702      541.0000  2373                    181.0000  1635230         
   1933  1734      541.0000  2165                    181.0000  1860217         
Elapsed time = 1006.48 sec. (519108.10 ticks, tree = 309.50 MB, solutions = 0)
   1934  1646      541.0000  2525                    181.0000  1334351         
   1936  1735      541.0000  2173                    181.0000  1866958         
   1938  1736      541.0000  2499                    181.0000  1940058         
   1940  1729    infeasible                          181.0000  1776053         
   1941  1741      181.0000  1826                    181.0000  2136444         
   1943  1743      541.0000  2242                    181.0000  2082321         
   1950  1748      361.0000  2006                    181.0000  2146578         
   1955  1744      541.0000  2171                    181.0000  2089065         
   1959  1733      541.0000  2795                    181.0000  1909608         
   1962  1753      541.0000  2734                    181.0000  2187472         
Elapsed time = 1269.85 sec. (646596.66 ticks, tree = 313.57 MB, solutions = 0)
   1971  1768      361.0000  1915                    181.0000  2337051         
   1982  1745      541.0000  2618                    181.0000  2239793         
   1983  1761      541.0000  2553                    181.0000  2355617         
   1984  1746      541.0000  2254                    181.0000  2259891         
   1985  1732      541.0000  2301                    181.0000  1767603         
   1986  1747      541.0000  2358                    181.0000  2303292         
   1989  1741      541.0000  2512                    181.0000  2099948         
   1990  1764    infeasible                          181.0000  2603368         
   1991  1763      541.0000  1981                    181.0000  2387327         
   1994  1769      541.0000  2541                    181.0000  2622686         
Elapsed time = 1463.35 sec. (749128.88 ticks, tree = 316.82 MB, solutions = 0)
   1995  1764      541.0000  1982                    181.0000  2509683         
   1996  1779      541.0000  2456                    181.0000  2415806         
   1997  1747      541.0000  2215                    181.0000  2173291         
   1999  1765      541.0000  2522                    181.0000  2618129         
   2002  1793      181.0000  1924                    181.0000  2720051         
   2005  1795      361.0000  2159                    181.0000  2725711         
   2033  1798      541.0000  2549                    181.0000  2769423         
   2035  1763      541.0000  2469                    181.0000  2501084         
   2037  1796      541.0000  2208                    181.0000  2761997         
   2038  1799      541.0000  2136                    181.0000  2776524         
Elapsed time = 1623.38 sec. (831096.43 ticks, tree = 322.70 MB, solutions = 0)
   2039  1790      541.0000  2675                    181.0000  2761327         
   2040  1800      541.0000  2503                    181.0000  2818322         
   2042  1805      541.0000  2263                    181.0000  2897950         
   2044  1823      541.0000  2506                    181.0000  2778691         
   2046  1803      541.0000  2201                    181.0000  2892740         
   2047  1807      541.0000  2487                    181.0000  2964372         
   2048  1809      541.0000  2291                    181.0000  2985713         
   2050  1806      541.0000  2391                    181.0000  2964332         
   2052  1801      541.0000  2395                    181.0000  2879674         

Clique cuts applied:  305
Cover cuts applied:  270
Implied bound cuts applied:  3070
Mixed integer rounding cuts applied:  1495
Zero-half cuts applied:  283
Lift and project cuts applied:  3
Gomory fractional cuts applied:  19

Root node processing (before b&c):
  Real time             =  102.00 sec. (79386.55 ticks)
Parallel b&c, 8 threads:
  Real time             = 1698.26 sec. (867924.29 ticks)
  Sync time (average)   =  243.36 sec.
  Wait time (average)   =    0.00 sec.
                          ------------
Total (root+branch&cut) = 1800.26 sec. (947310.84 ticks)
! --------------------------------------------------------
! Problem is UNKNOWN
! CPLEX Status = AbortTimeLim
! --------------------------------------------------------
