! Solving for graph /home/truongxuanhieu/CPLEX-MIP-for-MinSpanLabeling/benchmarks/abp/P-can__445.mtx.rnd
! Target value is set to 135
! Lower bound is set to 136
! Upper bound is set to 668
! Time limit is set to 1800
! Vertices mode is set to No hole
! Target value mode is set to Antibandwidth
Version identifier: 22.2.0.0 | 2026-05-04 | 5dff98e58
CPXPARAM_TimeLimit                               1800
Tried aggregator 2 times.
MIP Presolve eliminated 1684 rows and 1224 columns.
MIP Presolve modified 593988 coefficients.
Aggregator did 4699 substitutions.
Reduced MIP has 9622 rows, 304990 columns, and 913372 nonzeros.
Reduced MIP has 299053 binaries, 2128 generals, 0 SOSs, and 3809 indicators.
Presolve time = 2.00 sec. (1586.23 ticks)
Probing time = 1.42 sec. (523.61 ticks)
Tried aggregator 1 time.
Detecting symmetries...
Reduced MIP has 9622 rows, 304990 columns, and 913372 nonzeros.
Reduced MIP has 299053 binaries, 2573 generals, 0 SOSs, and 3809 indicators.
Presolve time = 1.58 sec. (523.18 ticks)
Probing time = 0.28 sec. (63.04 ticks)
Clique table members: 8255.
MIP emphasis: balance optimality and feasibility.
MIP search method: dynamic search.
Parallel mode: deterministic, using up to 8 threads.
Root relaxation solution time = 4.41 sec. (1751.92 ticks)

        Nodes                                         Cuts/
   Node  Left     Objective  IInf  Best Integer    Best Bound    ItCnt     Gap

      0     0      136.0000  1372                    136.0000     4408         
      0     0      136.0000  2990                  Cuts: 2505     7013         
      0     0      136.0000  2746                  Cuts: 2505     8937         
      0     0      136.0000  2633                  Cuts: 2505    11516         
      0     0      136.0000  2429                  Cuts: 2505    16506         
      0     0      136.0000  2455                  Cuts: 1839    22501         
Detecting symmetries...
Detecting symmetries...
      0     2      136.0000  2455                    136.0000    22501         
Elapsed time = 135.55 sec. (92131.86 ticks, tree = 0.02 MB, solutions = 0)
      2     4      136.0000  2400                    136.0000    23049         
      4     6      136.0000  2359                    136.0000    23419         
      6     7      136.0000  2334                    136.0000    23640         
      7     3      136.0000  2343                    136.0000    22838         
      8     8      136.0000  2580                    136.0000    25590         
      9    11      136.0000  2523                    136.0000    26614         
     11     6      136.0000  2390                    136.0000    23053         
     12     5      136.0000  2322                    136.0000    23602         
     13    12      136.0000  2490                    136.0000    27216         
     14     9      136.0000  2429                    136.0000    25718         
Elapsed time = 149.07 sec. (99758.42 ticks, tree = 0.02 MB, solutions = 0)
     18    10      136.0000  2392                    136.0000    27856         
     20    18      136.0000  2545                    136.0000    36258         
     24    17      136.0000  2561                    136.0000    33745         
     25    25      136.1669  3304                    136.0000    50898         
     27    24      136.0000  2540                    136.0000    49671         
     30    27      136.0000  2555                    136.0000    57763         
     32    29      136.1669  3399                    136.0000    59353         
     36    32      235.0000  2650                    136.0000    67720         
     39    29      271.0000  2508                    136.0000    62847         
     44    34      136.0000  2544                    136.0000    73133         
Elapsed time = 174.23 sec. (113469.23 ticks, tree = 2.21 MB, solutions = 0)
     51    34      271.0000  2563                    136.0000    76183         
     53    44      136.1669  3300                    136.0000    89207         
     57    48      136.0000  2465                    136.0000    99692         
     64    47      271.0000  2230                    136.0000    97225         
     78    59      271.0000  2348                    136.0000   118453         
     96    45      271.0000  2400                    136.0000    80113         
    109    78      338.5000  2904                    136.0000   133917         
    120    89      271.0000  2318                    136.0000   134202         
    133   102      271.0000  2229                    136.0000   134359         
    142   111      271.0000  2214                    136.0000   134589         
Elapsed time = 200.04 sec. (125323.46 ticks, tree = 16.84 MB, solutions = 0)
    151    63      406.0000  2308                    136.0000   117659         
    164   127      271.0000  2230                    136.0000   142103         
    183   126      271.0000  2160                    136.0000   137272         
    212   169      271.0000  2315                    136.0000   145208         
    234   140      271.0000  2076                    136.0000   144113         
    267   150      271.0000  2050                    136.0000   144309         
    307   163      406.0000  2200                    136.0000   149261         
    328   229      406.0000  2175                    136.0000   156098         
    350   261      406.0000  1979                    136.0000   161891         
    382   263      271.0000  2148                    136.0000   162297         
Elapsed time = 222.20 sec. (135356.62 ticks, tree = 36.09 MB, solutions = 0)
    407   281      136.0000  2010                    136.0000   164978         
    418   285      406.0000  1934                    136.0000   162908         
    430   277      271.0000  2071                    136.0000   164607         
    441   288      271.0000  2045                    136.0000   164932         
    450   331      271.0000  2271                    136.0000   168358         
    473   380      271.0000  1953                    136.0000   170038         
    494   404      406.0000  1991                    136.0000   174779         
    513   388      406.0000  2061                    136.0000   172096         
    531   342      406.0000  2325                    136.0000   171487         
    554   493      271.0000  1874                    136.0000   190243         
Elapsed time = 244.77 sec. (145617.80 ticks, tree = 83.08 MB, solutions = 0)
    579   520      339.0000  2053                    136.0000   196980         
    605   486      406.0000  2137                    136.0000   186716         
    634   555      406.0000  2150                    136.0000   213723         
    660   546      339.0000  1951                    136.0000   197941         
    693   571      406.0000  2014                    136.0000   214371         
    725   478      406.0000  2289                    136.0000   191458         
    755   656      406.0000  1764                    136.0000   228605         
    772   596      271.0000  1748                    136.0000   220577         
    791   724      271.0000  1961                    136.0000   238236         
    818   667      406.0000  1758                    136.0000   231659         
Elapsed time = 271.26 sec. (155403.51 ticks, tree = 121.30 MB, solutions = 0)
    850   717      406.0000  1867                    136.0000   230032         
    871   725      406.0000  1870                    136.0000   230429         
    906   788      406.0000  1739                    136.0000   249098         
    929   796      406.0000  1700                    136.0000   249512         
    957   769      271.0000  1631                    136.0000   245481         
    974   775      271.0000  1614                    136.0000   245872         
    987   814      406.0000  2026                    136.0000   254345         
    998   821      406.0000  2026                    136.0000   254878         
   1010   838      406.0000  2097                    136.0000   263867         
   1024   844      406.0000  2107                    136.0000   266132         
Elapsed time = 303.93 sec. (167646.76 ticks, tree = 161.21 MB, solutions = 0)
   1027   864      406.0000  1806                    136.0000   267026         
   1036   930      271.0000  1522                    136.0000   279002         
   1043   937      271.0000  1505                    136.0000   279383         
   1050   923      271.0000  1810                    136.0000   278433         
   1055   928      271.0000  1789                    136.0000   278837         
   1058   943      406.0000  1998                    136.0000   286677         
   1062   938      406.0000  1805                    136.0000   282356         
   1070   963      271.0000  1499                    136.0000   288546         
   1074   948      406.0000  2077                    136.0000   291048         
   1081   967      406.0000  1815                    136.0000   291181         
Elapsed time = 335.72 sec. (180252.31 ticks, tree = 189.23 MB, solutions = 0)
   1085   969      406.0000  1789                    136.0000   293377         
   1093   974      271.0000  1746                    136.0000   299973         
   1099   980      271.0000  1729                    136.0000   301378         
   1105   991      406.0000  1643                    136.0000   305775         
   1109   982      406.0000  1842                    136.0000   304390         
   1110   737      541.0000  3047                    136.0000   254923         
   1118  1043      406.0000  1774                    136.0000   336070         
   1126  1051      406.0000  1776                    136.0000   336365         
   1135   996      406.0000  1834                    136.0000   313993         
   1136   495      541.0000  2893                    136.0000   210219         
Elapsed time = 369.24 sec. (195550.98 ticks, tree = 83.52 MB, solutions = 0)
   1141  1065      406.0000  2073                    136.0000   364699         
   1149  1072      406.0000  2071                    136.0000   365180         
   1153  1039      406.0000  1711                    136.0000   342672         
   1161  1047      406.0000  1717                    136.0000   343062         
   1167  1075      406.0000  1711                    136.0000   368282         
   1177  1083      406.0000  1744                    136.0000   368729         
   1183  1089      406.0000  1688                    136.0000   369149         
   1185   553      541.0000  3146                    136.0000   258681         
   1194  1092      406.0000  2105                    136.0000   419539         
   1230  1092      406.0000  2004                    136.0000   509098         
Elapsed time = 410.47 sec. (216567.38 ticks, tree = 213.73 MB, solutions = 0)
   1284  1139      406.0000  2049                    136.0000   517385         
   1292   995      541.0000  2733                    136.0000   335406         
   1299   802      530.0000  2325                    136.0000   302736         
   1307  1145      406.0000  1830                    136.0000   518285         
   1337  1160      541.0000  2881                    136.0000   552034         
   1338  1091      541.0000  2652                    136.0000   417361         
   1339  1060      541.0000  2804                    136.0000   388799         
   1341  1112      541.0000  2927                    136.0000   567700         
   1342  1217      541.0000  2814                    136.0000   696997         
   1344  1178      541.0000  2995                    136.0000   608950         
Elapsed time = 631.40 sec. (308532.79 ticks, tree = 233.95 MB, solutions = 0)
   1346  1235      541.0000  2663                    136.0000   767580         
   1347  1196      541.0000  2701                    136.0000   673403         
   1348  1261      541.0000  2927                    136.0000   825949         
   1349  1281      541.0000  2706                    136.0000   855528         
   1352  1293      541.0000  2791                    136.0000   967936         
   1353  1282      543.0000  2884                    136.0000   881634         
   1354  1286      541.0000  3050                    136.0000   943248         
   1355  1331      541.0000  2875                    136.0000  1247668         
   1356  1332      541.0000  2514                    136.0000  1272325         
   1357  1333    infeasible                          136.0000  1353653         
Elapsed time = 852.69 sec. (431464.26 ticks, tree = 268.85 MB, solutions = 0)
   1360  1326    infeasible                          136.0000  1203681         
   1361  1331      541.0000  2484                    136.0000  1230080         
   1364  1334      541.0000  2576                    136.0000  1361719         
   1367  1329      541.0000  2716                    136.0000  1204478         
   1370  1340      541.0000  2735                    136.0000  1606637         
   1371  1341      541.0000  2732                    136.0000  1624683         
   1374  1339      541.0000  2080                    136.0000  1601205         
   1375  1344      541.0000  2693                    136.0000  1686311         
   1376  1347      541.0000  2753                    136.0000  1700084         
   1377  1342      541.0000  2925                    136.0000  1668958         
Elapsed time = 1069.39 sec. (541619.40 ticks, tree = 270.91 MB, solutions = 0)
   1378  1345      541.0000  2101                    136.0000  1731370         
   1381  1348      541.0000  2282                    136.0000  1707407         
   1383  1348      541.0000  2057                    136.0000  1765178         
   1384  1354      541.0000  2650                    136.0000  1840882         
   1386  1347      541.0000  2858                    136.0000  1766043         
   1388  1344      541.0000  2733                    136.0000  1736074         
   1391  1349      541.0000  2076                    136.0000  1776482         
   1392  1359      541.0000  1997                    136.0000  1901006         
   1399  1354      541.0000  2763                    136.0000  1860144         
   1402  1366      541.0000  2081                    136.0000  1904564         
Elapsed time = 1247.51 sec. (632692.64 ticks, tree = 276.11 MB, solutions = 0)
   1405  1356      541.0000  2465                    136.0000  1871070         
   1407  1369      541.0000  2208                    136.0000  1906948         
   1408  1355      541.0000  2726                    136.0000  1875018         
   1410  1378      541.0000  2702                    136.0000  2039498         
   1412  1361      541.0000  2398                    136.0000  1960125         
   1414  1361      541.0000  2669                    136.0000  1936205         
   1415  1375      541.0000  1998                    136.0000  2006934         
   1416  1379      541.0000  2416                    136.0000  2046992         
   1417  1380      541.0000  2643                    136.0000  2069116         
   1419  1376      541.0000  2171                    136.0000  2015426         
Elapsed time = 1395.20 sec. (709171.60 ticks, tree = 278.90 MB, solutions = 0)
   1421  1382      541.0000  2306                    136.0000  2083738         
   1422  1363      541.0000  2579                    136.0000  2009547         
   1423  1381      541.0000  2374                    136.0000  2079159         
   1425  1383      541.0000  2401                    136.0000  2099266         
   1426  1387    infeasible                          136.0000  2125899         
   1427  1392    infeasible                          136.0000  2217755         
   1428  1391    infeasible                          136.0000  2217876         
   1431  1393      541.0000  2688                    136.0000  2175173         
   1432  1392      271.0000  2265                    136.0000  2219785         
   1457  1417      406.0000  2091                    136.0000  2251065         
Elapsed time = 1646.77 sec. (807863.85 ticks, tree = 288.00 MB, solutions = 0)
   1461  1397      541.0000  2225                    136.0000  2250340         
   1464  1390      541.0000  2514                    136.0000  2165037         
   1468  1399      541.0000  1904                    136.0000  2255290         
   1469  1395      541.0000  2140                    136.0000  2302352         
   1470  1396      541.0000  2807                    136.0000  2247028         
   1471  1396      541.0000  2155                    136.0000  2307600         
   1473  1400      541.0000  2867                    136.0000  2272812         
   1474  1397      541.0000  2560                    136.0000  2383863         
   1476  1403      541.0000  2552                    136.0000  2414087         

Clique cuts applied:  360
Cover cuts applied:  423
Implied bound cuts applied:  3133
Mixed integer rounding cuts applied:  1987
Zero-half cuts applied:  427
Lift and project cuts applied:  4
Gomory fractional cuts applied:  18

Root node processing (before b&c):
  Real time             =  134.43 sec. (91512.02 ticks)
Parallel b&c, 8 threads:
  Real time             = 1665.88 sec. (852878.81 ticks)
  Sync time (average)   =  204.01 sec.
  Wait time (average)   =    0.00 sec.
                          ------------
Total (root+branch&cut) = 1800.32 sec. (944390.83 ticks)
! --------------------------------------------------------
! Problem is UNKNOWN
! CPLEX Status = AbortTimeLim
! --------------------------------------------------------
