! Solving for graph /home/truongxuanhieu/CPLEX-MIP-for-MinSpanLabeling/benchmarks/abp/R-dwt__503.mtx.rnd
! Target value is set to 94
! Lower bound is set to 95
! Upper bound is set to 755
! Time limit is set to 1800
! Vertices mode is set to No hole
! Target value mode is set to Antibandwidth
Version identifier: 22.2.0.0 | 2026-05-04 | 5dff98e58
CPXPARAM_TimeLimit                               1800
Tried aggregator 2 times.
MIP Presolve eliminated 2764 rows and 1383 columns.
MIP Presolve modified 758871 coefficients.
Aggregator did 7033 substitutions.
Reduced MIP has 14319 rows, 391946 columns, and 1173230 nonzeros.
Reduced MIP has 382653 binaries, 3266 generals, 0 SOSs, and 6027 indicators.
Presolve time = 2.46 sec. (2504.54 ticks)
Probing time = 1.70 sec. (637.29 ticks)
Tried aggregator 1 time.
Detecting symmetries...
Reduced MIP has 14319 rows, 391946 columns, and 1173230 nonzeros.
Reduced MIP has 382653 binaries, 3769 generals, 0 SOSs, and 6027 indicators.
Presolve time = 1.92 sec. (674.65 ticks)
Probing time = 0.43 sec. (79.88 ticks)
Clique table members: 9541.
MIP emphasis: balance optimality and feasibility.
MIP search method: dynamic search.
Parallel mode: deterministic, using up to 8 threads.
Root relaxation solution time = 1.71 sec. (798.32 ticks)

        Nodes                                         Cuts/
   Node  Left     Objective  IInf  Best Integer    Best Bound    ItCnt     Gap

      0     0       95.0000  1912                     95.0000     3828         
      0     0       95.0000  4351                  Cuts: 3679     7710         
      0     0       95.0000  3968                  Cuts: 3679     9796         
      0     0       95.0000  3923                  Cuts: 3679    13106         
      0     0       95.0000  3954                  Cuts: 3679    16645         
Detecting symmetries...
      0     2       95.0000  3493                     95.0000    16645         
Elapsed time = 123.70 sec. (104194.98 ticks, tree = 0.02 MB, solutions = 0)
      3     5       95.0000  3396                     95.0000    16745         
      6     8       95.0000  3411                     95.0000    16859         
      9    11       95.0000  3299                     95.0000    16945         
     11     3       95.0000  3349                     95.0000    16980         
     15     8       95.0000  3357                     95.0000    16919         
     19    19       95.0000  3728                     95.0000    21471         
     25    14       95.0000  3686                     95.0000    19698         
     43    28       95.0000  3559                     95.0000    23810         
     58    28       95.0000  3626                     95.0000    28741         
     75    70       95.0000  3546                     95.0000    40541         
Elapsed time = 130.81 sec. (107721.82 ticks, tree = 8.16 MB, solutions = 0)
     93    88       95.0000  3524                     95.0000    41963         
    186   149       95.0000  3462                     95.0000    42565         
    326   247       95.0000  3344                     95.0000    44741         
    437   359       95.0000  3297                     95.0000    51956         
    513   459       95.0000  3275                     95.0000    59997         
    550   463      315.0000  3060                     95.0000    64829         
    574   500      255.0000  2960                     95.0000    72476         
    589   506      432.0000  2935                     95.0000    73776         
    610   541       95.0000  3257                     95.0000    75416         
    630   595      260.0000  2813                     95.0000    82325         
Elapsed time = 153.28 sec. (117716.17 ticks, tree = 133.44 MB, solutions = 0)
    680   641      239.0000  2778                     95.0000    89966         
    728   636      262.0000  2891                     95.0000    90825         
    775   672      240.0000  3046                     95.0000    93240         
    817   770      189.0000  2856                     95.0000   101829         
    877   807      240.0000  3018                     95.0000   103601         
    931   817      240.0000  2958                     95.0000   104293         
    985   924      262.0000  2724                     95.0000   114406         
   1039   912      283.0000  2779                     95.0000   113917         
   1098   986      190.0000  2530                     95.0000   121338         
   1155  1020      283.0000  2737                     95.0000   124335         
Elapsed time = 176.05 sec. (127400.35 ticks, tree = 253.31 MB, solutions = 0)
   1210  1112      308.0000  2542                     95.0000   131196         
   1262  1148      301.0000  2513                     95.0000   133298         
   1299  1191      241.0000  2548                     95.0000   138148         
   1305  1207      377.0000  2416                     95.0000   138713         
   1307  1218      293.0000  2714                     95.0000   139106         
   1327  1298      293.0000  2744                     95.0000   146339         
   1361  1318      293.0000  2650                     95.0000   148248         
   1385  1327      293.0000  2585                     95.0000   148481         
   1417  1368      283.0000  2274                     95.0000   149637         
   1451  1381      283.0000  2254                     95.0000   149827         
Elapsed time = 208.96 sec. (137693.65 ticks, tree = 361.14 MB, solutions = 0)
   1495  1410      377.0000  2310                     95.0000   153177         
   1551  1442      377.0000  2161                     95.0000   154962         
   1608  1489      284.0000  2516                     95.0000   156577         
   1649  1549      293.0000  2360                     95.0000   160213         
   1685  1590      284.0000  2503                     95.0000   161988         
   1726  1648      293.0000  2365                     95.0000   168279         
   1757  1680      377.0000  2277                     95.0000   172916         
   1791  1701      377.0000  2147                     95.0000   176336         
   1825  1727      293.0000  2361                     95.0000   177123         
   1876  1783      377.0000  2039                     95.0000   182465         
Elapsed time = 234.77 sec. (147473.74 ticks, tree = 481.82 MB, solutions = 0)
   1911  1858      394.0000  2262                     95.0000   186027         
   1952  1903      284.0000  2378                     95.0000   191814         
   1984  1909      377.0000  2360                     95.0000   192946         
   2026  1915      377.0000  2323                     95.0000   193723         
   2066  1980      377.0000  2211                     95.0000   199587         
   2097  2050      293.0000  2277                     95.0000   207402         
   2123  2055      377.0000  2199                     95.0000   209050         
   2150  2063      293.0000  2262                     95.0000   209983         
   2168  2083      377.0000  2084                     95.0000   208834         
   2190  2136      377.0000  2053                     95.0000   216244         
Elapsed time = 257.67 sec. (157314.81 ticks, tree = 587.44 MB, solutions = 0)
   2204  2155      377.0000  2184                     95.0000   218479         
   2207  2145      471.0000  2092                     95.0000   218473         
   2238  2185      471.0000  2114                     95.0000   223272         
   2258  2191      377.0000  2103                     95.0000   223976         
   2274  2200      377.0000  2088                     95.0000   225048         
   2285  2224      377.0000  2026                     95.0000   228619         
   2292  2227      377.0000  2030                     95.0000   229737         
   2304  2258      377.0000  2015                     95.0000   231633         
   2318  2273      377.0000  1987                     95.0000   234937         
   2334  2278      377.0000  1990                     95.0000   236248         
Elapsed time = 278.78 sec. (167237.14 ticks, tree = 631.17 MB, solutions = 0)
   2345  2300      471.0000  2071                     95.0000   239505         
   2358  2306      471.0000  2029                     95.0000   241693         
   2369  2089      534.0000  2279                     95.0000   219398         
   2392  2339      471.0000  2030                     95.0000   252450         
   2406  2347      471.0000  2016                     95.0000   252772         
   2415  2364      471.0000  2017                     95.0000   255290         
   2426  2371      471.0000  2047                     95.0000   255647         
   2432  2386      471.0000  2027                     95.0000   259349         
   2446  2401      377.0000  1879                     95.0000   261439         
   2462  2410      377.0000  1861                     95.0000   261664         
Elapsed time = 302.46 sec. (177626.93 ticks, tree = 671.25 MB, solutions = 0)
   2469  2416      476.0000  1978                     95.0000   263161         
   2480  2434      377.0000  1837                     95.0000   265131         
   2487  2441      496.0000  2039                     95.0000   267583         
   2489  2204      565.0000  2909                     95.0000   238764         
   2499  2450      471.0000  2029                     95.0000   282367         
   2506  2457      377.0000  1836                     95.0000   294730         
   2512   790    infeasible                           95.0000   151145         
   2519  2465      465.0000  2661                     95.0000   343855         
   2530  2465      496.0000  2041                     95.0000   298936         
   2535  2417      544.0000  2628                     95.0000   271620         
Elapsed time = 326.11 sec. (191548.25 ticks, tree = 673.03 MB, solutions = 0)
   2543  2481      476.0000  1972                     95.0000   356063         
   2544  2472      377.0000  1849                     95.0000   347100         
   2551  2485      377.0000  1829                     95.0000   356393         
   2553  2487      471.0000  1930                     95.0000   357795         
   2560  2487      283.0000  2403                     95.0000   404510         
   2578  2499      377.0000  2401                     95.0000   405488         
   2593  2503      283.0000  2374                     95.0000   406088         
   2616  2501      471.0000  2026                     95.0000   414687         
   2624  2534      356.0000  2385                     95.0000   420865         
   2654  2474      371.0000  2625                     95.0000   343960         
Elapsed time = 362.56 sec. (208499.75 ticks, tree = 687.73 MB, solutions = 0)
   2657  2533      377.0000  2333                     95.0000   447708         
   2715  2576      377.0000  2515                     95.0000   452068         
   2776  2696      471.0000  1985                     95.0000   518722         
   2798  2711      377.0000  2200                     95.0000   519200         
   2836  2691      377.0000  2227                     95.0000   519975         
   2871  2789      377.0000  2189                     95.0000   556754         
   2915  2814      471.0000  2214                     95.0000   561316         
   2981  2856      377.0000  2335                     95.0000   567660         
   3001  2722      565.0000  2848                     95.0000   560856         
   3002  2756      377.0000  2175                     95.0000   552799         
Elapsed time = 463.25 sec. (253946.57 ticks, tree = 770.18 MB, solutions = 0)
   3032  2943      377.0000  2143                     95.0000   591662         
   3058  2994      471.0000  2166                     95.0000   610325         
   3098  2913      565.0000  3040                     95.0000   598268         
   3125  3036      471.0000  1977                     95.0000   660753         
   3140  2605      565.0000  2403                     95.0000   527755         
   3146  3017      565.0000  2643                     95.0000   627223         
   3182  3075      471.0000  2134                     95.0000   721899         
   3194  3070      565.0000  2710                     95.0000   740889         
   3201  3108      471.0000  2054                     95.0000   769181         
   3215  3050      570.0000  2665                     95.0000   717286         
Elapsed time = 581.55 sec. (316554.20 ticks, tree = 857.74 MB, solutions = 0)
   3220  3077      565.0000  2150                     95.0000   753860         
   3222  3021      565.0000  2741                     95.0000   661238         
   3225  3072      565.0000  2393                     95.0000   759369         
   3226  3154      565.0000  3145                     95.0000   831221         
   3228  3153      659.0000  3923                     95.0000   930066         

Performing restart 1

Repeating presolve.
Tried aggregator 1 time.
Reduced MIP has 14319 rows, 391946 columns, and 1173230 nonzeros.
Reduced MIP has 382653 binaries, 3769 generals, 0 SOSs, and 6027 indicators.
Presolve time = 0.93 sec. (451.96 ticks)
Tried aggregator 1 time.
Reduced MIP has 14319 rows, 391946 columns, and 1173230 nonzeros.
Reduced MIP has 382653 binaries, 3769 generals, 0 SOSs, and 6027 indicators.
Presolve time = 1.89 sec. (698.62 ticks)
Represolve time = 6.05 sec. (2299.03 ticks)
   3229     0       95.0000  4517                  Cuts: 3679  1061212         
   3229     0       95.0000  4643                  Cuts: 3679  1066051         
   3229     0       95.0000  4895                  Cuts: 3679  1070310         
   3229     0       95.0000  4843                  Cuts: 3679  1073983         
   3229     0       95.0000  5008                  Cuts: 3679  1078415         
   3229     2       95.0000  4353                     95.0000  1078415         
   3249    20      283.0000  2746                     95.0000  1083289         
   3371    78      189.0000  3353                     95.0000  1100337         
   3669   325      189.0000  2891                     95.0000  1119883         
   3990   639      283.0000  2557                     95.0000  1163426         
Elapsed time = 1088.80 sec. (773097.62 ticks, tree = 131.09 MB, solutions = 0)
   4374   914      283.0000  2784                     95.0000  1173597         
   4713  1385      283.0000  2358                     95.0000  1178320         
   4855  1418      377.0000  2257                     95.0000  1181516         
   4865  1571    infeasible                           95.0000  1189024         
   4958  1649      291.0000  2660                     95.0000  1198979         
   5156  1708      429.0000  2571                     96.0000  1202267         
   5401  2008      377.0000  2554                     96.0000  1222301         
   5658  2224      338.0000  2551                     96.0000  1242123         
   5908  2505      378.0000  2772                     96.0000  1261197         
   6136  2717      283.0000  2783                     96.0000  1281212         
Elapsed time = 1248.71 sec. (832343.95 ticks, tree = 697.50 MB, solutions = 0)
   6346  2888      283.0000  2567                     96.0000  1294137         
   6553  2979      428.0000  2277                     96.0000  1302012         
   6716  3223      525.0000  2491                     96.0000  1330958         
   6894  3309      450.0000  2268                     96.0000  1338434         
   7024  3479      466.0000  2169                     96.0000  1353123         
   7198  3600      525.0000  2335                     96.0000  1371007         
   7302  3715      189.0000  3654                     96.0000  1384590         
   7412  3891      283.0000  3089                     96.0000  1404763         
   7510  3936      525.0000  2193                     96.0000  1409966         
   7642  4041      377.0000  2893                     96.0000  1429265         
Elapsed time = 1342.17 sec. (870703.68 ticks, tree = 1077.85 MB, solutions = 0)
   7836  4238      377.0000  2367                     96.0000  1438075         
   7984  4329      383.0000  2718                     96.0000  1452920         
   8094  4551      283.0000  3113                     96.0000  1468125         
   8202  4616      383.0000  2597                     96.0000  1477940         
   8374  4784      383.0000  2547                     96.0000  1490659         
   8479  4856      425.0000  2325                     96.0000  1500562         
   8573  5031      445.0000  2227                     96.0000  1518410         
   8688  5092      425.0000  2187                     96.0000  1524322         
   8796  5219      425.0000  2121                     96.0000  1542818         
   8891  5289      445.0000  2104                     96.0000  1551603         
Elapsed time = 1422.85 sec. (909080.20 ticks, tree = 1435.11 MB, solutions = 0)
   8942  5346      378.0000  3005                     96.0000  1560285         
   9101  5424      425.0000  2987                     97.0000  1571279         
   9277  5520      377.0000  2551                     97.0000  1601061         
   9410  5644      283.0000  3018                     97.0000  1634371         
   9566  5764      283.0000  2577                     97.0000  1670136         
   9690  5820      283.0000  2807                     97.0000  1672739         
   9837  5956      481.3333  3539                     97.0000  1692900         
   9893  6074      565.0000  3098                     97.0000  1709863         
   9895  6110    infeasible                           97.0000  1714519         
   9898  5606      565.0000  2142                     97.0000  1632206         
Elapsed time = 1560.64 sec. (969081.17 ticks, tree = 1523.86 MB, solutions = 0)
   9899  5713      632.0000  2976                     97.0000  1682359         

Performing restart 2

Repeating presolve.
Tried aggregator 1 time.
Reduced MIP has 14319 rows, 391946 columns, and 1197591 nonzeros.
Reduced MIP has 382653 binaries, 3769 generals, 0 SOSs, and 6027 indicators.
Presolve time = 1.02 sec. (470.98 ticks)
Tried aggregator 1 time.
Reduced MIP has 14319 rows, 391946 columns, and 1197591 nonzeros.
Reduced MIP has 382653 binaries, 3769 generals, 0 SOSs, and 6027 indicators.
Presolve time = 1.78 sec. (678.31 ticks)
Represolve time = 15.70 sec. (5925.59 ticks)

Root node processing (before b&c):
  Real time             =  122.88 sec. (103887.66 ticks)
Parallel b&c, 8 threads:
  Real time             = 1677.12 sec. (1207785.32 ticks)
  Sync time (average)   =  184.31 sec.
  Wait time (average)   =    0.46 sec.
                          ------------
Total (root+branch&cut) = 1800.00 sec. (1311672.98 ticks)
! --------------------------------------------------------
! Problem is UNKNOWN
! CPLEX Status = AbortTimeLim
! --------------------------------------------------------
