! Solving for graph /home/truongxuanhieu/CPLEX-MIP-for-MinSpanLabeling/benchmarks/abp/T-dwt__592.mtx.rnd
! Target value is set to 169
! Lower bound is set to 170
! Upper bound is set to 888
! Time limit is set to 1800
! Vertices mode is set to No hole
! Target value mode is set to Antibandwidth
Version identifier: 22.2.0.0 | 2026-05-04 | 5dff98e58
CPXPARAM_TimeLimit                               1800
Tried aggregator 2 times.
MIP Presolve eliminated 2258 rows and 1628 columns.
MIP Presolve modified 1050673 coefficients.
Aggregator did 6288 substitutions.
Reduced MIP has 12873 rows, 536053 columns, and 1606026 nonzeros.
Reduced MIP has 528100 binaries, 2849 generals, 0 SOSs, and 5104 indicators.
Presolve time = 3.66 sec. (3251.42 ticks)
Probing time = 2.23 sec. (817.83 ticks)
Tried aggregator 1 time.
Detecting symmetries...
Reduced MIP has 12873 rows, 536053 columns, and 1606026 nonzeros.
Reduced MIP has 528100 binaries, 3441 generals, 0 SOSs, and 5104 indicators.
Presolve time = 2.88 sec. (907.30 ticks)
Probing time = 0.55 sec. (106.32 ticks)
Clique table members: 10807.
MIP emphasis: balance optimality and feasibility.
MIP search method: dynamic search.
Parallel mode: deterministic, using up to 8 threads.
Root relaxation solution time = 9.10 sec. (3747.14 ticks)

        Nodes                                         Cuts/
   Node  Left     Objective  IInf  Best Integer    Best Bound    ItCnt     Gap

      0     0      170.0000  1978                    170.0000    11119         
      0     0      170.0000  4100                  Cuts: 3318    14778         
      0     0      170.0000  3539                  Cuts: 3318    17591         
      0     0      170.0000  3468                  Cuts: 3318    20892         
      0     0      170.0000  3240                  Cuts: 3318    27013         
      0     0      170.0000  3252                  Cuts: 1112    32122         
Detecting symmetries...
Detecting symmetries...
      0     2      170.0000  3252                    170.0000    32122         
Elapsed time = 316.27 sec. (233862.43 ticks, tree = 0.02 MB, solutions = 0)
      1     3      170.0000  3190                    170.0000    32232         
      3     5      170.0000  3168                    170.0000    32311         
      5     7      170.0000  3118                    170.0000    32432         
      6     8      170.0000  3065                    170.0000    32552         
     10    12      170.0000  3030                    170.0000    32612         
     11    13      170.0000  2983                    170.0000    32725         
     12    14      170.0000  2958                    170.0000    32839         
     14    16      170.0000  2908                    170.0000    32928         
     15    17      170.0000  2925                    170.0000    33144         
     21    23      170.0000  2883                    170.0000    33319         
Elapsed time = 326.71 sec. (238259.81 ticks, tree = 4.68 MB, solutions = 0)
     30     6      170.0000  3115                    170.0000    32749         
     34    34      188.0000  3455                    170.0000    38796         
     36    29      170.0000  3286                    170.0000    39538         
     37    33      170.0000  3327                    170.0000    38668         
     38    32      170.0000  3112                    170.0000    42112         
     40    35      170.0000  3254                    170.0000    41200         
     41    37      170.0000  3240                    170.0000    45217         
     42    38      170.0000  3298                    170.0000    46071         
     43    42      170.0000  3354                    170.0000    72409         
     49    43      170.0000  3414                    170.0000    78837         
Elapsed time = 358.34 sec. (256959.20 ticks, tree = 4.33 MB, solutions = 0)
     51    46      170.0000  3349                    170.0000    91780         
     52    46      170.0000  3259                    170.0000    87983         
     55    50      170.0000  3288                    170.0000   113639         
     56    52      170.0000  3275                    170.0000   126486         
     59    55      170.0000  3289                    170.0000   128636         
     60    57      339.0000  3268                    170.0000   132182         
     62    58      339.0000  3235                    170.0000   132095         
     63    59      339.0000  3326                    170.0000   131884         
     66    63      170.0000  3303                    170.0000   134192         
     74    72      170.0000  3167                    170.0000   156087         
Elapsed time = 383.22 sec. (273635.28 ticks, tree = 8.98 MB, solutions = 0)
     81    76      170.0000  3075                    170.0000   156268         
     95    72      170.0000  3251                    170.0000   161023         
    110    76      170.0000  3218                    170.0000   161291         
    118    83      170.0000  2989                    170.0000   162277         
    149    92      170.0000  3235                    170.0000   166535         
    168    96      170.0000  3198                    170.0000   166755         
    179   102      170.0000  3138                    170.0000   167091         
    189   110      170.0000  3007                    170.0000   166883         
    208   115      170.0000  3005                    170.0000   164615         
    228   133      170.0000  3197                    170.0000   170177         
Elapsed time = 409.19 sec. (284090.43 ticks, tree = 24.98 MB, solutions = 0)
    230   135      170.0000  3180                    170.0000   170641         
    239   142      170.0000  3098                    170.0000   170904         
    254   113      170.0000  2998                    170.0000   167183         
    273   151      170.0000  3044                    170.0000   172047         
    281   142      171.0000  3515                    170.0000   173240         
    293   152      170.0000  2992                    170.0000   174573         
    316   228      170.0000  2993                    170.0000   178233         
    330   163      170.0000  2945                    170.0000   176102         
    352   170      170.0000  2856                    170.0000   175979         
    371   315      170.0000  2869                    170.0000   186599         
Elapsed time = 429.88 sec. (294163.29 ticks, tree = 68.00 MB, solutions = 0)
    397   328      170.0000  2861                    170.0000   186697         
    419   315      170.0000  2916                    170.0000   184183         
    437   325      170.0000  2829                    170.0000   188641         
    450   332      170.0000  2950                    170.0000   193564         
    467   335      170.0000  2940                    170.0000   195917         
    478   336      170.0000  2945                    170.0000   196651         
    503   394      339.0000  2983                    170.0000   205199         
    527   384      339.0000  2969                    170.0000   198271         
    535   408      508.0000  2810                    170.0000   208426         
    545   434      170.0000  2850                    170.0000   209010         
Elapsed time = 451.20 sec. (304252.09 ticks, tree = 107.58 MB, solutions = 0)
    552   389      339.0000  2944                    170.0000   206366         
    581   453      170.0000  3066                    170.0000   209905         
    598   458      170.0000  3071                    170.0000   210210         
    634   481      527.0000  2811                    170.0000   222052         
    659   452      371.0000  3196                    170.0000   218915         
    699   463      401.0000  3169                    170.0000   219468         
    725   556      508.0000  3208                    170.0000   241718         
    750   528      340.0000  3179                    170.0000   233005         
    770   567      488.0000  3204                    170.0000   243506         
    797   533      508.0000  3206                    170.0000   236095         
Elapsed time = 474.34 sec. (314194.09 ticks, tree = 134.43 MB, solutions = 0)
    824   626      339.0000  2905                    170.0000   255918         
    853   636      339.0000  2873                    170.0000   255986         
    866   724      350.0000  2863                    170.0000   267872         
    878   732      350.0000  2794                    170.0000   268076         
    888   594      170.0000  2845                    170.0000   254984         
    916   647      388.0000  2898                    170.0000   259767         
    931   322      170.0000  2903                    170.0000   184200         
    948   839      392.0000  2670                    170.0000   295313         
    966   845      508.0000  2608                    170.0000   296448         
    988   849      392.0000  2665                    170.0000   297693         
Elapsed time = 496.62 sec. (324357.43 ticks, tree = 235.66 MB, solutions = 0)
   1009   853      392.0000  2649                    170.0000   297808         
   1034   824      339.0000  2867                    170.0000   295406         
   1051   773      339.0000  2747                    170.0000   288730         
   1070   839      339.0000  2788                    170.0000   295777         
   1082   874      392.0000  2660                    170.0000   300229         
   1101   880      508.0000  2609                    170.0000   301354         
   1123   973      339.0000  2711                    170.0000   322031         
   1139   979      339.0000  2619                    170.0000   322232         
   1150   937      339.0000  2638                    170.0000   315016         
   1160  1020      508.0000  2584                    170.0000   332491         
Elapsed time = 520.48 sec. (334546.87 ticks, tree = 293.75 MB, solutions = 0)
   1169  1024      392.0000  2582                    170.0000   333951         
   1178   945      401.0000  2789                    170.0000   318919         
   1193  1079      339.0000  2581                    170.0000   340275         
   1203  1106      392.0000  2560                    170.0000   349822         
   1218  1110      433.0000  2894                    170.0000   357139         
   1242  1058      401.0000  2737                    170.0000   335566         
   1256  1096      339.0000  2552                    170.0000   343873         
   1268  1131      433.0000  2812                    170.0000   357656         
   1286  1070      401.0000  2682                    170.0000   337080         
   1336  1150      401.0000  2617                    170.0000   363341         
Elapsed time = 550.54 sec. (347446.35 ticks, tree = 338.33 MB, solutions = 0)
   1383  1237      468.0000  2745                    170.0000   372483         
   1418  1294      508.0000  2585                    170.0000   384978         
   1449  1275      409.0000  2526                    170.0000   386610         
   1490  1371      454.0000  2560                    170.0000   419468         
   1531  1388      508.0000  2528                    170.0000   422792         
   1549  1460      508.0000  2472                    170.0000   483970         
   1562  1416      627.0000  3202                    170.0000   479715         
   1571  1460      455.0000  2653                    170.0000   517948         
   1586  1452      627.0000  3185                    170.0000   505054         
   1602  1471      627.0000  2911                    170.0000   522317         
Elapsed time = 665.77 sec. (402316.14 ticks, tree = 446.25 MB, solutions = 0)
   1620  1489      627.0000  2840                    170.0000   523319         
   1630  1499      646.0000  2858                    170.0000   524833         
   1642  1473      677.0000  3198                    170.0000   517170         
   1643  1511      677.0000  3420                    170.0000   540564         
   1644   489      677.0000  3279                    170.0000   316059         
   1645  1518      677.0000  3026                    170.0000   587923         
   1647   583      671.0000  3549                    170.0000   336787         
   1650  1414      677.0000  3172                    170.0000   489252         
   1651  1569      677.0000  3216                    170.0000   802286         
   1652  1559      677.0000  3029                    170.0000   729565         
Elapsed time = 993.15 sec. (600821.96 ticks, tree = 474.94 MB, solutions = 0)
   1653  1538      677.0000  3454                    170.0000   610770         
   1654  1448      739.0000  3845                    170.0000   628173         

Performing restart 1

Repeating presolve.
Tried aggregator 1 time.
Reduced MIP has 12873 rows, 536053 columns, and 1606026 nonzeros.
Reduced MIP has 528100 binaries, 3441 generals, 0 SOSs, and 5104 indicators.
Presolve time = 1.34 sec. (617.47 ticks)
Tried aggregator 1 time.
Reduced MIP has 12873 rows, 536053 columns, and 1606026 nonzeros.
Reduced MIP has 528100 binaries, 3441 generals, 0 SOSs, and 5104 indicators.
Presolve time = 2.95 sec. (939.53 ticks)
Represolve time = 9.07 sec. (3222.70 ticks)
   1655     0      170.0000  4385                  Cuts: 3318  1249805         
   1655     0      170.0000  4927                  Cuts: 3318  1257645         
   1655     0      170.0000  4917                  Cuts: 3318  1263717         
   1655     0      170.0000  5242                  Cuts: 3318  1269451         
   1655     0      170.0000  5452                  Cuts: 3318  1274601         
   1655     2      170.0000  4226                    170.0000  1274601         
   1659     6      170.0000  4074                    170.0000  1274828         
   1707    20      339.0000  3446                    170.0000  1286287         
   1777    72      339.0000  3426                    171.0000  1301728         
   1959   173      339.0000  3464                    171.0000  1312479         
   2215   459      339.0000  2924                    171.0000  1333620         
   2470   619      339.0000  2818                    171.0000  1338210         
   2630   805      339.0000  2752                    171.0000  1346798         
Elapsed time = 1514.40 sec. (1079602.14 ticks, tree = 190.90 MB, solutions = 0)
   2824  1006      339.0000  2607                    171.0000  1352007         
   3006  1218      339.0000  2579                    171.0000  1359098         
   3202  1292      339.0000  2832                    171.0000  1367009         
   3353  1532      339.0000  2649                    171.0000  1379090         
   3508  1671      340.0000  2555                    171.0000  1383757         
   3621  1774      400.0000  2769                    171.0000  1391800         
   3755  1937      425.0000  2595                    171.0000  1427294         
   3904  1974      340.0000  2890                    171.0000  1430525         
   4029  2212      339.0000  2920                    171.0000  1455400         
   4146  2247      339.0000  3781                    171.0000  1460143         
Elapsed time = 1610.71 sec. (1117934.81 ticks, tree = 628.77 MB, solutions = 0)
   4262  2370      464.0000  2857                    171.0000  1471762         
   4355  2517      339.0000  4096                    171.0000  1490645         
   4457  2590      339.0000  3771                    171.0000  1494262         
   4479  2611      567.0000  2731                    171.0000  1500966         
   4480  2621    infeasible                          171.0000  1499198         
   4485  2678    infeasible                          171.0000  1525978         
   4486  2681      508.0000  3006                    171.0000  1526937         
   4487  2490      715.0000  3225                    171.0000  1508066         

GUB cover cuts applied:  23
Clique cuts applied:  77
Cover cuts applied:  121
Implied bound cuts applied:  1105
Flow cuts applied:  78
Mixed integer rounding cuts applied:  2829
Zero-half cuts applied:  85
Lift and project cuts applied:  1
Gomory fractional cuts applied:  11

Root node processing (before b&c):
  Real time             =  314.35 sec. (232903.40 ticks)
Parallel b&c, 8 threads:
  Real time             = 1486.04 sec. (1037227.54 ticks)
  Sync time (average)   =  182.79 sec.
  Wait time (average)   =    0.52 sec.
                          ------------
Total (root+branch&cut) = 1800.39 sec. (1270130.95 ticks)
! --------------------------------------------------------
! Problem is UNKNOWN
! CPLEX Status = AbortTimeLim
! --------------------------------------------------------
