! Solving for graph /home/truongxuanhieu/CPLEX-MIP-for-MinSpanLabeling/benchmarks/abp/U-662_bus.mtx.rnd
! Target value is set to 330
! Lower bound is set to 331
! Upper bound is set to 993
! Time limit is set to 1800
! Vertices mode is set to No hole
! Target value mode is set to Antibandwidth
Version identifier: 22.2.0.0 | 2026-05-04 | 5dff98e58
CPXPARAM_TimeLimit                               1800
Tried aggregator 2 times.
MIP Presolve eliminated 908 rows and 1820 columns.
MIP Presolve modified 1314071 coefficients.
Aggregator did 3798 substitutions.
Reduced MIP has 7928 rows, 662481 columns, and 1986534 nonzeros.
Reduced MIP has 658438 binaries, 1569 generals, 0 SOSs, and 2474 indicators.
Presolve time = 4.46 sec. (3239.13 ticks)
Probing time = 2.38 sec. (971.48 ticks)
Tried aggregator 2 times.
Detecting symmetries...
Aggregator did 76 substitutions.
Reduced MIP has 7852 rows, 662405 columns, and 1986458 nonzeros.
Reduced MIP has 658438 binaries, 2155 generals, 0 SOSs, and 2474 indicators.
Presolve time = 4.54 sec. (1539.53 ticks)
Probing time = 0.49 sec. (128.83 ticks)
Clique table members: 11907.
MIP emphasis: balance optimality and feasibility.
MIP search method: dynamic search.
Parallel mode: deterministic, using up to 8 threads.
Root relaxation solution time = 26.17 sec. (10298.58 ticks)

        Nodes                                         Cuts/
   Node  Left     Objective  IInf  Best Integer    Best Bound    ItCnt     Gap

      0     0      331.0000   905                    331.0000       11         
      0     0      331.0000  3025                  Cuts: 2063     3439         
      0     0      331.0000  2344                  Cuts: 2021     8564         
      0     0      331.0000  2268                  Cuts: 2063    18085         
      0     0      331.0000  2293                  Cuts: 1608    30086         
Heuristic still looking.
Heuristic still looking.
      0     2      331.0000  2293                    331.0000    30086         
Elapsed time = 401.13 sec. (274404.54 ticks, tree = 0.02 MB, solutions = 0)
      1     3      331.0000  2252                    331.0000    30217         
      2     4      331.0000  2272                    331.0000    30782         
      3     5      331.0000  2275                    331.0000    31126         
      4     6      331.0000  2197                    331.0000    31608         
      5     3      331.0000  2293                    331.0000    30091         
      6     4      331.0000  2249                    331.0000    30241         
      7     7      331.0000  2176                    331.0000    31631         
      8     5      331.0000  2239                    331.0000    30817         
      9     8      331.0000  2444                    331.0000    34626         
     11    12      331.0000  2433                    331.0000    35088         
Elapsed time = 436.85 sec. (293805.16 ticks, tree = 0.29 MB, solutions = 0)
     14     6      331.0000  2206                    331.0000    32671         
     15    14      331.0000  2382                    331.0000    39738         
     17    10      331.0000  2280                    331.0000    35667         
     19     8      331.0000  2490                    331.0000    35178         
     22    17      331.0000  2448                    331.0000    40696         
     23    18      331.0000  2327                    331.0000    47743         
     25    23      331.0000  2424                    331.0000    59130         
     26    19      331.0000  2299                    331.0000    52773         
     27    27      337.0000  2811                    331.0000    64207         
     28    24      331.0000  2373                    331.0000    59259         
Elapsed time = 470.53 sec. (313093.41 ticks, tree = 2.24 MB, solutions = 0)
     34    33      331.0000  2243                    331.0000    68800         
     38    33      331.0000  2301                    331.0000    67862         
     45    36      331.0000  2352                    331.0000    71922         
     51    39      331.0000  2220                    331.0000    68374         
     55    25      331.0000  2501                    331.0000    63835         
     56    28      331.0000  2367                    331.0000    67669         
     60    40      444.0000  2509                    331.0000    77127         
     68    55      331.0000  2182                    331.0000    93270         
     72    59      331.0000  2130                    331.0000    93469         
     79    36      331.0000  2321                    331.0000    85886         
Elapsed time = 495.82 sec. (324890.64 ticks, tree = 3.52 MB, solutions = 0)
     83    37      337.0000  2796                    331.0000    86932         
     98    44      331.0000  2241                    331.0000    87074         
    113    70      331.0000  2069                    331.0000    96774         
    141    60      331.0000  2316                    331.0000   100806         
    151   116      331.0000  2155                    331.0000   127557         
    164    70      331.0000  2257                    331.0000   101101         
    183    77      331.0000  2072                    331.0000    98129         
    191   175      331.0000  2194                    331.0000   135985         
    197   136      331.0000  1996                    331.0000   135116         
    210   160      331.0000  2044                    331.0000   135944         
Elapsed time = 519.66 sec. (335541.11 ticks, tree = 33.78 MB, solutions = 0)
    217   181      331.0000  2435                    331.0000   138267         
    224   184      331.0000  2379                    331.0000   138391         
    238   191      331.0000  2257                    331.0000   138686         
    240   193      331.0000  2233                    331.0000   138860         
    247   200      331.0000  2176                    331.0000   139053         
    249   202      331.0000  2172                    331.0000   139590         
    252   233      331.0000  2150                    331.0000   155621         
    256   237      331.0000  2193                    331.0000   156271         
    260   241      386.0000  2514                    331.0000   157755         
    264   243      432.0000  2483                    331.0000   159455         
Elapsed time = 546.56 sec. (348428.54 ticks, tree = 45.35 MB, solutions = 0)
    270   248      331.0000  2174                    331.0000   191898         
    281   248      331.0000  2249                    331.0000   185509         
    284   249      331.0000  2278                    331.0000   186056         
    285   250      331.0000  2358                    331.0000   187894         
    287   252      331.0000  2222                    331.0000   188014         
    290   279      331.0000  2090                    331.0000   206035         
    301   283      331.0000  2054                    331.0000   206237         
    306   271      331.0000  2226                    331.0000   203162         
    310   295      331.0000  2063                    331.0000   211720         
    313   298      331.0000  1994                    331.0000   211850         
Elapsed time = 579.68 sec. (363329.38 ticks, tree = 57.49 MB, solutions = 0)
    318   272      331.0000  2203                    331.0000   204721         
    324   277      331.0000  2162                    331.0000   205076         
    327   302      331.0000  2139                    331.0000   219463         
    334   305      331.0000  2134                    331.0000   219752         
    338   117      331.0000  2111                    331.0000   146997         
    339   291      598.0000  2614                    331.0000   223763         
    340   190      498.0000  2475                    331.0000   149848         
    342   309      331.0000  2131                    331.0000   224541         
    343   285      331.0000  2035                    331.0000   206324         
    344   245      331.0000  2151                    331.0000   171901         
Elapsed time = 651.18 sec. (393539.02 ticks, tree = 46.42 MB, solutions = 0)
    345   321      661.0000  2539                    331.0000   284353         
    347   348      331.0000  2011                    331.0000   317773         
    349   350      331.0000  2075                    331.0000   318654         
    350   351      331.0000  2115                    331.0000   319252         
    355   356      331.0000  2037                    331.0000   319404         
    361   362      331.0000  1961                    331.0000   319583         
    362   324      661.0000  2632                    331.0000   296354         
    369   354      498.0000  2412                    331.0000   338851         
    374   356      498.0000  2403                    331.0000   338916         
    381   369      331.0000  1979                    331.0000   323976         
Elapsed time = 686.53 sec. (408440.62 ticks, tree = 76.32 MB, solutions = 0)
    387   362      498.0000  2397                    331.0000   339444         
    392   366      498.0000  2372                    331.0000   339563         
    398   372      498.0000  2362                    331.0000   339894         
    402   336      661.0000  2694                    331.0000   317942         
    404   374      438.0000  2412                    331.0000   336163         
    409   381      331.0000  1907                    331.0000   380939         
    414   320      658.0000  2602                    331.0000   263389         
    418   388      331.0000  1902                    331.0000   381877         
    420   344      661.0000  2609                    331.0000   319185         
    428   350      614.0000  2477                    331.0000   375905         
Elapsed time = 734.40 sec. (430091.48 ticks, tree = 69.63 MB, solutions = 0)
    432   346      661.0000  2536                    331.0000   324613         
    434   390      619.0000  2501                    331.0000   395981         
    439   401      331.0000  1877                    331.0000   485286         
    443   405      331.0000  1861                    331.0000   485391         
    444   406      331.0000  1962                    331.0000   486432         
    446   326      661.0000  2600                    331.0000   309095         
    452   388      608.0000  2591                    331.0000   437421         
    463   403      578.0000  2473                    331.0000   505776         
    470   412      431.0000  2454                    331.0000   518212         
    487   423      331.0000  2031                    331.0000   519580         
Elapsed time = 788.57 sec. (454106.15 ticks, tree = 93.21 MB, solutions = 0)
    499   417      446.1868  2973                    331.0000   541247         
    508   438      331.0000  2002                    331.0000   613815         
    525   442      331.0000  1971                    331.0000   615915         
    543   448      479.0000  2405                    331.0000   620226         
    559   465      331.0000  1918                    331.0000   675203         
    580   485      331.0000  2089                    331.0000   689974         
    612   494      578.0000  2418                    331.0000   689025         
    641   506      331.0000  2047                    331.0000   692659         
    657   489      331.0000  1954                    331.0000   685252         
    666   496      443.0000  2551                    331.0000   688137         
Elapsed time = 882.30 sec. (497155.41 ticks, tree = 115.39 MB, solutions = 0)
    671   547      331.0000  1912                    331.0000   720074         
    679   555      331.0000  1863                    331.0000   723486         
    692   510      661.0000  2526                    331.0000   702634         
    719   578      331.0000  1932                    331.0000   739089         
    747   600      331.0000  2069                    331.0000   786830         
    759   559      619.0000  2546                    331.0000   734161         
    773   663      331.0000  1851                    331.0000   810646         
    781   669      331.0000  1928                    331.0000   812408         
    792   618      434.0000  2392                    331.0000   795854         
    823   733      331.0000  1998                    331.0000   840094         
Elapsed time = 971.50 sec. (537551.71 ticks, tree = 188.53 MB, solutions = 0)
    840   737      331.0000  2001                    331.0000   841840         
    864   742      331.0000  2083                    331.0000   844014         
    867   745      331.0000  2060                    331.0000   846045         
    888   759      331.0000  1973                    331.0000   846871         
    897   768      331.0000  1928                    331.0000   847940         
    921   775      331.0000  1864                    331.0000   873323         
    945   869      331.0000  1969                    331.0000   915002         
    949   789      331.0000  1918                    331.0000   875414         
    954   793      331.0000  1892                    331.0000   877900         
    968   807      331.0000  1821                    331.0000   879111         
Elapsed time = 1069.37 sec. (580042.23 ticks, tree = 210.24 MB, solutions = 0)
    988   821      331.0000  1816                    331.0000   879866         
   1002   871      331.0000  1965                    331.0000   933904         
   1025   918      331.0000  1887                    331.0000  1079915         
   1047   890      464.0000  2291                    331.0000   993563         
   1057   829      661.0000  2576                    331.0000   935218         
   1066   874      661.0000  2534                    331.0000   952116         
   1076   770      628.0000  2563                    331.0000   896488         
   1078  1004      661.0000  2547                    331.0000  1151350         
   1092   945      381.0000  2150                    331.0000  1130470         
   1105  1078      381.0000  2167                    331.0000  1222180         
Elapsed time = 1197.37 sec. (633548.65 ticks, tree = 296.49 MB, solutions = 0)
   1117  1016      628.0000  2476                    331.0000  1182306         
   1120  1017      628.0000  2497                    331.0000  1183852         
   1127  1082      661.0000  2529                    331.0000  1276706         
   1136  1088      652.0000  2423                    331.0000  1295082         
   1148  1100      652.0000  2416                    331.0000  1295683         
   1174  1098      628.0000  2459                    331.0000  1301393         
   1189  1112      331.0000  1853                    331.0000  1341739         
   1199  1083      661.0000  2528                    331.0000  1276707         
   1200  1120      661.0000  2576                    331.0000  1323984         
   1207  1164      652.0000  2461                    331.0000  1406345         
Elapsed time = 1337.33 sec. (692167.82 ticks, tree = 325.39 MB, solutions = 0)
   1211  1167      652.0000  2399                    331.0000  1407642         
   1215  1117      661.0000  2548                    331.0000  1403501         
   1218  1181      661.0000  2571                    331.0000  1565001         
   1225  1170      652.0000  2486                    331.0000  1414781         
   1247  1227      590.0000  2341                    331.0000  1666373         
   1256  1194      661.0000  2606                    331.0000  1606723         
   1266  1216      652.0000  2436                    331.0000  1652389         
   1274  1223      652.0000  2429                    331.0000  1653803         
   1278  1200      661.0000  2514                    331.0000  1619872         
   1290  1234      652.0000  2401                    331.0000  1655892         
Elapsed time = 1449.69 sec. (741730.57 ticks, tree = 346.54 MB, solutions = 0)
   1297  1198      661.0000  2555                    331.0000  1614213         
   1298  1203      661.0000  2533                    331.0000  1666699         
   1302  1234      662.0000  2486                    331.0000  1790132         
   1305  1273      652.0000  2397                    331.0000  1850521         
   1310  1275      652.0000  2423                    331.0000  1851715         
   1317  1228      661.0000  2497                    331.0000  1796859         
   1320  1244      661.0000  2537                    331.0000  1850038         
   1323  1287      661.0000  2512                    331.0000  1885958         
   1329  1303      652.0000  2462                    331.0000  1935302         
   1335  1309      661.0000  2457                    331.0000  1938582         
Elapsed time = 1602.00 sec. (805040.90 ticks, tree = 370.49 MB, solutions = 0)
   1341  1245      661.0000  2551                    331.0000  1861921         
   1342  1304      662.0000  2509                    331.0000  1957830         
   1346  1293      661.0000  2456                    331.0000  1919586         
   1348  1306      661.0000  2615                    331.0000  1971090         
   1356  1323      661.0000  2535                    331.0000  2008283         
   1359  1311      652.0000  2367                    331.0000  1938821         
   1366  1308      662.0000  2532                    331.0000  1964476         
   1367  1317      661.0000  2451                    331.0000  2008752         
   1373  1326      661.0000  2537                    331.0000  2019044         
   1375  1317      661.0000  2518                    331.0000  2049184         
Elapsed time = 1730.37 sec. (858666.18 ticks, tree = 372.15 MB, solutions = 0)
   1377  1338      652.0000  2390                    331.0000  2055571         
   1381  1320      661.0000  2488                    331.0000  2022240         
   1382  1310      661.0000  2552                    331.0000  2015682         
   1384  1327      661.0000  2562                    331.0000  2028511         
   1390  1354      662.0000  2518                    331.0000  2149891         

Clique cuts applied:  136
Cover cuts applied:  241
Implied bound cuts applied:  2394
Mixed integer rounding cuts applied:  1120
Zero-half cuts applied:  443
Gomory fractional cuts applied:  36

Root node processing (before b&c):
  Real time             =  396.69 sec. (271106.11 ticks)
Parallel b&c, 8 threads:
  Real time             = 1403.72 sec. (624364.44 ticks)
  Sync time (average)   =  120.59 sec.
  Wait time (average)   =    0.00 sec.
                          ------------
Total (root+branch&cut) = 1800.41 sec. (895470.55 ticks)
! --------------------------------------------------------
! Problem is UNKNOWN
! CPLEX Status = AbortTimeLim
! --------------------------------------------------------
