! Solving for graph /home/truongxuanhieu/CPLEX-MIP-for-MinSpanLabeling/benchmarks/abp/W-685_bus.mtx.rnd
! Target value is set to 204
! Lower bound is set to 205
! Upper bound is set to 1028
! Time limit is set to 1800
! Vertices mode is set to No hole
! Target value mode is set to Antibandwidth
Version identifier: 22.2.0.0 | 2026-05-04 | 5dff98e58
CPXPARAM_TimeLimit                               1800
Tried aggregator 2 times.
MIP Presolve eliminated 1284 rows and 1884 columns.
MIP Presolve modified 1407537 coefficients.
Aggregator did 4619 substitutions.
Reduced MIP has 9582 rows, 710850 columns, and 2131403 nonzeros.
Reduced MIP has 705633 binaries, 1968 generals, 0 SOSs, and 3249 indicators.
Presolve time = 4.89 sec. (3742.38 ticks)
Probing time = 2.86 sec. (1025.78 ticks)
Tried aggregator 2 times.
Detecting symmetries...
Aggregator did 28 substitutions.
Reduced MIP has 9554 rows, 710822 columns, and 2131375 nonzeros.
Reduced MIP has 705633 binaries, 2625 generals, 0 SOSs, and 3249 indicators.
Presolve time = 4.92 sec. (1592.35 ticks)
Probing time = 0.65 sec. (138.83 ticks)
Clique table members: 12307.
MIP emphasis: balance optimality and feasibility.
MIP search method: dynamic search.
Parallel mode: deterministic, using up to 8 threads.
Root relaxation solution time = 24.25 sec. (8867.16 ticks)

        Nodes                                         Cuts/
   Node  Left     Objective  IInf  Best Integer    Best Bound    ItCnt     Gap

      0     0      205.0000  1280                    205.0000       10         
      0     0      205.0000  3655                  Cuts: 2488     1827         
      0     0      205.0000  2729                  Cuts: 2488     5081         
      0     0      205.0000  2554                  Cuts: 2488     9261         
      0     0      205.0000  2477                  Cuts: 2488    14235         
      0     0      205.0000  2619                  Cuts: 2025    20266         
Heuristic still looking.
      0     2      205.0000  2619                    205.0000    20266         
Elapsed time = 298.12 sec. (219386.80 ticks, tree = 0.02 MB, solutions = 0)
      1     3      205.0000  2606                    205.0000    20382         
      2     4      205.0000  2564                    205.0000    20990         
      3     5      205.0000  2505                    205.0000    21079         
      4     6      205.0000  2448                    205.0000    21218         
      5     7      205.0000  2397                    205.0000    21305         
      6     8      205.0000  2345                    205.0000    21399         
      9    11      205.0000  2317                    205.0000    21416         
     10    12      205.0000  2286                    205.0000    22295         
     12    14      205.0000  2262                    205.0000    22366         
     17     7      205.0000  2419                    205.0000    21392         
Elapsed time = 317.40 sec. (228516.89 ticks, tree = 0.02 MB, solutions = 0)
     19     5      205.0000  2518                    205.0000    21164         
     21     9      205.0000  2319                    205.0000    21459         
     22    21      205.0000  2358                    205.0000    29397         
     23    24      205.0000  2422                    205.0000    29835         
     25    23      205.0000  2642                    205.0000    29826         
     27    25      392.0000  3036                    205.0000    35422         
     28    22      205.0000  2568                    205.0000    30767         
     29    29      205.0000  2356                    205.0000    46307         
     31    27      205.0000  2335                    205.0000    38791         
     35    35      205.0000  2321                    205.0000    52997         
Elapsed time = 365.16 sec. (248248.89 ticks, tree = 5.92 MB, solutions = 0)
     39    32      378.0000  3033                    205.0000    56625         
     45    44      205.0000  2264                    205.0000    59936         
     48    30      205.0000  2529                    205.0000    51543         
     50    35      205.0000  2329                    205.0000    59183         
     51    50      205.0000  2264                    205.0000    72862         
     53    52      205.0000  2287                    205.0000    72856         
     61    57      205.0000  2188                    205.0000    73395         
     69    59      205.0000  2435                    205.0000    79814         
     76    63      205.0000  2377                    205.0000    79959         
     89    75      205.0000  2123                    205.0000    83820         
Elapsed time = 397.75 sec. (261744.81 ticks, tree = 16.05 MB, solutions = 0)
    103    84      205.0000  2058                    205.0000    83897         
    110    98      205.0000  2193                    205.0000    84454         
    112    94      205.0000  2359                    205.0000    91723         
    121   106      290.0000  3206                    205.0000    89915         
    126    99      205.0000  2565                    205.0000   103117         
    128    63      205.0000  2162                    205.0000    81038         
    135   123      205.0000  2105                    205.0000   109177         
    144   130      205.0000  2081                    205.0000   109211         
    151   136      205.0000  2032                    205.0000   109274         
    165   137      205.0000  2012                    205.0000   116432         
Elapsed time = 427.82 sec. (274425.61 ticks, tree = 30.37 MB, solutions = 0)
    170   141      205.0000  1986                    205.0000   116541         
    179   162      205.0000  1981                    205.0000   119857         
    187   167      205.0000  1965                    205.0000   120183         
    191   170      205.0000  1944                    205.0000   120799         
    194   181      358.0000  2883                    205.0000   125595         
    198   185      205.0000  1914                    205.0000   125873         
    212   188      205.0000  2128                    205.0000   122223         
    227   199      205.0000  2459                    205.0000   126627         
    250   205      205.0000  2411                    205.0000   126829         
    268   212      205.0000  2380                    205.0000   126872         
Elapsed time = 453.89 sec. (285286.80 ticks, tree = 48.79 MB, solutions = 0)
    272   216      205.0000  1861                    205.0000   127281         
    273   217      208.0000  2602                    205.0000   128606         
    286   259      205.0000  2053                    205.0000   142928         
    302   279      205.0000  2329                    205.0000   146548         
    316   242      205.0000  1834                    205.0000   140531         
    334   293      205.0000  1885                    205.0000   155121         
    340   243      369.0000  2880                    205.0000   144089         
    346   211      205.0000  2662                    205.0000   139692         
    358   303      341.0000  2484                    205.0000   163212         
    368   314      205.0000  2164                    205.0000   173958         
Elapsed time = 479.40 sec. (296131.14 ticks, tree = 81.02 MB, solutions = 0)
    374   307      341.0000  2465                    205.0000   166085         
    385   313      341.0000  2442                    205.0000   166166         
    395   351      205.0000  1997                    205.0000   186064         
    400   354      205.0000  1992                    205.0000   186514         
    403   357      205.0000  2043                    205.0000   187075         
    406   360      205.0000  2007                    205.0000   187352         
    414   361      205.0000  1874                    205.0000   194730         
    415   364      409.0000  2949                    205.0000   191315         
    417   387      321.0000  2703                    205.0000   214213         
    427   392      409.0000  2951                    205.0000   219563         
Elapsed time = 515.60 sec. (309071.85 ticks, tree = 107.77 MB, solutions = 0)
    431   420      205.0000  2162                    205.0000   229894         
    439   424      205.0000  1859                    205.0000   234691         
    449   429      205.0000  2107                    205.0000   230185         
    459   434      205.0000  2104                    205.0000   230438         
    466   435      205.0000  2148                    205.0000   230768         
    480   428      374.0000  2817                    205.0000   242304         
    490   443      205.0000  1825                    205.0000   236997         
    505   450      205.0000  1811                    205.0000   237107         
    520   454      205.0000  2064                    205.0000   243762         
    534   383      613.0000  2430                    205.0000   203073         
Elapsed time = 541.52 sec. (319400.39 ticks, tree = 105.61 MB, solutions = 0)
    548   452      409.0000  2613                    205.0000   243514         
    564   465      409.0000  2527                    205.0000   248482         
    575   529      409.0000  2559                    205.0000   251200         
    586   470      205.0000  2044                    205.0000   250850         
    598   510      409.0000  2309                    205.0000   251557         
    608   513      409.0000  2407                    205.0000   251717         
    624   519      409.0000  2306                    205.0000   251899         
    637   548      205.0000  2039                    205.0000   265536         
    652   594      393.0000  2566                    205.0000   269936         
    665   549      409.0000  2473                    205.0000   254216         
Elapsed time = 567.08 sec. (329408.30 ticks, tree = 166.15 MB, solutions = 0)
    681   643      578.0000  2588                    205.0000   277924         
    691   646      409.0000  2457                    205.0000   277999         
    705   606      409.0000  2490                    205.0000   272587         
    717   653      205.0000  2034                    205.0000   291494         
    730   659      409.0000  2438                    205.0000   278728         
    742   685      409.0000  2458                    205.0000   296438         
    754   638      567.0000  2425                    205.0000   279807         
    764   692      409.0000  2426                    205.0000   297153         
    774   697      409.0000  2381                    205.0000   297375         
    822   719      613.0000  2302                    205.0000   307204         
Elapsed time = 605.99 sec. (343316.43 ticks, tree = 226.93 MB, solutions = 0)
    871   803      613.0000  2491                    205.0000   330807         
    935   773      613.0000  2352                    205.0000   320796         
   1015   905      205.0000  1875                    205.0000   354670         
   1096   884      409.0000  2439                    205.0000   343127         
   1127   927      409.0000  2437                    205.0000   361503         
   1157  1092      409.0000  2411                    205.0000   374182         
   1177  1094      613.0000  2414                    205.0000   383356         
   1197  1150      409.0000  2417                    205.0000   393019         
   1224  1150      613.0000  2468                    205.0000   399106         
   1231  1172      409.0000  2383                    205.0000   396432         
Elapsed time = 705.87 sec. (383229.55 ticks, tree = 392.87 MB, solutions = 0)
   1233  1174      613.0000  2735                    205.0000   399402         
   1235  1122      715.0000  2504                    205.0000   393498         
   1252    47      205.0000  2378                    205.0000   108879         
   1262  1200      613.0000  2685                    205.0000   418003         
   1263  1202      613.0000  2719                    205.0000   460532         
   1279  1102      757.0000  2942                    205.0000   409649         
   1293  1226      613.0000  2296                    205.0000   490378         
   1298  1220      409.0000  3117                    205.0000   510243         
   1302  1234      613.0000  2433                    205.0000   515992         
   1307     8      205.0000  2394                    205.0000    21529         
Elapsed time = 867.30 sec. (447483.82 ticks, tree = 0.02 MB, solutions = 0)
   1308  1231      613.0000  2239                    205.0000   490663         
   1319  1241      205.0000  2492                    205.0000   560965         
   1334  1274      613.0000  2338                    205.0000   558565         
   1346  1267      409.0000  2724                    205.0000   579079         
   1352  1268      409.0000  2670                    205.0000   585664         
   1372  1303      613.0000  2335                    205.0000   620422         
   1387  1312      613.0000  2254                    205.0000   621379         
   1394  1275      409.0000  2625                    205.0000   585747         
   1407  1312      409.0000  2537                    205.0000   646333         
   1420  1325      613.0000  2553                    205.0000   648526         
Elapsed time = 998.92 sec. (498560.31 ticks, tree = 431.86 MB, solutions = 0)
   1427  1331      613.0000  2533                    205.0000   652583         
   1439  1343      613.0000  2413                    205.0000   653487         
   1440   963      817.0000  3055                    205.0000   430842         
   1455  1328      613.0000  2151                    205.0000   726745         
   1474  1326      409.0000  2526                    205.0000   738016         
   1491  1343      510.0000  2452                    205.0000   740269         
   1494  1191      817.0000  3096                    205.0000   473491         
   1498  1346      409.0000  2397                    205.0000   740496         
   1508  1337      817.0000  3111                    205.0000   771735         
   1519  1393      613.0000  2102                    205.0000   856797         
Elapsed time = 1342.29 sec. (622234.42 ticks, tree = 457.35 MB, solutions = 0)
   1526  1369      409.0000  2371                    205.0000   812962         
   1539  1407      613.0000  2439                    205.0000   970819         
   1547  1415      613.0000  2391                    205.0000   974656         
   1556  1424      409.0000  2271                    205.0000   978326         
   1562  1430      613.0000  2363                    205.0000   982372         
   1567  1317      817.0000  3085                    205.0000   683768         
   1568  1435      613.0000  2365                    205.0000   987441         
   1570  1477      613.0000  2320                    205.0000  1127382         
   1589  1491      613.0000  2208                    205.0000  1158971         
   1591  1486      613.0000  2314                    205.0000  1127689         
Elapsed time = 1597.53 sec. (714066.56 ticks, tree = 492.22 MB, solutions = 0)
   1593  1284      817.0000  3182                    205.0000   685900         
   1594  1407      817.0000  3335                    205.0000  1114281         
   1595  1344      817.0000  3047                    205.0000   789710         

Clique cuts applied:  205
Cover cuts applied:  1067
Implied bound cuts applied:  2977
Mixed integer rounding cuts applied:  1699
Zero-half cuts applied:  521
Gomory fractional cuts applied:  53

Root node processing (before b&c):
  Real time             =  295.20 sec. (217522.26 ticks)
Parallel b&c, 8 threads:
  Real time             = 1505.39 sec. (582660.87 ticks)
  Sync time (average)   =   93.28 sec.
  Wait time (average)   =    0.00 sec.
                          ------------
Total (root+branch&cut) = 1800.59 sec. (800183.13 ticks)
! --------------------------------------------------------
! Problem is UNKNOWN
! CPLEX Status = AbortTimeLim
! --------------------------------------------------------
